0 28 4096 64
100 38 4096 67
200 31 4096 70
300 29 4096 75
400 40 4096 70
500 10 4096 64
600 6 4096 63
700 44 4096 63
800 8 4096 60
900 21 4096 78
1000 41 4096 69
1100 37 4096 67
1200 35 4096 69
1300 25 4096 76
1400 39 4096 76
1500 17 4096 64
1600 26 4096 67
1699 1 4096 63
1797 7 4096 93
1894 43 4096 75
1989 19 4096 82
2081 18 4096 69
2169 34 4096 61
2251 20 4096 67
2327 5 4096 45
2394 46 4096 79
2452 24 4096 79
2501 12 4096 79
2540 42 4096 67
2571 3 4096 79
2594 36 4096 61
2612 9 4096 63
2628 14 4096 72
2644 13 4096 67
2662 30 4096 84
2685 4 4096 79
2715 16 4096 78
2752 15 4096 70
2798 23 4096 82
2852 27 4096 66
2915 2 4096 43
2985 11 4096 70
3062 22 4096 85
3144 45 4096 72
3231 33 4096 79
3321 32 4096 91
3414 37 4096 64
3509 23 4096 64
3606 26 4096 69
3704 5 4096 90
3803 15 4096 73
3902 27 4096 73
4001 42 4096 78
4101 30 4096 57
4201 8 4096 81
4301 38 4096 57
4401 25 4096 61
4501 12 4096 72
4601 18 4096 75
4701 41 4096 72
4801 32 4096 76
4901 13 4096 61
5001 4 4096 79
5101 29 4096 69
5201 44 4096 70
5301 31 4096 72
5401 28 4096 72
5501 11 4096 82
5601 16 4096 69
5701 36 4096 61
5801 19 4096 63
5901 9 4096 66
6001 17 4096 63
6101 1 4096 63
6201 43 4096 81
6301 24 4096 90
6401 14 4096 61
6501 45 4096 64
6601 21 4096 60
6701 10 4096 72
6801 6 4096 60
6901 39 4096 61
7001 46 4096 76
7101 2 4096 63
7201 20 4096 67
7301 35 4096 90
7401 7 4096 58
7501 33 4096 75
7601 3 4096 46
7701 22 4096 75
7801 40 4096 67
7901 34 4096 75
8001 7 4096 85
8101 37 4096 61
8201 45 4096 69
8301 36 4096 78
8401 26 4096 57
8501 39 4096 75
8601 40 4096 72
8701 46 4096 90
8801 34 4096 79
8901 5 4096 66
9001 6 4096 57
9101 25 4096 66
9201 28 4096 57
9301 17 4096 63
9401 24 4096 78
9501 8 4096 90
9601 23 4096 66
9701 30 4096 70
9801 14 4096 79
9901 41 4096 63
10001 43 4096 81
10101 4 4096 64
10201 19 4096 52
10301 27 4096 75
10401 35 4096 64
10501 1 4096 72
10601 3 4096 82
10701 2 4096 70
10801 20 4096 79
10901 22 4096 64
11001 32 4096 93
11101 13 4096 75
11201 38 4096 73
11301 10 4096 99
11401 15 4096 91
11501 16 4096 57
