0 23 4096 21
100 25 4096 22
200 26 4096 23
300 40 4096 25
400 45 4096 23
500 33 4096 21
600 44 4096 21
700 34 4096 21
800 7 4096 20
900 18 4096 26
1000 35 4096 23
1100 3 4096 22
1200 27 4096 23
1300 30 4096 25
1400 11 4096 25
1500 38 4096 21
1600 37 4096 22
1699 16 4096 21
1797 28 4096 31
1894 9 4096 25
1989 20 4096 27
2081 29 4096 23
2169 8 4096 20
2251 46 4096 22
2327 6 4096 15
2394 22 4096 26
2452 32 4096 26
2501 15 4096 26
2540 4 4096 22
2571 1 4096 26
2594 42 4096 20
2612 43 4096 21
2628 17 4096 24
2644 2 4096 22
2662 31 4096 28
2685 21 4096 26
2715 19 4096 26
2752 14 4096 23
2798 47 4096 27
2852 13 4096 22
2915 10 4096 14
2985 39 4096 23
3062 41 4096 28
3144 5 4096 24
3231 39 4096 26
3321 34 4096 30
3414 45 4096 21
3509 3 4096 21
3606 28 4096 23
3704 13 4096 30
3803 26 4096 24
3902 7 4096 24
4001 10 4096 26
4101 4 4096 19
4201 29 4096 27
4301 20 4096 19
4401 19 4096 20
4501 38 4096 24
4601 43 4096 25
4701 14 4096 24
4801 21 4096 25
4901 37 4096 20
5001 31 4096 26
5101 27 4096 23
5201 9 4096 23
5301 6 4096 24
5401 8 4096 24
5501 15 4096 27
5601 47 4096 23
5701 2 4096 20
5801 25 4096 21
5901 44 4096 22
6001 22 4096 21
6101 16 4096 21
6201 35 4096 27
6301 18 4096 30
6401 33 4096 20
6501 30 4096 21
6601 23 4096 20
6701 1 4096 24
6801 5 4096 20
6901 46 4096 20
7001 17 4096 25
7101 42 4096 21
7201 11 4096 22
7301 32 4096 30
7401 41 4096 19
7501 40 4096 25
7601 14 4096 15
7701 17 4096 25
7801 3 4096 22
7901 38 4096 25
8001 34 4096 28
8101 18 4096 20
8201 44 4096 23
8301 42 4096 26
8401 41 4096 19
8501 8 4096 25
8601 6 4096 24
8701 10 4096 30
8801 4 4096 26
8901 43 4096 22
9001 1 4096 19
9101 26 4096 22
9201 33 4096 19
9301 29 4096 21
9401 35 4096 26
9501 19 4096 30
9601 23 4096 22
9701 21 4096 23
9801 7 4096 26
9901 47 4096 21
10001 9 4096 27
10101 11 4096 21
10201 5 4096 17
10301 40 4096 25
10401 30 4096 21
10501 2 4096 24
10601 20 4096 27
10701 46 4096 23
10801 31 4096 26
10901 39 4096 21
11001 27 4096 31
11101 25 4096 25
11201 37 4096 24
11301 28 4096 33
11401 22 4096 30
11501 16 4096 19
