0 14 4096 32
100 27 4096 33
200 1 4096 35
300 43 4096 37
400 12 4096 35
500 35 4096 32
600 17 4096 31
700 32 4096 31
800 13 4096 30
900 40 4096 39
1000 7 4096 34
1100 25 4096 33
1200 5 4096 34
1300 34 4096 38
1400 22 4096 38
1500 30 4096 32
1600 2 4096 33
1699 33 4096 31
1797 10 4096 46
1894 24 4096 37
1989 4 4096 41
2081 29 4096 34
2169 11 4096 30
2251 46 4096 33
2327 9 4096 22
2394 28 4096 39
2452 8 4096 39
2501 37 4096 39
2540 19 4096 33
2571 45 4096 39
2594 3 4096 30
2612 36 4096 31
2628 23 4096 36
2644 31 4096 33
2662 18 4096 42
2685 42 4096 39
2715 20 4096 39
2752 44 4096 35
2798 21 4096 41
2852 39 4096 33
2915 16 4096 21
2985 38 4096 35
3062 15 4096 42
3144 41 4096 36
3231 6 4096 39
3321 26 4096 45
3414 22 4096 32
3509 39 4096 32
3606 11 4096 34
3704 42 4096 45
3803 9 4096 36
3902 43 4096 36
4001 1 4096 39
4101 35 4096 28
4201 8 4096 40
4301 24 4096 28
4401 2 4096 30
4501 25 4096 36
4601 12 4096 37
4701 30 4096 36
4801 16 4096 38
4901 36 4096 30
5001 23 4096 39
5101 37 4096 34
5201 7 4096 35
5301 41 4096 36
5401 13 4096 36
5501 31 4096 41
5601 18 4096 34
5701 26 4096 30
5801 5 4096 31
5901 45 4096 33
6001 10 4096 31
6101 33 4096 31
6201 15 4096 40
6301 28 4096 45
6401 6 4096 30
6501 32 4096 32
6601 14 4096 30
6701 34 4096 36
6801 4 4096 30
6901 38 4096 30
7001 17 4096 38
7101 29 4096 31
7201 20 4096 33
7301 27 4096 45
7401 3 4096 29
7501 46 4096 37
7601 19 4096 23
7701 40 4096 37
7801 21 4096 33
7901 44 4096 37
8001 11 4096 42
8101 38 4096 30
8201 8 4096 34
8301 40 4096 39
8401 12 4096 28
8501 41 4096 37
8601 13 4096 36
8701 39 4096 45
8801 9 4096 39
8901 30 4096 33
9001 21 4096 28
9101 24 4096 33
9201 2 4096 28
9301 32 4096 31
9401 4 4096 39
9501 42 4096 45
9601 7 4096 33
9701 34 4096 35
9801 14 4096 39
9901 26 4096 31
10001 10 4096 40
10101 28 4096 32
10201 6 4096 26
10301 35 4096 37
10401 16 4096 32
10501 37 4096 36
10601 1 4096 41
10701 25 4096 35
10801 15 4096 39
10901 31 4096 32
11001 3 4096 46
11101 46 4096 37
11201 18 4096 36
11301 27 4096 49
11401 17 4096 45
11501 33 4096 28
