0 26 4096 21
100 30 4096 22
200 9 4096 23
300 39 4096 25
400 18 4096 23
500 46 4096 21
600 24 4096 21
700 28 4096 21
800 34 4096 20
900 14 4096 26
1000 40 4096 23
1100 23 4096 22
1200 2 4096 23
1300 29 4096 25
1400 32 4096 25
1500 13 4096 21
1600 41 4096 22
1699 21 4096 21
1797 27 4096 31
1894 7 4096 25
1989 11 4096 27
2081 36 4096 23
2169 19 4096 20
2251 22 4096 22
2327 25 4096 15
2394 6 4096 26
2452 10 4096 26
2501 37 4096 26
2540 43 4096 22
2571 47 4096 26
2594 1 4096 20
2612 31 4096 21
2628 33 4096 24
2644 38 4096 22
2662 42 4096 28
2685 45 4096 26
2715 3 4096 26
2752 5 4096 23
2798 35 4096 27
2852 15 4096 22
2915 17 4096 14
2985 44 4096 23
3062 27 4096 28
3144 30 4096 24
3231 32 4096 26
3321 38 4096 30
3414 43 4096 21
3509 45 4096 21
3606 2 4096 23
3704 6 4096 30
3803 33 4096 24
3902 13 4096 24
4001 19 4096 26
4101 44 4096 19
4201 24 4096 27
4301 31 4096 19
4401 34 4096 20
4501 39 4096 24
4601 18 4096 25
4701 47 4096 24
4801 1 4096 25
4901 28 4096 20
5001 11 4096 26
5101 37 4096 23
5201 17 4096 23
5301 21 4096 24
5401 26 4096 24
5501 5 4096 27
5601 9 4096 23
5701 36 4096 20
5801 40 4096 21
5901 46 4096 22
6001 25 4096 21
6101 7 4096 21
6201 10 4096 27
6301 15 4096 30
6401 42 4096 20
6501 22 4096 21
6601 3 4096 20
6701 29 4096 24
6801 35 4096 20
6901 14 4096 20
7001 41 4096 25
7101 23 4096 21
7201 3 4096 22
7301 31 4096 30
7401 33 4096 19
7501 39 4096 25
7601 18 4096 15
7701 45 4096 25
7801 1 4096 22
7901 30 4096 25
8001 32 4096 28
8101 13 4096 20
8201 41 4096 23
8301 47 4096 26
8401 2 4096 19
8501 7 4096 25
8601 34 4096 24
8701 15 4096 30
8801 42 4096 26
8901 44 4096 22
9001 26 4096 19
9101 5 4096 22
9201 11 4096 19
9301 36 4096 21
9401 17 4096 26
9501 22 4096 30
9601 24 4096 22
9701 28 4096 23
9801 9 4096 26
9901 38 4096 21
10001 43 4096 27
10101 46 4096 21
10201 25 4096 17
10301 29 4096 25
10401 10 4096 21
10501 37 4096 24
10601 40 4096 27
10701 21 4096 23
10801 27 4096 26
10901 6 4096 21
11001 35 4096 31
11101 14 4096 25
11201 19 4096 24
11301 23 4096 33
11401 2 4096 30
11501 7 4096 19
