0 4 4096 43
100 47 4096 45
200 24 4096 47
300 8 4096 50
400 37 4096 47
500 10 4096 43
600 25 4096 42
700 45 4096 42
800 11 4096 40
900 36 4096 52
1000 5 4096 46
1100 6 4096 45
1200 39 4096 46
1300 9 4096 51
1400 22 4096 51
1500 23 4096 43
1600 26 4096 45
1699 27 4096 42
1797 35 4096 62
1894 38 4096 50
1989 41 4096 55
2081 43 4096 46
2169 46 4096 41
2251 7 4096 45
2327 16 4096 30
2394 17 4096 53
2452 18 4096 53
2501 20 4096 53
2540 21 4096 45
2571 29 4096 53
2594 33 4096 41
2612 34 4096 42
2628 40 4096 48
2644 42 4096 45
2662 44 4096 56
2685 19 4096 53
2715 28 4096 52
2752 30 4096 47
2798 31 4096 55
2852 32 4096 44
2915 4 4096 29
2985 47 4096 47
3062 24 4096 57
3144 8 4096 48
3231 37 4096 53
3321 10 4096 61
3414 25 4096 43
3509 45 4096 43
3606 11 4096 46
3704 36 4096 60
3803 5 4096 49
3902 6 4096 49
4001 39 4096 52
4101 9 4096 38
4201 22 4096 54
4301 23 4096 38
4401 26 4096 41
4501 27 4096 48
4601 35 4096 50
4701 38 4096 48
4801 41 4096 51
4901 43 4096 41
5001 46 4096 53
5101 7 4096 46
5201 16 4096 47
5301 17 4096 48
5401 18 4096 48
5501 20 4096 55
5601 21 4096 46
5701 29 4096 41
5801 33 4096 42
5901 34 4096 44
6001 40 4096 42
6101 42 4096 42
6201 44 4096 54
6301 19 4096 60
6401 28 4096 41
6501 30 4096 43
6601 31 4096 40
6701 32 4096 48
6801 4 4096 40
6901 47 4096 41
7001 24 4096 51
7101 8 4096 42
7201 37 4096 45
7301 10 4096 60
7401 25 4096 39
7501 45 4096 50
7601 11 4096 31
7701 36 4096 50
7801 5 4096 45
7901 6 4096 50
8001 39 4096 57
8101 9 4096 41
8201 22 4096 46
8301 23 4096 52
8401 26 4096 38
8501 27 4096 50
8601 35 4096 48
8701 38 4096 60
8801 41 4096 53
8901 43 4096 44
9001 46 4096 38
9101 7 4096 44
9201 16 4096 38
9301 17 4096 42
9401 18 4096 52
9501 20 4096 60
9601 21 4096 44
9701 29 4096 47
9801 33 4096 53
9901 34 4096 42
10001 40 4096 54
10101 42 4096 43
10201 44 4096 35
10301 19 4096 50
10401 28 4096 43
10501 30 4096 48
10601 31 4096 55
10701 32 4096 47
10801 4 4096 53
10901 47 4096 43
11001 24 4096 62
11101 8 4096 50
11201 37 4096 49
11301 10 4096 66
11401 25 4096 61
11501 45 4096 38
