0 39 4096 32
100 44 4096 33
200 29 4096 35
300 20 4096 37
400 19 4096 35
500 47 4096 32
600 10 4096 31
700 45 4096 31
800 30 4096 30
900 46 4096 39
1000 33 4096 34
1100 17 4096 33
1200 7 4096 34
1300 32 4096 38
1400 27 4096 38
1500 16 4096 32
1600 15 4096 33
1699 37 4096 31
1797 23 4096 46
1894 40 4096 37
1989 25 4096 41
2081 41 4096 34
2169 5 4096 30
2251 42 4096 33
2327 28 4096 22
2394 22 4096 39
2452 34 4096 39
2501 4 4096 39
2540 9 4096 33
2571 43 4096 39
2594 6 4096 30
2612 13 4096 31
2628 8 4096 36
2644 1 4096 33
2662 3 4096 42
2685 18 4096 39
2715 11 4096 39
2752 35 4096 35
2798 31 4096 41
2852 21 4096 33
2915 27 4096 21
2985 15 4096 35
3062 7 4096 42
3144 30 4096 36
3231 4 4096 39
3321 25 4096 45
3414 5 4096 32
3509 6 4096 32
3606 13 4096 34
3704 39 4096 45
3803 34 4096 36
3902 46 4096 36
4001 20 4096 39
4101 23 4096 28
4201 42 4096 40
4301 28 4096 28
4401 47 4096 30
4501 41 4096 36
4601 35 4096 37
4701 17 4096 36
4801 22 4096 38
4901 31 4096 30
5001 45 4096 39
5101 37 4096 34
5201 19 4096 35
5301 44 4096 36
5401 32 4096 36
5501 29 4096 41
5601 11 4096 34
5701 33 4096 30
5801 43 4096 31
5901 1 4096 33
6001 9 4096 31
6101 16 4096 31
6201 8 4096 40
6301 40 4096 45
6401 21 4096 30
6501 3 4096 32
6601 18 4096 30
6701 10 4096 36
6801 6 4096 30
6901 43 4096 30
7001 22 4096 38
7101 47 4096 31
7201 8 4096 33
7301 20 4096 45
7401 9 4096 29
7501 5 4096 37
7601 15 4096 23
7701 21 4096 37
7801 10 4096 33
7901 13 4096 37
8001 42 4096 42
8101 33 4096 30
8201 4 4096 34
8301 3 4096 39
8401 28 4096 28
8501 29 4096 37
8601 18 4096 36
8701 16 4096 45
8801 27 4096 39
8901 44 4096 33
9001 11 4096 28
9101 45 4096 33
9201 35 4096 28
9301 32 4096 31
9401 39 4096 39
9501 40 4096 45
9601 17 4096 33
9701 1 4096 35
9801 30 4096 39
9901 41 4096 31
10001 7 4096 40
10101 46 4096 32
10201 25 4096 26
10301 23 4096 37
10401 34 4096 32
10501 19 4096 36
10601 37 4096 41
10701 31 4096 35
10801 25 4096 39
10901 43 4096 32
11001 40 4096 46
11101 21 4096 37
11201 39 4096 36
11301 1 4096 49
11401 33 4096 45
11501 6 4096 28
