0 19 4096 64
99 8 4096 67
176 34 4096 70
266 6 4096 75
321 35 4096 70
403 16 4096 64
503 38 4096 63
566 40 4096 63
646 10 4096 60
706 2 4096 78
778 17 4096 69
828 14 4096 67
925 23 4096 69
1021 42 4096 76
1095 44 4096 76
1181 45 4096 64
1232 43 4096 67
1312 33 4096 63
1406 3 4096 93
1487 7 4096 75
1552 30 4096 82
1649 28 4096 69
1708 46 4096 61
1782 4 4096 67
1870 31 4096 45
1941 22 4096 79
2029 41 4096 79
2120 18 4096 79
2188 27 4096 67
2249 21 4096 79
2310 47 4096 61
2372 9 4096 63
2453 39 4096 72
2503 32 4096 67
2563 29 4096 84
2619 26 4096 79
2674 20 4096 78
2768 11 4096 70
2830 5 4096 82
2885 15 4096 66
2964 27 4096 43
3035 7 4096 70
3126 6 4096 85
3216 18 4096 72
3293 8 4096 79
3344 31 4096 91
3442 43 4096 64
3496 32 4096 64
3595 14 4096 69
3656 15 4096 90
3746 39 4096 73
3802 30 4096 73
3852 23 4096 78
3945 34 4096 57
4024 16 4096 81
4086 41 4096 57
4160 4 4096 61
4249 10 4096 72
4310 45 4096 75
4410 3 4096 72
4510 11 4096 76
4571 47 4096 61
4637 42 4096 79
4713 21 4096 69
4805 46 4096 70
4901 26 4096 72
4960 5 4096 72
5034 35 4096 82
5133 17 4096 69
5203 20 4096 61
5274 9 4096 63
5360 38 4096 66
5454 22 4096 63
5511 33 4096 63
5586 19 4096 81
5671 29 4096 90
5732 40 4096 61
5808 44 4096 64
5888 2 4096 60
5950 28 4096 72
6042 34 4096 60
6125 29 4096 61
6176 39 4096 76
6250 38 4096 63
6303 26 4096 67
6371 44 4096 90
6448 10 4096 58
6532 21 4096 75
6591 14 4096 46
6671 32 4096 75
6745 28 4096 67
6840 3 4096 75
6916 15 4096 85
6979 20 4096 61
7030 46 4096 69
7093 31 4096 78
7149 16 4096 57
7231 42 4096 75
7291 33 4096 72
7379 47 4096 90
7459 22 4096 79
7546 19 4096 66
7611 27 4096 57
7696 8 4096 66
7779 17 4096 57
7852 23 4096 63
7903 18 4096 78
7969 45 4096 90
8069 2 4096 66
8123 43 4096 70
8208 4 4096 79
8274 5 4096 63
8364 30 4096 81
8444 41 4096 64
8543 40 4096 52
8594 6 4096 75
8666 11 4096 64
8731 35 4096 72
8794 9 4096 82
8869 7 4096 70
8926 15 4096 79
9019 4 4096 64
9115 30 4096 93
9203 14 4096 75
9270 41 4096 73
9370 29 4096 99
9428 9 4096 91
9522 44 4096 57
