0 1 4096 64
100 11 4096 67
200 45 4096 70
300 15 4096 75
400 5 4096 70
500 34 4096 64
600 44 4096 63
700 47 4096 63
800 29 4096 60
900 27 4096 78
1000 37 4096 69
1100 19 4096 67
1200 9 4096 69
1300 30 4096 76
1400 40 4096 76
1500 43 4096 64
1600 33 4096 67
1699 26 4096 63
1797 13 4096 93
1894 42 4096 75
1989 4 4096 82
2081 7 4096 69
2169 21 4096 61
2251 46 4096 67
2327 24 4096 45
2394 6 4096 79
2452 20 4096 79
2501 18 4096 79
2540 8 4096 67
2571 35 4096 79
2594 41 4096 61
2612 38 4096 63
2628 28 4096 72
2644 3 4096 67
2662 16 4096 84
2685 22 4096 79
2715 25 4096 78
2752 31 4096 70
2798 36 4096 82
2852 23 4096 66
2915 32 4096 43
2985 10 4096 70
3062 17 4096 85
3144 39 4096 72
3231 32 4096 79
3321 10 4096 91
3414 13 4096 64
3509 47 4096 64
3606 5 4096 69
3704 34 4096 90
3803 36 4096 73
3902 42 4096 73
4001 8 4096 78
4101 3 4096 57
4201 45 4096 81
4301 22 4096 57
4401 29 4096 61
4501 6 4096 72
4601 41 4096 75
4701 39 4096 72
4801 24 4096 76
4901 27 4096 61
5001 16 4096 79
5101 23 4096 69
5201 1 4096 70
5301 35 4096 72
5401 40 4096 72
5501 15 4096 82
5601 25 4096 69
5701 11 4096 61
5801 37 4096 63
5901 46 4096 66
6001 33 4096 63
6101 26 4096 63
6201 17 4096 81
6301 38 4096 90
6401 9 4096 61
6501 30 4096 64
6601 44 4096 60
6701 18 4096 72
6801 28 4096 60
6901 7 4096 61
7001 20 4096 76
7101 43 4096 63
7201 4 4096 67
7301 31 4096 90
7401 21 4096 58
7501 19 4096 75
7601 1 4096 46
7701 35 4096 75
7801 41 4096 67
7901 42 4096 75
8001 32 4096 85
8101 30 4096 61
8201 13 4096 69
8301 22 4096 78
8401 8 4096 57
8501 31 4096 75
8601 16 4096 72
8701 23 4096 90
8801 33 4096 79
8901 10 4096 66
9001 44 4096 57
9101 15 4096 66
9201 28 4096 57
9301 34 4096 63
9401 36 4096 78
9501 39 4096 90
9601 4 4096 66
9701 3 4096 70
9801 20 4096 79
9901 38 4096 63
10001 25 4096 81
10101 6 4096 64
10201 17 4096 52
10301 19 4096 75
10401 29 4096 64
10501 27 4096 72
10601 45 4096 82
10701 43 4096 70
10801 24 4096 79
10901 7 4096 64
11001 40 4096 93
11101 46 4096 75
11201 9 4096 73
11301 11 4096 99
11401 21 4096 91
11501 18 4096 57
