0 26 4096 43
100 30 4096 45
200 9 4096 47
300 39 4096 50
400 18 4096 47
500 46 4096 43
600 24 4096 42
700 28 4096 42
800 34 4096 40
900 14 4096 52
1000 40 4096 46
1100 23 4096 45
1200 2 4096 46
1300 29 4096 51
1400 32 4096 51
1500 13 4096 43
1600 41 4096 45
1699 21 4096 42
1797 27 4096 62
1894 7 4096 50
1989 11 4096 55
2081 36 4096 46
2169 19 4096 41
2251 22 4096 45
2327 25 4096 30
2394 6 4096 53
2452 10 4096 53
2501 37 4096 53
2540 43 4096 45
2571 47 4096 53
2594 1 4096 41
2612 31 4096 42
2628 33 4096 48
2644 38 4096 45
2662 42 4096 56
2685 45 4096 53
2715 3 4096 52
2752 5 4096 47
2798 35 4096 55
2852 15 4096 44
2915 17 4096 29
2985 44 4096 47
3062 27 4096 57
3144 30 4096 48
3231 32 4096 53
3321 38 4096 61
3414 43 4096 43
3509 45 4096 43
3606 2 4096 46
3704 6 4096 60
3803 33 4096 49
3902 13 4096 49
4001 19 4096 52
4101 44 4096 38
4201 24 4096 54
4301 31 4096 38
4401 34 4096 41
4501 39 4096 48
4601 18 4096 50
4701 47 4096 48
4801 1 4096 51
4901 28 4096 41
5001 11 4096 53
5101 37 4096 46
5201 17 4096 47
5301 21 4096 48
5401 26 4096 48
5501 5 4096 55
5601 9 4096 46
5701 36 4096 41
5801 40 4096 42
5901 46 4096 44
6001 25 4096 42
6101 7 4096 42
6201 10 4096 54
6301 15 4096 60
6401 42 4096 41
6501 22 4096 43
6601 3 4096 40
6701 29 4096 48
6801 35 4096 40
6901 14 4096 41
7001 41 4096 51
7101 23 4096 42
7201 3 4096 45
7301 31 4096 60
7401 33 4096 39
7501 39 4096 50
7601 18 4096 31
7701 45 4096 50
7801 1 4096 45
7901 30 4096 50
8001 32 4096 57
8101 13 4096 41
8201 41 4096 46
8301 47 4096 52
8401 2 4096 38
8501 7 4096 50
8601 34 4096 48
8701 15 4096 60
8801 42 4096 53
8901 44 4096 44
9001 26 4096 38
9101 5 4096 44
9201 11 4096 38
9301 36 4096 42
9401 17 4096 52
9501 22 4096 60
9601 24 4096 44
9701 28 4096 47
9801 9 4096 53
9901 38 4096 42
10001 43 4096 54
10101 46 4096 43
10201 25 4096 35
10301 29 4096 50
10401 10 4096 43
10501 37 4096 48
10601 40 4096 55
10701 21 4096 47
10801 27 4096 53
10901 6 4096 43
11001 35 4096 62
11101 14 4096 50
11201 19 4096 49
11301 23 4096 66
11401 2 4096 61
11501 7 4096 38
