0 23 4096 32
100 40 4096 33
200 33 4096 35
300 24 4096 37
400 38 4096 35
500 32 4096 32
600 19 4096 31
700 14 4096 31
800 17 4096 30
900 39 4096 39
1000 2 4096 34
1100 26 4096 33
1200 5 4096 34
1300 10 4096 38
1400 46 4096 38
1500 18 4096 32
1600 1 4096 33
1699 45 4096 31
1797 36 4096 46
1894 42 4096 37
1989 25 4096 41
2081 11 4096 34
2169 35 4096 30
2251 15 4096 33
2327 27 4096 22
2394 22 4096 39
2452 31 4096 39
2501 21 4096 39
2540 44 4096 33
2571 16 4096 39
2594 7 4096 30
2612 28 4096 31
2628 8 4096 36
2644 43 4096 33
2662 6 4096 42
2685 41 4096 39
2715 3 4096 39
2752 34 4096 35
2798 13 4096 41
2852 29 4096 33
2915 30 4096 21
2985 9 4096 35
3062 20 4096 42
3144 12 4096 36
3231 37 4096 39
3321 4 4096 45
3414 27 4096 32
3509 33 4096 32
3606 28 4096 34
3704 25 4096 45
3803 40 4096 36
3902 12 4096 36
4001 24 4096 39
4101 19 4096 28
4201 15 4096 40
4301 3 4096 28
4401 8 4096 30
4501 31 4096 36
4601 39 4096 37
4701 22 4096 36
4801 17 4096 38
4901 5 4096 30
5001 26 4096 39
5101 43 4096 34
5201 23 4096 35
5301 10 4096 36
5401 18 4096 36
5501 21 4096 41
5601 1 4096 34
5701 32 4096 30
5801 37 4096 31
5901 42 4096 33
6001 20 4096 31
6101 30 4096 31
6201 38 4096 40
6301 35 4096 45
6401 13 4096 30
6501 36 4096 32
6601 2 4096 30
6701 14 4096 36
6801 9 4096 30
6901 29 4096 30
7001 41 4096 38
7101 6 4096 31
7201 44 4096 33
7301 16 4096 45
7401 46 4096 29
7501 45 4096 37
7601 11 4096 23
7701 7 4096 37
7801 4 4096 33
7901 34 4096 37
8001 6 4096 42
8101 21 4096 30
8201 19 4096 34
8301 17 4096 39
8401 37 4096 28
8501 45 4096 37
8601 10 4096 36
8701 28 4096 45
8801 35 4096 39
8901 16 4096 33
9001 24 4096 28
9101 40 4096 33
9201 36 4096 28
9301 11 4096 31
9401 39 4096 39
9501 38 4096 45
9601 3 4096 33
9701 18 4096 35
9801 7 4096 39
9901 4 4096 31
10001 34 4096 40
10101 32 4096 32
10201 43 4096 26
10301 20 4096 37
10401 23 4096 32
10501 1 4096 36
10601 33 4096 41
10701 25 4096 35
10801 15 4096 39
10901 9 4096 32
11001 14 4096 46
11101 2 4096 37
11201 29 4096 36
11301 13 4096 49
11401 31 4096 45
11501 27 4096 28
