0 32 4096 43
100 13 4096 45
200 23 4096 47
300 15 4096 50
400 14 4096 47
500 11 4096 43
600 30 4096 42
700 5 4096 42
800 42 4096 40
900 38 4096 52
1000 12 4096 46
1100 44 4096 45
1200 35 4096 46
1300 21 4096 51
1400 22 4096 51
1500 8 4096 43
1600 1 4096 45
1699 19 4096 42
1797 6 4096 62
1894 3 4096 50
1989 26 4096 55
2081 33 4096 46
2169 4 4096 41
2251 29 4096 45
2327 16 4096 30
2394 45 4096 53
2452 39 4096 53
2501 18 4096 53
2540 10 4096 45
2571 7 4096 53
2594 34 4096 41
2612 28 4096 42
2628 24 4096 48
2644 27 4096 45
2662 36 4096 56
2685 31 4096 53
2715 40 4096 52
2752 46 4096 47
2798 41 4096 55
2852 17 4096 44
2915 2 4096 29
2985 43 4096 47
3062 25 4096 57
3144 37 4096 48
3231 9 4096 53
3321 20 4096 61
3414 28 4096 43
3509 7 4096 43
3606 16 4096 46
3704 40 4096 60
3803 1 4096 49
3902 30 4096 49
4001 24 4096 52
4101 43 4096 38
4201 44 4096 54
4301 23 4096 38
4401 2 4096 41
4501 6 4096 48
4601 20 4096 50
4701 15 4096 48
4801 42 4096 51
4901 12 4096 41
5001 33 4096 53
5101 22 4096 46
5201 27 4096 47
5301 4 4096 48
5401 13 4096 48
5501 5 4096 55
5601 35 4096 46
5701 31 4096 41
5801 21 4096 42
5901 32 4096 44
6001 41 4096 42
6101 19 4096 42
6201 34 4096 54
6301 11 4096 60
6401 17 4096 41
6501 18 4096 43
6601 9 4096 40
6701 39 4096 48
6801 37 4096 40
6901 45 4096 41
7001 3 4096 51
7101 26 4096 42
7201 29 4096 45
7301 10 4096 60
7401 36 4096 39
7501 25 4096 50
7601 14 4096 31
7701 8 4096 50
7801 38 4096 45
7901 46 4096 50
8001 27 4096 57
8101 42 4096 41
8201 29 4096 46
8301 14 4096 52
8401 22 4096 38
8501 40 4096 50
8601 4 4096 48
8701 28 4096 60
8801 46 4096 53
8901 17 4096 44
9001 23 4096 38
9101 9 4096 44
9201 11 4096 38
9301 31 4096 42
9401 19 4096 52
9501 25 4096 60
9601 21 4096 44
9701 37 4096 47
9801 26 4096 53
9901 18 4096 42
10001 16 4096 54
10101 30 4096 43
10201 13 4096 35
10301 34 4096 50
10401 15 4096 43
10501 35 4096 48
10601 1 4096 55
10701 32 4096 47
10801 44 4096 53
10901 10 4096 43
11001 45 4096 62
11101 3 4096 50
11201 24 4096 49
11301 2 4096 66
11401 5 4096 61
11501 6 4096 38
