0 19 4096 43
99 18 4096 45
176 15 4096 47
266 27 4096 50
321 42 4096 47
403 11 4096 43
503 22 4096 42
566 44 4096 42
646 47 4096 40
706 40 4096 52
778 36 4096 46
828 29 4096 45
925 35 4096 46
1021 34 4096 51
1095 23 4096 51
1181 43 4096 43
1232 32 4096 45
1312 28 4096 42
1406 3 4096 62
1487 26 4096 50
1552 9 4096 55
1649 37 4096 46
1708 30 4096 41
1782 24 4096 45
1870 25 4096 30
1941 41 4096 53
2029 1 4096 53
2120 31 4096 53
2188 21 4096 45
2249 38 4096 53
2310 20 4096 41
2372 17 4096 42
2453 39 4096 48
2503 45 4096 45
2563 16 4096 56
2619 13 4096 53
2674 33 4096 52
2768 14 4096 47
2830 12 4096 55
2885 46 4096 44
2964 7 4096 29
3035 5 4096 47
3126 18 4096 57
3216 44 4096 48
3293 47 4096 53
3344 32 4096 61
3442 1 4096 43
3496 25 4096 43
3595 26 4096 46
3656 37 4096 60
3746 39 4096 49
3802 38 4096 49
3852 29 4096 52
3945 34 4096 38
4024 46 4096 54
4086 7 4096 38
4160 20 4096 41
4249 12 4096 48
4310 21 4096 50
4410 11 4096 48
4510 27 4096 51
4571 41 4096 41
4637 23 4096 53
4713 31 4096 46
4805 40 4096 47
4901 15 4096 48
4960 13 4096 48
5034 14 4096 55
5133 5 4096 46
5203 42 4096 41
5274 28 4096 42
5360 17 4096 44
5454 9 4096 42
5511 3 4096 42
5586 22 4096 54
5671 35 4096 60
5732 33 4096 41
5808 43 4096 43
5888 36 4096 40
5950 19 4096 48
6042 24 4096 40
6125 16 4096 41
6176 45 4096 51
6250 30 4096 42
6303 32 4096 45
6371 9 4096 60
6448 16 4096 39
6532 13 4096 50
6591 27 4096 31
6671 22 4096 50
6745 47 4096 45
6840 17 4096 50
6916 40 4096 57
6979 41 4096 41
7030 35 4096 46
7093 7 4096 52
7149 37 4096 38
7231 18 4096 50
7291 31 4096 48
7379 36 4096 60
7459 39 4096 53
7546 19 4096 44
7611 42 4096 38
7696 23 4096 44
7779 34 4096 38
7852 11 4096 42
7903 20 4096 52
7969 33 4096 60
8069 25 4096 44
8123 3 4096 47
8208 12 4096 53
8274 44 4096 42
8364 46 4096 54
8444 5 4096 43
8543 28 4096 35
8594 38 4096 50
8666 43 4096 43
8731 14 4096 48
8794 15 4096 55
8869 29 4096 47
8926 1 4096 53
9019 45 4096 43
9115 30 4096 62
9203 26 4096 50
9270 21 4096 49
9370 24 4096 66
9428 26 4096 61
9522 30 4096 38
