0 2 4096 43
99 47 4096 45
176 3 4096 47
266 33 4096 50
321 4 4096 47
403 39 4096 43
503 10 4096 42
566 45 4096 42
646 6 4096 40
706 11 4096 52
778 15 4096 46
828 27 4096 45
925 34 4096 46
1021 38 4096 51
1095 8 4096 51
1181 35 4096 43
1232 41 4096 45
1312 43 4096 42
1406 22 4096 62
1487 5 4096 50
1552 46 4096 55
1649 7 4096 46
1708 9 4096 41
1782 14 4096 45
1870 16 4096 30
1941 17 4096 53
2029 23 4096 53
2120 26 4096 53
2188 29 4096 45
2249 31 4096 53
2310 40 4096 41
2372 20 4096 42
2453 42 4096 48
2503 44 4096 45
2563 18 4096 56
2619 19 4096 53
2674 21 4096 52
2768 28 4096 47
2830 30 4096 55
2885 32 4096 44
2964 2 4096 29
3035 47 4096 47
3126 3 4096 57
3216 33 4096 48
3293 4 4096 53
3344 39 4096 61
3442 10 4096 43
3496 45 4096 43
3595 6 4096 46
3656 11 4096 60
3746 15 4096 49
3802 27 4096 49
3852 34 4096 52
3945 38 4096 38
4024 8 4096 54
4086 35 4096 38
4160 41 4096 41
4249 43 4096 48
4310 22 4096 50
4410 5 4096 48
4510 46 4096 51
4571 7 4096 41
4637 9 4096 53
4713 14 4096 46
4805 16 4096 47
4901 17 4096 48
4960 23 4096 48
5034 26 4096 55
5133 29 4096 46
5203 31 4096 41
5274 40 4096 42
5360 20 4096 44
5454 42 4096 42
5511 44 4096 42
5586 18 4096 54
5671 19 4096 60
5732 21 4096 41
5808 28 4096 43
5888 30 4096 40
5950 32 4096 48
6042 2 4096 40
6125 47 4096 41
6176 3 4096 51
6250 33 4096 42
6303 4 4096 45
6371 39 4096 60
6448 10 4096 39
6532 45 4096 50
6591 6 4096 31
6671 11 4096 50
6745 15 4096 45
6840 27 4096 50
6916 34 4096 57
6979 38 4096 41
7030 8 4096 46
7093 35 4096 52
7149 41 4096 38
7231 43 4096 50
7291 22 4096 48
7379 5 4096 60
7459 46 4096 53
7546 7 4096 44
7611 9 4096 38
7696 14 4096 44
7779 16 4096 38
7852 17 4096 42
7903 23 4096 52
7969 26 4096 60
8069 29 4096 44
8123 31 4096 47
8208 40 4096 53
8274 20 4096 42
8364 42 4096 54
8444 44 4096 43
8543 18 4096 35
8594 19 4096 50
8666 21 4096 43
8731 28 4096 48
8794 30 4096 55
8869 32 4096 47
8926 2 4096 53
9019 47 4096 43
9115 3 4096 62
9203 33 4096 50
9270 4 4096 49
9370 39 4096 66
9428 10 4096 61
9522 45 4096 38
