0 1 4096 43
99 45 4096 45
176 2 4096 47
266 35 4096 50
321 4 4096 47
403 36 4096 43
503 46 4096 42
566 3 4096 42
646 6 4096 40
706 8 4096 52
778 39 4096 46
828 11 4096 45
925 12 4096 46
1021 41 4096 51
1095 13 4096 51
1181 22 4096 43
1232 23 4096 45
1312 24 4096 42
1406 25 4096 62
1487 34 4096 50
1552 38 4096 55
1649 43 4096 46
1708 9 4096 41
1782 44 4096 45
1870 5 4096 30
1941 7 4096 53
2029 14 4096 53
2120 15 4096 53
2188 18 4096 45
2249 20 4096 53
2310 21 4096 41
2372 26 4096 42
2453 27 4096 48
2503 29 4096 45
2563 31 4096 56
2619 32 4096 53
2674 33 4096 52
2768 40 4096 47
2830 42 4096 55
2885 16 4096 44
2964 1 4096 29
3035 45 4096 47
3126 2 4096 57
3216 35 4096 48
3293 4 4096 53
3344 36 4096 61
3442 46 4096 43
3496 3 4096 43
3595 6 4096 46
3656 8 4096 60
3746 39 4096 49
3802 11 4096 49
3852 12 4096 52
3945 41 4096 38
4024 13 4096 54
4086 22 4096 38
4160 23 4096 41
4249 24 4096 48
4310 25 4096 50
4410 34 4096 48
4510 38 4096 51
4571 43 4096 41
4637 9 4096 53
4713 44 4096 46
4805 5 4096 47
4901 7 4096 48
4960 14 4096 48
5034 15 4096 55
5133 18 4096 46
5203 20 4096 41
5274 21 4096 42
5360 26 4096 44
5454 27 4096 42
5511 29 4096 42
5586 31 4096 54
5671 32 4096 60
5732 33 4096 41
5808 40 4096 43
5888 42 4096 40
5950 16 4096 48
6042 1 4096 40
6125 45 4096 41
6176 2 4096 51
6250 35 4096 42
6303 4 4096 45
6371 36 4096 60
6448 46 4096 39
6532 3 4096 50
6591 6 4096 31
6671 8 4096 50
6745 39 4096 45
6840 11 4096 50
6916 12 4096 57
6979 41 4096 41
7030 13 4096 46
7093 22 4096 52
7149 23 4096 38
7231 24 4096 50
7291 25 4096 48
7379 34 4096 60
7459 38 4096 53
7546 43 4096 44
7611 9 4096 38
7696 44 4096 44
7779 5 4096 38
7852 7 4096 42
7903 14 4096 52
7969 15 4096 60
8069 18 4096 44
8123 20 4096 47
8208 21 4096 53
8274 26 4096 42
8364 27 4096 54
8444 29 4096 43
8543 31 4096 35
8594 32 4096 50
8666 33 4096 43
8731 40 4096 48
8794 42 4096 55
8869 16 4096 47
8926 1 4096 53
9019 45 4096 43
9115 2 4096 62
9203 35 4096 50
9270 4 4096 49
9370 36 4096 66
9428 46 4096 61
9522 3 4096 38
