0 30 4096 43
100 42 4096 45
200 29 4096 47
300 17 4096 50
400 34 4096 47
500 40 4096 43
600 33 4096 42
700 45 4096 42
800 26 4096 40
900 15 4096 52
1000 2 4096 46
1100 16 4096 45
1200 8 4096 46
1300 21 4096 51
1400 28 4096 51
1500 39 4096 43
1600 24 4096 45
1699 23 4096 42
1797 7 4096 62
1894 18 4096 50
1989 3 4096 55
2081 36 4096 46
2169 32 4096 41
2251 19 4096 45
2327 9 4096 30
2394 41 4096 53
2452 10 4096 53
2501 38 4096 53
2540 31 4096 45
2571 37 4096 53
2594 27 4096 41
2612 20 4096 42
2628 35 4096 48
2644 22 4096 45
2662 1 4096 56
2685 44 4096 53
2715 5 4096 52
2752 12 4096 47
2798 25 4096 55
2852 46 4096 44
2915 11 4096 29
2985 13 4096 47
3062 4 4096 57
3144 43 4096 48
3231 6 4096 53
3321 14 4096 61
3414 24 4096 43
3509 44 4096 43
3606 26 4096 46
3704 13 4096 60
3803 8 4096 49
3902 12 4096 49
4001 2 4096 52
4101 16 4096 38
4201 10 4096 54
4301 42 4096 38
4401 35 4096 41
4501 20 4096 48
4601 1 4096 50
4701 40 4096 48
4801 34 4096 51
4901 14 4096 41
5001 5 4096 53
5101 18 4096 46
5201 27 4096 47
5301 22 4096 48
5401 28 4096 48
5501 39 4096 55
5601 33 4096 46
5701 15 4096 41
5801 4 4096 42
5901 38 4096 44
6001 29 4096 42
6101 21 4096 42
6201 7 4096 54
6301 41 4096 60
6401 32 4096 41
6501 19 4096 43
6601 9 4096 40
6701 17 4096 48
6801 30 4096 40
6901 37 4096 41
7001 25 4096 51
7101 23 4096 42
7201 11 4096 45
7301 43 4096 60
7401 3 4096 39
7501 46 4096 50
7601 31 4096 31
7701 36 4096 50
7801 6 4096 45
7901 45 4096 50
8001 11 4096 57
8101 44 4096 41
8201 8 4096 46
8301 15 4096 52
8401 5 4096 38
8501 19 4096 50
8601 34 4096 48
8701 37 4096 60
8801 35 4096 53
8901 17 4096 44
9001 9 4096 38
9101 13 4096 44
9201 10 4096 38
9301 23 4096 42
9401 32 4096 52
9501 18 4096 60
9601 29 4096 44
9701 46 4096 47
9801 2 4096 53
9901 43 4096 42
10001 3 4096 54
10101 39 4096 43
10201 24 4096 35
10301 36 4096 50
10401 25 4096 43
10501 21 4096 48
10601 31 4096 55
10701 16 4096 47
10801 27 4096 53
10901 14 4096 43
11001 4 4096 62
11101 40 4096 50
11201 30 4096 49
11301 45 4096 66
11401 33 4096 61
11501 20 4096 38
