0 23 4096 64
99 25 4096 67
176 26 4096 70
266 40 4096 75
321 45 4096 70
403 33 4096 64
503 44 4096 63
566 34 4096 63
646 7 4096 60
706 18 4096 78
778 35 4096 69
828 3 4096 67
925 27 4096 69
1021 30 4096 76
1095 11 4096 76
1181 38 4096 64
1232 37 4096 67
1312 16 4096 63
1406 28 4096 93
1487 9 4096 75
1552 20 4096 82
1649 29 4096 69
1708 8 4096 61
1782 46 4096 67
1870 6 4096 45
1941 22 4096 79
2029 32 4096 79
2120 15 4096 79
2188 4 4096 67
2249 1 4096 79
2310 42 4096 61
2372 43 4096 63
2453 17 4096 72
2503 2 4096 67
2563 31 4096 84
2619 21 4096 79
2674 19 4096 78
2768 14 4096 70
2830 47 4096 82
2885 13 4096 66
2964 10 4096 43
3035 39 4096 70
3126 41 4096 85
3216 5 4096 72
3293 39 4096 79
3344 34 4096 91
3442 45 4096 64
3496 3 4096 64
3595 28 4096 69
3656 13 4096 90
3746 26 4096 73
3802 7 4096 73
3852 10 4096 78
3945 4 4096 57
4024 29 4096 81
4086 20 4096 57
4160 19 4096 61
4249 38 4096 72
4310 43 4096 75
4410 14 4096 72
4510 21 4096 76
4571 37 4096 61
4637 31 4096 79
4713 27 4096 69
4805 9 4096 70
4901 6 4096 72
4960 8 4096 72
5034 15 4096 82
5133 47 4096 69
5203 2 4096 61
5274 25 4096 63
5360 44 4096 66
5454 22 4096 63
5511 16 4096 63
5586 35 4096 81
5671 18 4096 90
5732 33 4096 61
5808 30 4096 64
5888 23 4096 60
5950 1 4096 72
6042 5 4096 60
6125 46 4096 61
6176 17 4096 76
6250 42 4096 63
6303 11 4096 67
6371 32 4096 90
6448 41 4096 58
6532 40 4096 75
6591 14 4096 46
6671 17 4096 75
6745 3 4096 67
6840 38 4096 75
6916 34 4096 85
6979 18 4096 61
7030 44 4096 69
7093 42 4096 78
7149 41 4096 57
7231 8 4096 75
7291 6 4096 72
7379 10 4096 90
7459 4 4096 79
7546 43 4096 66
7611 1 4096 57
7696 26 4096 66
7779 33 4096 57
7852 29 4096 63
7903 35 4096 78
7969 19 4096 90
8069 23 4096 66
8123 21 4096 70
8208 7 4096 79
8274 47 4096 63
8364 9 4096 81
8444 11 4096 64
8543 5 4096 52
8594 40 4096 75
8666 30 4096 64
8731 2 4096 72
8794 20 4096 82
8869 46 4096 70
8926 31 4096 79
9019 39 4096 64
9115 27 4096 93
9203 25 4096 75
9270 37 4096 73
9370 28 4096 99
9428 22 4096 91
9522 16 4096 57
