0 23 4096 43
100 40 4096 45
200 33 4096 47
300 24 4096 50
400 38 4096 47
500 32 4096 43
600 19 4096 42
700 14 4096 42
800 17 4096 40
900 39 4096 52
1000 2 4096 46
1100 26 4096 45
1200 5 4096 46
1300 10 4096 51
1400 46 4096 51
1500 18 4096 43
1600 1 4096 45
1699 45 4096 42
1797 36 4096 62
1894 42 4096 50
1989 25 4096 55
2081 11 4096 46
2169 35 4096 41
2251 15 4096 45
2327 27 4096 30
2394 22 4096 53
2452 31 4096 53
2501 21 4096 53
2540 44 4096 45
2571 16 4096 53
2594 7 4096 41
2612 28 4096 42
2628 8 4096 48
2644 43 4096 45
2662 6 4096 56
2685 41 4096 53
2715 3 4096 52
2752 34 4096 47
2798 13 4096 55
2852 29 4096 44
2915 30 4096 29
2985 9 4096 47
3062 20 4096 57
3144 12 4096 48
3231 37 4096 53
3321 4 4096 61
3414 27 4096 43
3509 33 4096 43
3606 28 4096 46
3704 25 4096 60
3803 40 4096 49
3902 12 4096 49
4001 24 4096 52
4101 19 4096 38
4201 15 4096 54
4301 3 4096 38
4401 8 4096 41
4501 31 4096 48
4601 39 4096 50
4701 22 4096 48
4801 17 4096 51
4901 5 4096 41
5001 26 4096 53
5101 43 4096 46
5201 23 4096 47
5301 10 4096 48
5401 18 4096 48
5501 21 4096 55
5601 1 4096 46
5701 32 4096 41
5801 37 4096 42
5901 42 4096 44
6001 20 4096 42
6101 30 4096 42
6201 38 4096 54
6301 35 4096 60
6401 13 4096 41
6501 36 4096 43
6601 2 4096 40
6701 14 4096 48
6801 9 4096 40
6901 29 4096 41
7001 41 4096 51
7101 6 4096 42
7201 44 4096 45
7301 16 4096 60
7401 46 4096 39
7501 45 4096 50
7601 11 4096 31
7701 7 4096 50
7801 4 4096 45
7901 34 4096 50
8001 6 4096 57
8101 21 4096 41
8201 19 4096 46
8301 17 4096 52
8401 37 4096 38
8501 45 4096 50
8601 10 4096 48
8701 28 4096 60
8801 35 4096 53
8901 16 4096 44
9001 24 4096 38
9101 40 4096 44
9201 36 4096 38
9301 11 4096 42
9401 39 4096 52
9501 38 4096 60
9601 3 4096 44
9701 18 4096 47
9801 7 4096 53
9901 4 4096 42
10001 34 4096 54
10101 32 4096 43
10201 43 4096 35
10301 20 4096 50
10401 23 4096 43
10501 1 4096 48
10601 33 4096 55
10701 25 4096 47
10801 15 4096 53
10901 9 4096 43
11001 14 4096 62
11101 2 4096 50
11201 29 4096 49
11301 13 4096 66
11401 31 4096 61
11501 27 4096 38
