0 39 4096 64
99 44 4096 67
176 29 4096 70
266 20 4096 75
321 19 4096 70
403 47 4096 64
503 10 4096 63
566 45 4096 63
646 30 4096 60
706 46 4096 78
778 33 4096 69
828 17 4096 67
925 7 4096 69
1021 32 4096 76
1095 27 4096 76
1181 16 4096 64
1232 15 4096 67
1312 37 4096 63
1406 23 4096 93
1487 40 4096 75
1552 25 4096 82
1649 41 4096 69
1708 5 4096 61
1782 42 4096 67
1870 28 4096 45
1941 22 4096 79
2029 34 4096 79
2120 4 4096 79
2188 9 4096 67
2249 43 4096 79
2310 6 4096 61
2372 13 4096 63
2453 8 4096 72
2503 1 4096 67
2563 3 4096 84
2619 18 4096 79
2674 11 4096 78
2768 35 4096 70
2830 31 4096 82
2885 21 4096 66
2964 27 4096 43
3035 15 4096 70
3126 7 4096 85
3216 30 4096 72
3293 4 4096 79
3344 25 4096 91
3442 5 4096 64
3496 6 4096 64
3595 13 4096 69
3656 39 4096 90
3746 34 4096 73
3802 46 4096 73
3852 20 4096 78
3945 23 4096 57
4024 42 4096 81
4086 28 4096 57
4160 47 4096 61
4249 41 4096 72
4310 35 4096 75
4410 17 4096 72
4510 22 4096 76
4571 31 4096 61
4637 45 4096 79
4713 37 4096 69
4805 19 4096 70
4901 44 4096 72
4960 32 4096 72
5034 29 4096 82
5133 11 4096 69
5203 33 4096 61
5274 43 4096 63
5360 1 4096 66
5454 9 4096 63
5511 16 4096 63
5586 8 4096 81
5671 40 4096 90
5732 21 4096 61
5808 3 4096 64
5888 18 4096 60
5950 10 4096 72
6042 6 4096 60
6125 43 4096 61
6176 22 4096 76
6250 47 4096 63
6303 8 4096 67
6371 20 4096 90
6448 9 4096 58
6532 5 4096 75
6591 15 4096 46
6671 21 4096 75
6745 10 4096 67
6840 13 4096 75
6916 42 4096 85
6979 33 4096 61
7030 4 4096 69
7093 3 4096 78
7149 28 4096 57
7231 29 4096 75
7291 18 4096 72
7379 16 4096 90
7459 27 4096 79
7546 44 4096 66
7611 11 4096 57
7696 45 4096 66
7779 35 4096 57
7852 32 4096 63
7903 39 4096 78
7969 40 4096 90
8069 17 4096 66
8123 1 4096 70
8208 30 4096 79
8274 41 4096 63
8364 7 4096 81
8444 46 4096 64
8543 25 4096 52
8594 23 4096 75
8666 34 4096 64
8731 19 4096 72
8794 37 4096 82
8869 31 4096 70
8926 25 4096 79
9019 43 4096 64
9115 40 4096 93
9203 21 4096 75
9270 39 4096 73
9370 1 4096 99
9428 33 4096 91
9522 6 4096 57
