0 19 4096 32
100 18 4096 33
200 15 4096 35
300 27 4096 37
400 42 4096 35
500 11 4096 32
600 22 4096 31
700 44 4096 31
800 47 4096 30
900 40 4096 39
1000 36 4096 34
1100 29 4096 33
1200 35 4096 34
1300 34 4096 38
1400 23 4096 38
1500 43 4096 32
1600 32 4096 33
1699 28 4096 31
1797 3 4096 46
1894 26 4096 37
1989 9 4096 41
2081 37 4096 34
2169 30 4096 30
2251 24 4096 33
2327 25 4096 22
2394 41 4096 39
2452 1 4096 39
2501 31 4096 39
2540 21 4096 33
2571 38 4096 39
2594 20 4096 30
2612 17 4096 31
2628 39 4096 36
2644 45 4096 33
2662 16 4096 42
2685 13 4096 39
2715 33 4096 39
2752 14 4096 35
2798 12 4096 41
2852 46 4096 33
2915 7 4096 21
2985 5 4096 35
3062 18 4096 42
3144 44 4096 36
3231 47 4096 39
3321 32 4096 45
3414 1 4096 32
3509 25 4096 32
3606 26 4096 34
3704 37 4096 45
3803 39 4096 36
3902 38 4096 36
4001 29 4096 39
4101 34 4096 28
4201 46 4096 40
4301 7 4096 28
4401 20 4096 30
4501 12 4096 36
4601 21 4096 37
4701 11 4096 36
4801 27 4096 38
4901 41 4096 30
5001 23 4096 39
5101 31 4096 34
5201 40 4096 35
5301 15 4096 36
5401 13 4096 36
5501 14 4096 41
5601 5 4096 34
5701 42 4096 30
5801 28 4096 31
5901 17 4096 33
6001 9 4096 31
6101 3 4096 31
6201 22 4096 40
6301 35 4096 45
6401 33 4096 30
6501 43 4096 32
6601 36 4096 30
6701 19 4096 36
6801 24 4096 30
6901 16 4096 30
7001 45 4096 38
7101 30 4096 31
7201 32 4096 33
7301 9 4096 45
7401 16 4096 29
7501 13 4096 37
7601 27 4096 23
7701 22 4096 37
7801 47 4096 33
7901 17 4096 37
8001 40 4096 42
8101 41 4096 30
8201 35 4096 34
8301 7 4096 39
8401 37 4096 28
8501 18 4096 37
8601 31 4096 36
8701 36 4096 45
8801 39 4096 39
8901 19 4096 33
9001 42 4096 28
9101 23 4096 33
9201 34 4096 28
9301 11 4096 31
9401 20 4096 39
9501 33 4096 45
9601 25 4096 33
9701 3 4096 35
9801 12 4096 39
9901 44 4096 31
10001 46 4096 40
10101 5 4096 32
10201 28 4096 26
10301 38 4096 37
10401 43 4096 32
10501 14 4096 36
10601 15 4096 41
10701 29 4096 35
10801 1 4096 39
10901 45 4096 32
11001 30 4096 46
11101 26 4096 37
11201 21 4096 36
11301 24 4096 49
11401 26 4096 45
11501 30 4096 28
