0 1 4096 64
100 47 4096 67
200 4 4096 70
300 25 4096 75
400 8 4096 70
500 35 4096 64
600 36 4096 63
700 10 4096 63
800 37 4096 60
900 3 4096 78
1000 43 4096 69
1100 5 4096 67
1200 6 4096 69
1300 45 4096 76
1400 11 4096 76
1500 13 4096 64
1600 22 4096 67
1699 39 4096 63
1797 23 4096 93
1894 24 4096 75
1989 34 4096 82
2081 38 4096 69
2169 41 4096 61
2251 9 4096 67
2327 46 4096 45
2394 7 4096 79
2452 15 4096 79
2501 16 4096 79
2540 17 4096 67
2571 18 4096 79
2594 20 4096 61
2612 21 4096 63
2628 26 4096 72
2644 27 4096 67
2662 29 4096 84
2685 31 4096 79
2715 33 4096 78
2752 40 4096 70
2798 42 4096 82
2852 44 4096 66
2915 19 4096 43
2985 28 4096 70
3062 30 4096 85
3144 32 4096 72
3231 1 4096 79
3321 47 4096 91
3414 4 4096 64
3509 25 4096 64
3606 8 4096 69
3704 35 4096 90
3803 36 4096 73
3902 10 4096 73
4001 37 4096 78
4101 3 4096 57
4201 43 4096 81
4301 5 4096 57
4401 6 4096 61
4501 45 4096 72
4601 11 4096 75
4701 13 4096 72
4801 22 4096 76
4901 39 4096 61
5001 23 4096 79
5101 24 4096 69
5201 34 4096 70
5301 38 4096 72
5401 41 4096 72
5501 9 4096 82
5601 46 4096 69
5701 7 4096 61
5801 15 4096 63
5901 16 4096 66
6001 17 4096 63
6101 18 4096 63
6201 20 4096 81
6301 21 4096 90
6401 26 4096 61
6501 27 4096 64
6601 29 4096 60
6701 31 4096 72
6801 33 4096 60
6901 40 4096 61
7001 42 4096 76
7101 44 4096 63
7201 19 4096 67
7301 28 4096 90
7401 30 4096 58
7501 32 4096 75
7601 1 4096 46
7701 47 4096 75
7801 4 4096 67
7901 25 4096 75
8001 8 4096 85
8101 35 4096 61
8201 36 4096 69
8301 10 4096 78
8401 37 4096 57
8501 3 4096 75
8601 43 4096 72
8701 5 4096 90
8801 6 4096 79
8901 45 4096 66
9001 11 4096 57
9101 13 4096 66
9201 22 4096 57
9301 39 4096 63
9401 23 4096 78
9501 24 4096 90
9601 34 4096 66
9701 38 4096 70
9801 41 4096 79
9901 9 4096 63
10001 46 4096 81
10101 7 4096 64
10201 15 4096 52
10301 16 4096 75
10401 17 4096 64
10501 18 4096 72
10601 20 4096 82
10701 21 4096 70
10801 26 4096 79
10901 27 4096 64
11001 29 4096 93
11101 31 4096 75
11201 33 4096 73
11301 40 4096 99
11401 42 4096 91
11501 44 4096 57
