0 1 4096 43
100 47 4096 45
200 2 4096 47
300 45 4096 50
400 10 4096 47
500 37 4096 43
600 3 4096 42
700 34 4096 42
800 36 4096 40
900 8 4096 52
1000 5 4096 46
1100 46 4096 45
1200 6 4096 46
1300 39 4096 51
1400 11 4096 51
1500 13 4096 43
1600 22 4096 45
1699 24 4096 42
1797 25 4096 62
1894 23 4096 50
1989 35 4096 55
2081 38 4096 46
2169 41 4096 41
2251 9 4096 45
2327 43 4096 30
2394 7 4096 53
2452 14 4096 53
2501 15 4096 53
2540 44 4096 45
2571 17 4096 53
2594 18 4096 41
2612 20 4096 42
2628 21 4096 48
2644 26 4096 45
2662 27 4096 56
2685 29 4096 53
2715 31 4096 52
2752 33 4096 47
2798 40 4096 55
2852 42 4096 44
2915 19 4096 29
2985 28 4096 47
3062 30 4096 57
3144 32 4096 48
3231 1 4096 53
3321 47 4096 61
3414 2 4096 43
3509 45 4096 43
3606 10 4096 46
3704 37 4096 60
3803 3 4096 49
3902 34 4096 49
4001 36 4096 52
4101 8 4096 38
4201 5 4096 54
4301 46 4096 38
4401 6 4096 41
4501 39 4096 48
4601 11 4096 50
4701 13 4096 48
4801 22 4096 51
4901 24 4096 41
5001 25 4096 53
5101 23 4096 46
5201 35 4096 47
5301 38 4096 48
5401 41 4096 48
5501 9 4096 55
5601 43 4096 46
5701 7 4096 41
5801 14 4096 42
5901 15 4096 44
6001 44 4096 42
6101 17 4096 42
6201 18 4096 54
6301 20 4096 60
6401 21 4096 41
6501 26 4096 43
6601 27 4096 40
6701 29 4096 48
6801 31 4096 40
6901 33 4096 41
7001 40 4096 51
7101 42 4096 42
7201 19 4096 45
7301 28 4096 60
7401 30 4096 39
7501 32 4096 50
7601 1 4096 31
7701 47 4096 50
7801 2 4096 45
7901 45 4096 50
8001 10 4096 57
8101 37 4096 41
8201 3 4096 46
8301 34 4096 52
8401 36 4096 38
8501 8 4096 50
8601 5 4096 48
8701 46 4096 60
8801 6 4096 53
8901 39 4096 44
9001 11 4096 38
9101 13 4096 44
9201 22 4096 38
9301 24 4096 42
9401 25 4096 52
9501 23 4096 60
9601 35 4096 44
9701 38 4096 47
9801 41 4096 53
9901 9 4096 42
10001 43 4096 54
10101 7 4096 43
10201 14 4096 35
10301 15 4096 50
10401 44 4096 43
10501 17 4096 48
10601 18 4096 55
10701 20 4096 47
10801 21 4096 53
10901 26 4096 43
11001 27 4096 62
11101 29 4096 50
11201 31 4096 49
11301 33 4096 66
11401 40 4096 61
11501 42 4096 38
