0 23 4096 129
100 40 4096 135
200 33 4096 141
300 24 4096 150
400 38 4096 141
500 32 4096 129
600 19 4096 126
700 14 4096 126
800 17 4096 120
900 39 4096 156
1000 2 4096 138
1100 26 4096 135
1200 5 4096 138
1300 10 4096 153
1400 46 4096 153
1500 18 4096 129
1600 1 4096 135
1699 45 4096 126
1797 36 4096 186
1894 42 4096 150
1989 25 4096 165
2081 11 4096 138
2169 35 4096 123
2251 15 4096 135
2327 27 4096 90
2394 22 4096 159
2452 31 4096 159
2501 21 4096 159
2540 44 4096 135
2571 16 4096 159
2594 7 4096 123
2612 28 4096 126
2628 8 4096 144
2644 43 4096 135
2662 6 4096 168
2685 41 4096 159
2715 3 4096 156
2752 34 4096 141
2798 13 4096 165
2852 29 4096 132
2915 30 4096 87
2985 9 4096 141
3062 20 4096 171
3144 12 4096 144
3231 37 4096 159
3321 4 4096 183
3414 27 4096 129
3509 33 4096 129
3606 28 4096 138
3704 25 4096 180
3803 40 4096 147
3902 12 4096 147
4001 24 4096 156
4101 19 4096 114
4201 15 4096 162
4301 3 4096 114
4401 8 4096 123
4501 31 4096 144
4601 39 4096 150
4701 22 4096 144
4801 17 4096 153
4901 5 4096 123
5001 26 4096 159
5101 43 4096 138
5201 23 4096 141
5301 10 4096 144
5401 18 4096 144
5501 21 4096 165
5601 1 4096 138
5701 32 4096 123
5801 37 4096 126
5901 42 4096 132
6001 20 4096 126
6101 30 4096 126
6201 38 4096 162
6301 35 4096 180
6401 13 4096 123
6501 36 4096 129
6601 2 4096 120
6701 14 4096 144
6801 9 4096 120
6901 29 4096 123
7001 41 4096 153
7101 6 4096 126
7201 44 4096 135
7301 16 4096 180
7401 46 4096 117
7501 45 4096 150
7601 11 4096 93
7701 7 4096 150
7801 4 4096 135
7901 34 4096 150
8001 6 4096 171
8101 21 4096 123
8201 19 4096 138
8301 17 4096 156
8401 37 4096 114
8501 45 4096 150
8601 10 4096 144
8701 28 4096 180
8801 35 4096 159
8901 16 4096 132
9001 24 4096 114
9101 40 4096 132
9201 36 4096 114
9301 11 4096 126
9401 39 4096 156
9501 38 4096 180
9601 3 4096 132
9701 18 4096 141
9801 7 4096 159
9901 4 4096 126
10001 34 4096 162
10101 32 4096 129
10201 43 4096 105
10301 20 4096 150
10401 23 4096 129
10501 1 4096 144
10601 33 4096 165
10701 25 4096 141
10801 15 4096 159
10901 9 4096 129
11001 14 4096 186
11101 2 4096 150
11201 29 4096 147
11301 13 4096 198
11401 31 4096 183
11501 27 4096 114
