0 8 4096 32
100 9 4096 33
200 22 4096 35
300 15 4096 37
400 32 4096 35
500 27 4096 32
600 42 4096 31
700 39 4096 31
800 2 4096 30
900 5 4096 39
1000 16 4096 34
1100 17 4096 33
1200 28 4096 34
1300 33 4096 38
1400 46 4096 38
1500 43 4096 32
1600 4 4096 33
1699 11 4096 31
1797 18 4096 46
1894 21 4096 37
1989 30 4096 41
2081 35 4096 34
2169 40 4096 30
2251 41 4096 33
2327 6 4096 22
2394 3 4096 39
2452 20 4096 39
2501 23 4096 39
2540 26 4096 33
2571 31 4096 39
2594 44 4096 30
2612 45 4096 31
2628 10 4096 36
2644 7 4096 33
2662 14 4096 42
2685 19 4096 39
2715 34 4096 39
2752 29 4096 35
2798 38 4096 41
2852 47 4096 33
2915 4 4096 21
2985 11 4096 35
3062 22 4096 42
3144 15 4096 36
3231 28 4096 39
3321 27 4096 45
3414 40 4096 32
3509 47 4096 32
3606 10 4096 34
3704 5 4096 45
3803 14 4096 36
3902 23 4096 36
4001 26 4096 39
4101 29 4096 28
4201 46 4096 40
4301 41 4096 28
4401 8 4096 30
4501 9 4096 36
4601 16 4096 37
4701 17 4096 36
4801 34 4096 38
4901 35 4096 30
5001 42 4096 39
5101 43 4096 34
5201 6 4096 35
5301 3 4096 36
5401 20 4096 36
5501 21 4096 41
5601 32 4096 34
5701 33 4096 30
5801 44 4096 31
5901 45 4096 33
6001 2 4096 31
6101 7 4096 31
6201 18 4096 40
6301 19 4096 45
6401 30 4096 30
6501 31 4096 32
6601 38 4096 30
6701 39 4096 36
6801 10 4096 30
6901 9 4096 30
7001 18 4096 38
7101 15 4096 31
7201 26 4096 33
7301 29 4096 45
7401 44 4096 29
7501 47 4096 37
7601 4 4096 23
7701 5 4096 37
7801 22 4096 33
7901 23 4096 37
8001 30 4096 42
8101 27 4096 30
8201 40 4096 34
8301 39 4096 39
8401 8 4096 28
8501 7 4096 37
8601 16 4096 36
8701 19 4096 45
8801 34 4096 39
8901 31 4096 33
9001 38 4096 28
9101 41 4096 33
9201 6 4096 28
9301 11 4096 31
9401 14 4096 39
9501 21 4096 45
9601 32 4096 33
9701 35 4096 35
9801 46 4096 39
9901 43 4096 31
10001 2 4096 40
10101 3 4096 32
10201 20 4096 26
10301 17 4096 37
10401 28 4096 32
10501 33 4096 36
10601 42 4096 41
10701 45 4096 35
10801 8 4096 39
10901 7 4096 32
11001 22 4096 46
11101 19 4096 37
11201 28 4096 36
11301 33 4096 49
11401 40 4096 45
11501 47 4096 28
