0 1 4096 32
100 11 4096 33
200 45 4096 35
300 15 4096 37
400 5 4096 35
500 34 4096 32
600 44 4096 31
700 47 4096 31
800 29 4096 30
900 27 4096 39
1000 37 4096 34
1100 19 4096 33
1200 9 4096 34
1300 30 4096 38
1400 40 4096 38
1500 43 4096 32
1600 33 4096 33
1699 26 4096 31
1797 13 4096 46
1894 42 4096 37
1989 4 4096 41
2081 7 4096 34
2169 21 4096 30
2251 46 4096 33
2327 24 4096 22
2394 6 4096 39
2452 20 4096 39
2501 18 4096 39
2540 8 4096 33
2571 35 4096 39
2594 41 4096 30
2612 38 4096 31
2628 28 4096 36
2644 3 4096 33
2662 16 4096 42
2685 22 4096 39
2715 25 4096 39
2752 31 4096 35
2798 36 4096 41
2852 23 4096 33
2915 32 4096 21
2985 10 4096 35
3062 17 4096 42
3144 39 4096 36
3231 32 4096 39
3321 10 4096 45
3414 13 4096 32
3509 47 4096 32
3606 5 4096 34
3704 34 4096 45
3803 36 4096 36
3902 42 4096 36
4001 8 4096 39
4101 3 4096 28
4201 45 4096 40
4301 22 4096 28
4401 29 4096 30
4501 6 4096 36
4601 41 4096 37
4701 39 4096 36
4801 24 4096 38
4901 27 4096 30
5001 16 4096 39
5101 23 4096 34
5201 1 4096 35
5301 35 4096 36
5401 40 4096 36
5501 15 4096 41
5601 25 4096 34
5701 11 4096 30
5801 37 4096 31
5901 46 4096 33
6001 33 4096 31
6101 26 4096 31
6201 17 4096 40
6301 38 4096 45
6401 9 4096 30
6501 30 4096 32
6601 44 4096 30
6701 18 4096 36
6801 28 4096 30
6901 7 4096 30
7001 20 4096 38
7101 43 4096 31
7201 4 4096 33
7301 31 4096 45
7401 21 4096 29
7501 19 4096 37
7601 1 4096 23
7701 35 4096 37
7801 41 4096 33
7901 42 4096 37
8001 32 4096 42
8101 30 4096 30
8201 13 4096 34
8301 22 4096 39
8401 8 4096 28
8501 31 4096 37
8601 16 4096 36
8701 23 4096 45
8801 33 4096 39
8901 10 4096 33
9001 44 4096 28
9101 15 4096 33
9201 28 4096 28
9301 34 4096 31
9401 36 4096 39
9501 39 4096 45
9601 4 4096 33
9701 3 4096 35
9801 20 4096 39
9901 38 4096 31
10001 25 4096 40
10101 6 4096 32
10201 17 4096 26
10301 19 4096 37
10401 29 4096 32
10501 27 4096 36
10601 45 4096 41
10701 43 4096 35
10801 24 4096 39
10901 7 4096 32
11001 40 4096 46
11101 46 4096 37
11201 9 4096 36
11301 11 4096 49
11401 21 4096 45
11501 18 4096 28
