0 23 4096 64
99 40 4096 67
176 33 4096 70
266 24 4096 75
321 38 4096 70
403 32 4096 64
503 19 4096 63
566 14 4096 63
646 17 4096 60
706 39 4096 78
778 2 4096 69
828 26 4096 67
925 5 4096 69
1021 10 4096 76
1095 46 4096 76
1181 18 4096 64
1232 1 4096 67
1312 45 4096 63
1406 36 4096 93
1487 42 4096 75
1552 25 4096 82
1649 11 4096 69
1708 35 4096 61
1782 15 4096 67
1870 27 4096 45
1941 22 4096 79
2029 31 4096 79
2120 21 4096 79
2188 44 4096 67
2249 16 4096 79
2310 7 4096 61
2372 28 4096 63
2453 8 4096 72
2503 43 4096 67
2563 6 4096 84
2619 41 4096 79
2674 3 4096 78
2768 34 4096 70
2830 13 4096 82
2885 29 4096 66
2964 30 4096 43
3035 9 4096 70
3126 20 4096 85
3216 12 4096 72
3293 37 4096 79
3344 4 4096 91
3442 27 4096 64
3496 33 4096 64
3595 28 4096 69
3656 25 4096 90
3746 40 4096 73
3802 12 4096 73
3852 24 4096 78
3945 19 4096 57
4024 15 4096 81
4086 3 4096 57
4160 8 4096 61
4249 31 4096 72
4310 39 4096 75
4410 22 4096 72
4510 17 4096 76
4571 5 4096 61
4637 26 4096 79
4713 43 4096 69
4805 23 4096 70
4901 10 4096 72
4960 18 4096 72
5034 21 4096 82
5133 1 4096 69
5203 32 4096 61
5274 37 4096 63
5360 42 4096 66
5454 20 4096 63
5511 30 4096 63
5586 38 4096 81
5671 35 4096 90
5732 13 4096 61
5808 36 4096 64
5888 2 4096 60
5950 14 4096 72
6042 9 4096 60
6125 29 4096 61
6176 41 4096 76
6250 6 4096 63
6303 44 4096 67
6371 16 4096 90
6448 46 4096 58
6532 45 4096 75
6591 11 4096 46
6671 7 4096 75
6745 4 4096 67
6840 34 4096 75
6916 6 4096 85
6979 21 4096 61
7030 19 4096 69
7093 17 4096 78
7149 37 4096 57
7231 45 4096 75
7291 10 4096 72
7379 28 4096 90
7459 35 4096 79
7546 16 4096 66
7611 24 4096 57
7696 40 4096 66
7779 36 4096 57
7852 11 4096 63
7903 39 4096 78
7969 38 4096 90
8069 3 4096 66
8123 18 4096 70
8208 7 4096 79
8274 4 4096 63
8364 34 4096 81
8444 32 4096 64
8543 43 4096 52
8594 20 4096 75
8666 23 4096 64
8731 1 4096 72
8794 33 4096 82
8869 25 4096 70
8926 15 4096 79
9019 9 4096 64
9115 14 4096 93
9203 2 4096 75
9270 29 4096 73
9370 13 4096 99
9428 31 4096 91
9522 27 4096 57
