0 15 4096 21
100 22 4096 22
200 44 4096 23
300 42 4096 25
400 39 4096 23
500 25 4096 21
600 14 4096 21
700 35 4096 21
800 37 4096 20
900 9 4096 26
1000 45 4096 23
1100 47 4096 22
1200 29 4096 23
1300 18 4096 25
1400 3 4096 25
1500 30 4096 21
1600 11 4096 22
1699 10 4096 21
1797 40 4096 31
1894 31 4096 25
1989 41 4096 27
2081 19 4096 23
2169 46 4096 20
2251 26 4096 22
2327 17 4096 15
2394 32 4096 26
2452 7 4096 26
2501 43 4096 26
2540 34 4096 22
2571 23 4096 26
2594 21 4096 20
2612 33 4096 21
2628 6 4096 24
2644 13 4096 22
2662 38 4096 28
2685 27 4096 26
2715 36 4096 26
2752 28 4096 23
2798 2 4096 27
2852 1 4096 22
2915 24 4096 14
2985 5 4096 23
3062 36 4096 28
3144 34 4096 24
3231 11 4096 26
3321 15 4096 30
3414 41 4096 21
3509 24 4096 21
3606 28 4096 23
3704 30 4096 30
3803 43 4096 24
3902 3 4096 24
4001 38 4096 26
4101 10 4096 19
4201 21 4096 27
4301 18 4096 19
4401 14 4096 20
4501 37 4096 24
4601 26 4096 25
4701 17 4096 24
4801 44 4096 25
4901 29 4096 20
5001 33 4096 26
5101 42 4096 23
5201 46 4096 23
5301 25 4096 24
5401 2 4096 24
5501 6 4096 27
5601 22 4096 23
5701 7 4096 20
5801 32 4096 21
5901 13 4096 22
6001 35 4096 21
6101 19 4096 21
6201 27 4096 27
6301 23 4096 30
6401 1 4096 20
6501 45 4096 21
6601 40 4096 20
6701 47 4096 24
6801 39 4096 20
6901 5 4096 20
7001 9 4096 25
7101 31 4096 21
7201 6 4096 22
7301 2 4096 30
7401 30 4096 19
7501 14 4096 25
7601 25 4096 15
7701 23 4096 25
7801 15 4096 22
7901 18 4096 25
8001 36 4096 28
8101 26 4096 20
8201 34 4096 23
8301 29 4096 26
8401 46 4096 19
8501 45 4096 25
8601 22 4096 24
8701 35 4096 30
8801 37 4096 26
8901 17 4096 22
9001 33 4096 19
9101 28 4096 22
9201 11 4096 19
9301 40 4096 21
9401 47 4096 26
9501 7 4096 30
9601 41 4096 22
9701 13 4096 23
9801 31 4096 26
9901 27 4096 21
10001 10 4096 27
10101 39 4096 21
10201 3 4096 17
10301 24 4096 25
10401 19 4096 21
10501 44 4096 24
10601 1 4096 27
10701 5 4096 23
10801 32 4096 26
10901 42 4096 21
11001 9 4096 31
11101 38 4096 25
11201 21 4096 24
11301 43 4096 33
11401 45 4096 30
11501 14 4096 19
