0 32 4096 43
99 13 4096 45
176 23 4096 47
266 15 4096 50
321 14 4096 47
403 11 4096 43
503 30 4096 42
566 5 4096 42
646 42 4096 40
706 38 4096 52
778 12 4096 46
828 44 4096 45
925 35 4096 46
1021 21 4096 51
1095 22 4096 51
1181 8 4096 43
1232 1 4096 45
1312 19 4096 42
1406 6 4096 62
1487 3 4096 50
1552 26 4096 55
1649 33 4096 46
1708 4 4096 41
1782 29 4096 45
1870 16 4096 30
1941 45 4096 53
2029 39 4096 53
2120 18 4096 53
2188 10 4096 45
2249 7 4096 53
2310 34 4096 41
2372 28 4096 42
2453 24 4096 48
2503 27 4096 45
2563 36 4096 56
2619 31 4096 53
2674 40 4096 52
2768 46 4096 47
2830 41 4096 55
2885 17 4096 44
2964 2 4096 29
3035 43 4096 47
3126 25 4096 57
3216 37 4096 48
3293 9 4096 53
3344 20 4096 61
3442 28 4096 43
3496 7 4096 43
3595 16 4096 46
3656 40 4096 60
3746 1 4096 49
3802 30 4096 49
3852 24 4096 52
3945 43 4096 38
4024 44 4096 54
4086 23 4096 38
4160 2 4096 41
4249 6 4096 48
4310 20 4096 50
4410 15 4096 48
4510 42 4096 51
4571 12 4096 41
4637 33 4096 53
4713 22 4096 46
4805 27 4096 47
4901 4 4096 48
4960 13 4096 48
5034 5 4096 55
5133 35 4096 46
5203 31 4096 41
5274 21 4096 42
5360 32 4096 44
5454 41 4096 42
5511 19 4096 42
5586 34 4096 54
5671 11 4096 60
5732 17 4096 41
5808 18 4096 43
5888 9 4096 40
5950 39 4096 48
6042 37 4096 40
6125 45 4096 41
6176 3 4096 51
6250 26 4096 42
6303 29 4096 45
6371 10 4096 60
6448 36 4096 39
6532 25 4096 50
6591 14 4096 31
6671 8 4096 50
6745 38 4096 45
6840 46 4096 50
6916 27 4096 57
6979 42 4096 41
7030 29 4096 46
7093 14 4096 52
7149 22 4096 38
7231 40 4096 50
7291 4 4096 48
7379 28 4096 60
7459 46 4096 53
7546 17 4096 44
7611 23 4096 38
7696 9 4096 44
7779 11 4096 38
7852 31 4096 42
7903 19 4096 52
7969 25 4096 60
8069 21 4096 44
8123 37 4096 47
8208 26 4096 53
8274 18 4096 42
8364 16 4096 54
8444 30 4096 43
8543 13 4096 35
8594 34 4096 50
8666 15 4096 43
8731 35 4096 48
8794 1 4096 55
8869 32 4096 47
8926 44 4096 53
9019 10 4096 43
9115 45 4096 62
9203 3 4096 50
9270 24 4096 49
9370 2 4096 66
9428 5 4096 61
9522 6 4096 38
