0 28 4096 43
99 38 4096 45
176 31 4096 47
266 29 4096 50
321 40 4096 47
403 10 4096 43
503 6 4096 42
566 44 4096 42
646 8 4096 40
706 21 4096 52
778 41 4096 46
828 37 4096 45
925 35 4096 46
1021 25 4096 51
1095 39 4096 51
1181 17 4096 43
1232 26 4096 45
1312 1 4096 42
1406 7 4096 62
1487 43 4096 50
1552 19 4096 55
1649 18 4096 46
1708 34 4096 41
1782 20 4096 45
1870 5 4096 30
1941 46 4096 53
2029 24 4096 53
2120 12 4096 53
2188 42 4096 45
2249 3 4096 53
2310 36 4096 41
2372 9 4096 42
2453 14 4096 48
2503 13 4096 45
2563 30 4096 56
2619 4 4096 53
2674 16 4096 52
2768 15 4096 47
2830 23 4096 55
2885 27 4096 44
2964 2 4096 29
3035 11 4096 47
3126 22 4096 57
3216 45 4096 48
3293 33 4096 53
3344 32 4096 61
3442 37 4096 43
3496 23 4096 43
3595 26 4096 46
3656 5 4096 60
3746 15 4096 49
3802 27 4096 49
3852 42 4096 52
3945 30 4096 38
4024 8 4096 54
4086 38 4096 38
4160 25 4096 41
4249 12 4096 48
4310 18 4096 50
4410 41 4096 48
4510 32 4096 51
4571 13 4096 41
4637 4 4096 53
4713 29 4096 46
4805 44 4096 47
4901 31 4096 48
4960 28 4096 48
5034 11 4096 55
5133 16 4096 46
5203 36 4096 41
5274 19 4096 42
5360 9 4096 44
5454 17 4096 42
5511 1 4096 42
5586 43 4096 54
5671 24 4096 60
5732 14 4096 41
5808 45 4096 43
5888 21 4096 40
5950 10 4096 48
6042 6 4096 40
6125 39 4096 41
6176 46 4096 51
6250 2 4096 42
6303 20 4096 45
6371 35 4096 60
6448 7 4096 39
6532 33 4096 50
6591 3 4096 31
6671 22 4096 50
6745 40 4096 45
6840 34 4096 50
6916 7 4096 57
6979 37 4096 41
7030 45 4096 46
7093 36 4096 52
7149 26 4096 38
7231 39 4096 50
7291 40 4096 48
7379 46 4096 60
7459 34 4096 53
7546 5 4096 44
7611 6 4096 38
7696 25 4096 44
7779 28 4096 38
7852 17 4096 42
7903 24 4096 52
7969 8 4096 60
8069 23 4096 44
8123 30 4096 47
8208 14 4096 53
8274 41 4096 42
8364 43 4096 54
8444 4 4096 43
8543 19 4096 35
8594 27 4096 50
8666 35 4096 43
8731 1 4096 48
8794 3 4096 55
8869 2 4096 47
8926 20 4096 53
9019 22 4096 43
9115 32 4096 62
9203 13 4096 50
9270 38 4096 49
9370 10 4096 66
9428 15 4096 61
9522 16 4096 38
