0 32 4096 86
100 13 4096 90
200 23 4096 94
300 15 4096 100
400 14 4096 94
500 11 4096 86
600 30 4096 84
700 5 4096 84
800 42 4096 80
900 38 4096 104
1000 12 4096 92
1100 44 4096 90
1200 35 4096 92
1300 21 4096 102
1400 22 4096 102
1500 8 4096 86
1600 1 4096 90
1699 19 4096 84
1797 6 4096 124
1894 3 4096 100
1989 26 4096 110
2081 33 4096 92
2169 4 4096 82
2251 29 4096 90
2327 16 4096 60
2394 45 4096 106
2452 39 4096 106
2501 18 4096 106
2540 10 4096 90
2571 7 4096 106
2594 34 4096 82
2612 28 4096 84
2628 24 4096 96
2644 27 4096 90
2662 36 4096 112
2685 31 4096 106
2715 40 4096 104
2752 46 4096 94
2798 41 4096 110
2852 17 4096 88
2915 2 4096 58
2985 43 4096 94
3062 25 4096 114
3144 37 4096 96
3231 9 4096 106
3321 20 4096 122
3414 28 4096 86
3509 7 4096 86
3606 16 4096 92
3704 40 4096 120
3803 1 4096 98
3902 30 4096 98
4001 24 4096 104
4101 43 4096 76
4201 44 4096 108
4301 23 4096 76
4401 2 4096 82
4501 6 4096 96
4601 20 4096 100
4701 15 4096 96
4801 42 4096 102
4901 12 4096 82
5001 33 4096 106
5101 22 4096 92
5201 27 4096 94
5301 4 4096 96
5401 13 4096 96
5501 5 4096 110
5601 35 4096 92
5701 31 4096 82
5801 21 4096 84
5901 32 4096 88
6001 41 4096 84
6101 19 4096 84
6201 34 4096 108
6301 11 4096 120
6401 17 4096 82
6501 18 4096 86
6601 9 4096 80
6701 39 4096 96
6801 37 4096 80
6901 45 4096 82
7001 3 4096 102
7101 26 4096 84
7201 29 4096 90
7301 10 4096 120
7401 36 4096 78
7501 25 4096 100
7601 14 4096 62
7701 8 4096 100
7801 38 4096 90
7901 46 4096 100
8001 27 4096 114
8101 42 4096 82
8201 29 4096 92
8301 14 4096 104
8401 22 4096 76
8501 40 4096 100
8601 4 4096 96
8701 28 4096 120
8801 46 4096 106
8901 17 4096 88
9001 23 4096 76
9101 9 4096 88
9201 11 4096 76
9301 31 4096 84
9401 19 4096 104
9501 25 4096 120
9601 21 4096 88
9701 37 4096 94
9801 26 4096 106
9901 18 4096 84
10001 16 4096 108
10101 30 4096 86
10201 13 4096 70
10301 34 4096 100
10401 15 4096 86
10501 35 4096 96
10601 1 4096 110
10701 32 4096 94
10801 44 4096 106
10901 10 4096 86
11001 45 4096 124
11101 3 4096 100
11201 24 4096 98
11301 2 4096 132
11401 5 4096 122
11501 6 4096 76
