0 23 4096 86
100 40 4096 90
200 33 4096 94
300 24 4096 100
400 38 4096 94
500 32 4096 86
600 19 4096 84
700 14 4096 84
800 17 4096 80
900 39 4096 104
1000 2 4096 92
1100 26 4096 90
1200 5 4096 92
1300 10 4096 102
1400 46 4096 102
1500 18 4096 86
1600 1 4096 90
1699 45 4096 84
1797 36 4096 124
1894 42 4096 100
1989 25 4096 110
2081 11 4096 92
2169 35 4096 82
2251 15 4096 90
2327 27 4096 60
2394 22 4096 106
2452 31 4096 106
2501 21 4096 106
2540 44 4096 90
2571 16 4096 106
2594 7 4096 82
2612 28 4096 84
2628 8 4096 96
2644 43 4096 90
2662 6 4096 112
2685 41 4096 106
2715 3 4096 104
2752 34 4096 94
2798 13 4096 110
2852 29 4096 88
2915 30 4096 58
2985 9 4096 94
3062 20 4096 114
3144 12 4096 96
3231 37 4096 106
3321 4 4096 122
3414 27 4096 86
3509 33 4096 86
3606 28 4096 92
3704 25 4096 120
3803 40 4096 98
3902 12 4096 98
4001 24 4096 104
4101 19 4096 76
4201 15 4096 108
4301 3 4096 76
4401 8 4096 82
4501 31 4096 96
4601 39 4096 100
4701 22 4096 96
4801 17 4096 102
4901 5 4096 82
5001 26 4096 106
5101 43 4096 92
5201 23 4096 94
5301 10 4096 96
5401 18 4096 96
5501 21 4096 110
5601 1 4096 92
5701 32 4096 82
5801 37 4096 84
5901 42 4096 88
6001 20 4096 84
6101 30 4096 84
6201 38 4096 108
6301 35 4096 120
6401 13 4096 82
6501 36 4096 86
6601 2 4096 80
6701 14 4096 96
6801 9 4096 80
6901 29 4096 82
7001 41 4096 102
7101 6 4096 84
7201 44 4096 90
7301 16 4096 120
7401 46 4096 78
7501 45 4096 100
7601 11 4096 62
7701 7 4096 100
7801 4 4096 90
7901 34 4096 100
8001 6 4096 114
8101 21 4096 82
8201 19 4096 92
8301 17 4096 104
8401 37 4096 76
8501 45 4096 100
8601 10 4096 96
8701 28 4096 120
8801 35 4096 106
8901 16 4096 88
9001 24 4096 76
9101 40 4096 88
9201 36 4096 76
9301 11 4096 84
9401 39 4096 104
9501 38 4096 120
9601 3 4096 88
9701 18 4096 94
9801 7 4096 106
9901 4 4096 84
10001 34 4096 108
10101 32 4096 86
10201 43 4096 70
10301 20 4096 100
10401 23 4096 86
10501 1 4096 96
10601 33 4096 110
10701 25 4096 94
10801 15 4096 106
10901 9 4096 86
11001 14 4096 124
11101 2 4096 100
11201 29 4096 98
11301 13 4096 132
11401 31 4096 122
11501 27 4096 76
