0 21 4096 172
100 34 4096 180
200 43 4096 188
300 32 4096 200
400 20 4096 188
500 4 4096 172
600 10 4096 168
700 44 4096 168
800 40 4096 160
900 37 4096 208
1000 30 4096 184
1100 45 4096 180
1200 22 4096 184
1300 16 4096 204
1400 1 4096 204
1500 27 4096 172
1600 12 4096 180
1699 17 4096 168
1797 2 4096 248
1894 18 4096 200
1989 31 4096 220
2081 39 4096 184
2169 13 4096 164
2251 19 4096 180
2327 23 4096 120
2394 36 4096 212
2452 3 4096 212
2501 25 4096 212
2540 14 4096 180
2571 38 4096 212
2594 29 4096 164
2612 6 4096 168
2628 41 4096 192
2644 7 4096 180
2662 15 4096 224
2685 46 4096 212
2715 42 4096 208
2752 33 4096 188
2798 11 4096 220
2852 24 4096 176
2915 9 4096 116
2985 26 4096 188
3062 8 4096 228
3144 35 4096 192
3231 28 4096 212
3321 5 4096 244
3414 12 4096 172
3509 32 4096 172
3606 43 4096 184
3704 27 4096 240
3803 13 4096 196
3902 45 4096 196
4001 1 4096 208
4101 37 4096 152
4201 10 4096 216
4301 7 4096 152
4401 40 4096 164
4501 25 4096 192
4601 3 4096 200
4701 46 4096 192
4801 31 4096 204
4901 33 4096 164
5001 41 4096 212
5101 36 4096 184
5201 11 4096 188
5301 5 4096 192
5401 15 4096 192
5501 18 4096 220
5601 8 4096 184
5701 19 4096 164
5801 21 4096 168
5901 39 4096 176
6001 22 4096 168
6101 34 4096 168
6201 2 4096 216
6301 26 4096 240
6401 28 4096 164
6501 38 4096 172
6601 42 4096 160
6701 35 4096 192
6801 30 4096 160
6901 16 4096 164
7001 20 4096 204
7101 4 4096 168
7201 29 4096 180
7301 44 4096 240
7401 23 4096 156
7501 17 4096 200
7601 14 4096 124
7701 6 4096 200
7801 9 4096 180
7901 24 4096 200
8001 31 4096 228
8101 33 4096 164
8201 2 4096 184
8301 7 4096 208
8401 9 4096 152
8501 4 4096 200
8601 15 4096 192
8701 18 4096 240
8801 40 4096 212
8901 6 4096 176
9001 30 4096 152
9101 5 4096 176
9201 20 4096 152
9301 38 4096 168
9401 10 4096 208
9501 17 4096 240
9601 1 4096 176
9701 27 4096 188
9801 43 4096 212
9901 35 4096 168
10001 11 4096 216
10101 44 4096 172
10201 12 4096 140
10301 26 4096 200
10401 3 4096 172
10501 25 4096 192
10601 29 4096 220
10701 16 4096 188
10801 21 4096 212
10901 36 4096 172
11001 42 4096 248
11101 37 4096 200
11201 22 4096 196
11301 46 4096 264
11401 28 4096 244
11501 32 4096 152
