0 6 4096 64
100 41 4096 67
200 3 4096 70
300 35 4096 75
400 39 4096 70
500 8 4096 64
600 1 4096 63
700 36 4096 63
800 44 4096 60
900 2 4096 78
1000 45 4096 69
1100 4 4096 67
1200 5 4096 69
1300 7 4096 76
1400 11 4096 76
1500 27 4096 64
1600 12 4096 67
1699 46 4096 63
1797 15 4096 93
1894 20 4096 75
1989 23 4096 82
2081 24 4096 69
2169 37 4096 61
2251 38 4096 67
2327 40 4096 45
2394 9 4096 79
2452 10 4096 79
2501 42 4096 79
2540 13 4096 67
2571 14 4096 79
2594 16 4096 61
2612 17 4096 63
2628 18 4096 72
2644 21 4096 67
2662 26 4096 84
2685 28 4096 79
2715 29 4096 78
2752 30 4096 70
2798 33 4096 82
2852 34 4096 66
2915 43 4096 43
2985 19 4096 70
3062 22 4096 85
3144 25 4096 72
3231 31 4096 79
3321 32 4096 91
3414 40 4096 64
3509 8 4096 64
3606 3 4096 69
3704 27 4096 90
3803 2 4096 73
3902 35 4096 73
4001 36 4096 78
4101 1 4096 57
4201 39 4096 81
4301 11 4096 57
4401 41 4096 61
4501 4 4096 72
4601 6 4096 75
4701 44 4096 72
4801 7 4096 76
4901 45 4096 61
5001 5 4096 79
5101 12 4096 69
5201 15 4096 70
5301 20 4096 72
5401 23 4096 72
5501 24 4096 82
5601 37 4096 69
5701 38 4096 61
5801 42 4096 63
5901 46 4096 66
6001 9 4096 63
6101 10 4096 63
6201 13 4096 81
6301 14 4096 90
6401 16 4096 61
6501 17 4096 64
6601 18 4096 60
6701 21 4096 72
6801 26 4096 60
6901 28 4096 61
7001 29 4096 76
7101 30 4096 63
7201 33 4096 67
7301 34 4096 90
7401 43 4096 58
7501 19 4096 75
7601 22 4096 46
7701 25 4096 75
7801 31 4096 67
7901 32 4096 75
8001 46 4096 85
8101 3 4096 61
8201 8 4096 69
8301 39 4096 78
8401 2 4096 57
8501 27 4096 75
8601 11 4096 72
8701 36 4096 90
8801 41 4096 79
8901 6 4096 66
9001 44 4096 57
9101 1 4096 66
9201 5 4096 57
9301 45 4096 63
9401 7 4096 78
9501 12 4096 90
9601 15 4096 66
9701 20 4096 70
9801 23 4096 79
9901 24 4096 63
10001 29 4096 81
10101 35 4096 64
10201 37 4096 52
10301 40 4096 75
10401 9 4096 64
10501 38 4096 72
10601 4 4096 82
10701 10 4096 70
10801 42 4096 79
10901 13 4096 64
11001 14 4096 93
11101 16 4096 75
11201 17 4096 73
11301 18 4096 99
11401 21 4096 91
11501 26 4096 57
