0 45 4096 43
100 42 4096 45
200 34 4096 47
300 15 4096 50
400 25 4096 47
500 24 4096 43
600 32 4096 42
700 27 4096 42
800 21 4096 40
900 37 4096 52
1000 20 4096 46
1100 44 4096 45
1200 29 4096 46
1300 40 4096 51
1400 8 4096 51
1500 33 4096 43
1600 10 4096 45
1699 47 4096 42
1797 18 4096 62
1894 43 4096 50
1989 46 4096 55
2081 28 4096 46
2169 41 4096 41
2251 38 4096 45
2327 39 4096 30
2394 23 4096 53
2452 4 4096 53
2501 9 4096 53
2540 35 4096 45
2571 11 4096 53
2594 14 4096 41
2612 22 4096 42
2628 6 4096 48
2644 5 4096 45
2662 36 4096 56
2685 30 4096 53
2715 26 4096 52
2752 31 4096 47
2798 7 4096 55
2852 19 4096 44
2915 16 4096 29
2985 17 4096 47
3062 29 4096 57
3144 11 4096 48
3231 6 4096 53
3321 4 4096 61
3414 21 4096 43
3509 7 4096 43
3606 34 4096 46
3704 47 4096 60
3803 17 4096 49
3902 10 4096 49
4001 20 4096 52
4101 41 4096 38
4201 16 4096 54
4301 40 4096 38
4401 25 4096 41
4501 27 4096 48
4601 24 4096 50
4701 44 4096 48
4801 14 4096 51
4901 46 4096 41
5001 5 4096 53
5101 30 4096 46
5201 19 4096 47
5301 45 4096 48
5401 33 4096 48
5501 28 4096 55
5601 23 4096 46
5701 8 4096 41
5801 9 4096 42
5901 26 4096 44
6001 22 4096 42
6101 36 4096 42
6201 37 4096 54
6301 39 4096 60
6401 42 4096 41
6501 43 4096 43
6601 31 4096 40
6701 15 4096 48
6801 38 4096 40
6901 18 4096 41
7001 35 4096 51
7101 32 4096 42
7201 20 4096 45
7301 22 4096 60
7401 5 4096 39
7501 38 4096 50
7601 30 4096 31
7701 32 4096 50
7801 28 4096 45
7901 42 4096 50
8001 29 4096 57
8101 27 4096 41
8201 21 4096 46
8301 35 4096 52
8401 17 4096 38
8501 37 4096 50
8601 41 4096 48
8701 10 4096 60
8801 26 4096 53
8901 45 4096 44
9001 39 4096 38
9101 43 4096 44
9201 11 4096 38
9301 25 4096 42
9401 47 4096 52
9501 8 4096 60
9601 19 4096 44
9701 7 4096 47
9801 40 4096 53
9901 24 4096 42
10001 14 4096 54
10101 23 4096 43
10201 18 4096 35
10301 31 4096 50
10401 34 4096 43
10501 9 4096 48
10601 46 4096 55
10701 44 4096 47
10801 6 4096 53
10901 16 4096 43
11001 4 4096 62
11101 15 4096 50
11201 33 4096 49
11301 36 4096 66
11401 35 4096 61
11501 22 4096 38
