0 25 4096 21
100 26 4096 22
200 41 4096 23
300 31 4096 25
400 21 4096 23
500 46 4096 21
600 12 4096 21
700 15 4096 21
800 28 4096 20
900 43 4096 26
1000 9 4096 23
1100 47 4096 22
1200 1 4096 23
1300 39 4096 25
1400 29 4096 25
1500 30 4096 21
1600 44 4096 22
1699 22 4096 21
1797 36 4096 31
1894 27 4096 25
1989 17 4096 27
2081 7 4096 23
2169 33 4096 20
2251 34 4096 22
2327 13 4096 15
2394 14 4096 26
2452 40 4096 26
2501 18 4096 26
2540 20 4096 22
2571 11 4096 26
2594 24 4096 20
2612 38 4096 21
2628 16 4096 24
2644 19 4096 22
2662 32 4096 28
2685 35 4096 26
2715 37 4096 26
2752 3 4096 23
2798 5 4096 27
2852 42 4096 22
2915 45 4096 14
2985 23 4096 23
3062 36 4096 28
3144 26 4096 24
3231 28 4096 26
3321 19 4096 30
3414 20 4096 21
3509 34 4096 21
3606 12 4096 23
3704 3 4096 30
3803 16 4096 24
3902 43 4096 24
4001 21 4096 26
4101 46 4096 19
4201 13 4096 27
4301 14 4096 19
4401 29 4096 20
4501 18 4096 24
4601 32 4096 25
4701 22 4096 24
4801 37 4096 25
4901 27 4096 20
5001 41 4096 26
5101 31 4096 23
5201 9 4096 23
5301 47 4096 24
5401 1 4096 24
5501 38 4096 27
5601 40 4096 23
5701 42 4096 20
5801 44 4096 21
5901 23 4096 22
6001 24 4096 21
6101 15 4096 21
6201 17 4096 27
6301 7 4096 30
6401 33 4096 20
6501 35 4096 21
6601 25 4096 20
6701 39 4096 24
6801 5 4096 20
6901 30 4096 20
7001 45 4096 25
7101 11 4096 21
7201 13 4096 22
7301 27 4096 30
7401 41 4096 19
7501 18 4096 25
7601 44 4096 15
7701 35 4096 25
7801 12 4096 22
7901 38 4096 25
8001 17 4096 28
8101 43 4096 20
8201 45 4096 23
8301 47 4096 26
8401 1 4096 19
8501 39 4096 25
8601 28 4096 24
8701 30 4096 30
8801 20 4096 26
8901 11 4096 22
9001 36 4096 19
9101 3 4096 22
9201 40 4096 19
9301 19 4096 21
9401 32 4096 26
9501 23 4096 30
9601 25 4096 22
9701 26 4096 23
9801 29 4096 26
9901 31 4096 21
10001 9 4096 27
10101 46 4096 21
10201 37 4096 17
10301 14 4096 25
10401 5 4096 21
10501 7 4096 24
10601 33 4096 27
10701 34 4096 23
10801 24 4096 26
10901 15 4096 21
11001 16 4096 31
11101 42 4096 25
11201 21 4096 24
11301 22 4096 33
11401 37 4096 30
11501 14 4096 19
