0 19 4096 64
99 18 4096 67
176 15 4096 70
266 27 4096 75
321 42 4096 70
403 11 4096 64
503 22 4096 63
566 44 4096 63
646 47 4096 60
706 40 4096 78
778 36 4096 69
828 29 4096 67
925 35 4096 69
1021 34 4096 76
1095 23 4096 76
1181 43 4096 64
1232 32 4096 67
1312 28 4096 63
1406 3 4096 93
1487 26 4096 75
1552 9 4096 82
1649 37 4096 69
1708 30 4096 61
1782 24 4096 67
1870 25 4096 45
1941 41 4096 79
2029 1 4096 79
2120 31 4096 79
2188 21 4096 67
2249 38 4096 79
2310 20 4096 61
2372 17 4096 63
2453 39 4096 72
2503 45 4096 67
2563 16 4096 84
2619 13 4096 79
2674 33 4096 78
2768 14 4096 70
2830 12 4096 82
2885 46 4096 66
2964 7 4096 43
3035 5 4096 70
3126 18 4096 85
3216 44 4096 72
3293 47 4096 79
3344 32 4096 91
3442 1 4096 64
3496 25 4096 64
3595 26 4096 69
3656 37 4096 90
3746 39 4096 73
3802 38 4096 73
3852 29 4096 78
3945 34 4096 57
4024 46 4096 81
4086 7 4096 57
4160 20 4096 61
4249 12 4096 72
4310 21 4096 75
4410 11 4096 72
4510 27 4096 76
4571 41 4096 61
4637 23 4096 79
4713 31 4096 69
4805 40 4096 70
4901 15 4096 72
4960 13 4096 72
5034 14 4096 82
5133 5 4096 69
5203 42 4096 61
5274 28 4096 63
5360 17 4096 66
5454 9 4096 63
5511 3 4096 63
5586 22 4096 81
5671 35 4096 90
5732 33 4096 61
5808 43 4096 64
5888 36 4096 60
5950 19 4096 72
6042 24 4096 60
6125 16 4096 61
6176 45 4096 76
6250 30 4096 63
6303 32 4096 67
6371 9 4096 90
6448 16 4096 58
6532 13 4096 75
6591 27 4096 46
6671 22 4096 75
6745 47 4096 67
6840 17 4096 75
6916 40 4096 85
6979 41 4096 61
7030 35 4096 69
7093 7 4096 78
7149 37 4096 57
7231 18 4096 75
7291 31 4096 72
7379 36 4096 90
7459 39 4096 79
7546 19 4096 66
7611 42 4096 57
7696 23 4096 66
7779 34 4096 57
7852 11 4096 63
7903 20 4096 78
7969 33 4096 90
8069 25 4096 66
8123 3 4096 70
8208 12 4096 79
8274 44 4096 63
8364 46 4096 81
8444 5 4096 64
8543 28 4096 52
8594 38 4096 75
8666 43 4096 64
8731 14 4096 72
8794 15 4096 82
8869 29 4096 70
8926 1 4096 79
9019 45 4096 64
9115 30 4096 93
9203 26 4096 75
9270 21 4096 73
9370 24 4096 99
9428 26 4096 91
9522 30 4096 57
