0 46 4096 21
100 2 4096 22
200 47 4096 23
300 34 4096 25
400 23 4096 23
500 44 4096 21
600 7 4096 21
700 28 4096 21
800 29 4096 20
900 13 4096 26
1000 6 4096 23
1100 41 4096 22
1200 25 4096 23
1300 10 4096 25
1400 27 4096 25
1500 1 4096 21
1600 15 4096 22
1699 3 4096 21
1797 24 4096 31
1894 31 4096 25
1989 32 4096 27
2081 17 4096 23
2169 9 4096 20
2251 18 4096 22
2327 11 4096 15
2394 8 4096 26
2452 33 4096 26
2501 22 4096 26
2540 37 4096 22
2571 40 4096 26
2594 36 4096 20
2612 14 4096 21
2628 21 4096 24
2644 45 4096 22
2662 43 4096 28
2685 39 4096 26
2715 20 4096 26
2752 30 4096 23
2798 42 4096 27
2852 38 4096 22
2915 26 4096 14
2985 19 4096 23
3062 5 4096 28
3144 35 4096 24
3231 46 4096 26
3321 28 4096 30
3414 38 4096 21
3509 5 4096 21
3606 40 4096 23
3704 33 4096 30
3803 13 4096 24
3902 15 4096 24
4001 25 4096 26
4101 11 4096 19
4201 34 4096 27
4301 44 4096 19
4401 24 4096 20
4501 36 4096 24
4601 31 4096 25
4701 8 4096 24
4801 47 4096 25
4901 37 4096 20
5001 1 4096 26
5101 6 4096 23
5201 10 4096 23
5301 39 4096 24
5401 43 4096 24
5501 41 4096 27
5601 21 4096 23
5701 35 4096 20
5801 7 4096 21
5901 29 4096 22
6001 3 4096 21
6101 9 4096 21
6201 32 4096 27
6301 23 4096 30
6401 30 4096 20
6501 22 4096 21
6601 27 4096 20
6701 45 4096 24
6801 20 4096 20
6901 19 4096 20
7001 18 4096 25
7101 26 4096 21
7201 42 4096 22
7301 2 4096 30
7401 17 4096 19
7501 14 4096 25
7601 36 4096 15
7701 31 4096 25
7801 21 4096 22
7901 2 4096 25
8001 14 4096 28
8101 35 4096 20
8201 17 4096 23
8301 1 4096 26
8401 41 4096 19
8501 24 4096 25
8601 47 4096 24
8701 23 4096 30
8801 33 4096 26
8901 3 4096 22
9001 10 4096 19
9101 19 4096 22
9201 9 4096 19
9301 39 4096 21
9401 11 4096 26
9501 29 4096 30
9601 27 4096 22
9701 40 4096 23
9801 25 4096 26
9901 43 4096 21
10001 13 4096 27
10101 44 4096 21
10201 32 4096 17
10301 42 4096 25
10401 28 4096 21
10501 26 4096 24
10601 18 4096 27
10701 5 4096 23
10801 38 4096 26
10901 20 4096 21
11001 34 4096 31
11101 45 4096 25
11201 15 4096 24
11301 6 4096 33
11401 37 4096 30
11501 46 4096 19
