0 10 4096 43
100 13 4096 45
200 27 4096 47
300 47 4096 50
400 4 4096 47
500 19 4096 43
600 25 4096 42
700 46 4096 42
800 3 4096 40
900 21 4096 52
1000 28 4096 46
1100 40 4096 45
1200 5 4096 46
1300 16 4096 51
1400 26 4096 51
1500 45 4096 43
1600 7 4096 45
1699 17 4096 42
1797 34 4096 62
1894 39 4096 50
1989 2 4096 55
2081 22 4096 46
2169 32 4096 41
2251 44 4096 45
2327 1 4096 30
2394 20 4096 53
2452 33 4096 53
2501 42 4096 53
2540 9 4096 45
2571 14 4096 53
2594 31 4096 41
2612 41 4096 42
2628 8 4096 48
2644 18 4096 45
2662 30 4096 56
2685 43 4096 53
2715 11 4096 52
2752 15 4096 47
2798 29 4096 55
2852 37 4096 44
2915 6 4096 29
2985 23 4096 47
3062 35 4096 57
3144 38 4096 48
3231 10 4096 53
3321 14 4096 61
3414 26 4096 43
3509 41 4096 43
3606 3 4096 46
3704 13 4096 60
3803 33 4096 49
3902 38 4096 49
4001 9 4096 52
4101 15 4096 38
4201 34 4096 54
4301 45 4096 38
4401 2 4096 41
4501 20 4096 48
4601 29 4096 50
4701 39 4096 48
4801 4 4096 51
4901 18 4096 41
5001 31 4096 53
5101 40 4096 46
5201 6 4096 47
5301 22 4096 48
5401 27 4096 48
5501 46 4096 55
5601 1 4096 46
5701 19 4096 41
5801 35 4096 42
5901 42 4096 44
6001 7 4096 42
6101 16 4096 42
6201 28 4096 54
6301 43 4096 60
6401 8 4096 41
6501 23 4096 43
6601 30 4096 40
6701 47 4096 48
6801 5 4096 40
6901 17 4096 41
7001 25 4096 51
7101 37 4096 42
7201 11 4096 45
7301 21 4096 60
7401 32 4096 39
7501 44 4096 50
7601 11 4096 31
7701 15 4096 50
7801 33 4096 45
7901 45 4096 50
8001 7 4096 57
8101 13 4096 41
8201 30 4096 46
8301 43 4096 52
8401 5 4096 38
8501 21 4096 50
8601 25 4096 48
8701 38 4096 60
8801 4 4096 53
8901 16 4096 44
9001 29 4096 38
9101 47 4096 44
9201 6 4096 38
9301 18 4096 42
9401 32 4096 52
9501 39 4096 60
9601 1 4096 44
9701 17 4096 47
9801 31 4096 53
9901 40 4096 42
10001 3 4096 54
10101 23 4096 43
10201 28 4096 35
10301 46 4096 50
10401 2 4096 43
10501 19 4096 48
10601 26 4096 55
10701 42 4096 47
10801 10 4096 53
10901 20 4096 43
11001 27 4096 62
11101 44 4096 50
11201 8 4096 49
11301 14 4096 66
11401 35 4096 61
11501 41 4096 38
