0 1 4096 32
100 47 4096 33
200 4 4096 35
300 25 4096 37
400 8 4096 35
500 35 4096 32
600 37 4096 31
700 10 4096 31
800 39 4096 30
900 3 4096 39
1000 45 4096 34
1100 5 4096 33
1200 6 4096 34
1300 46 4096 38
1400 11 4096 38
1500 13 4096 32
1600 22 4096 33
1699 27 4096 31
1797 34 4096 46
1894 40 4096 37
1989 41 4096 41
2081 43 4096 34
2169 9 4096 30
2251 7 4096 33
2327 15 4096 22
2394 16 4096 39
2452 17 4096 39
2501 18 4096 39
2540 20 4096 33
2571 21 4096 39
2594 23 4096 30
2612 29 4096 31
2628 31 4096 36
2644 33 4096 33
2662 42 4096 42
2685 44 4096 39
2715 19 4096 39
2752 28 4096 35
2798 30 4096 41
2852 32 4096 33
2915 1 4096 21
2985 47 4096 35
3062 4 4096 42
3144 25 4096 36
3231 8 4096 39
3321 35 4096 45
3414 37 4096 32
3509 10 4096 32
3606 39 4096 34
3704 3 4096 45
3803 45 4096 36
3902 5 4096 36
4001 6 4096 39
4101 46 4096 28
4201 11 4096 40
4301 13 4096 28
4401 22 4096 30
4501 27 4096 36
4601 34 4096 37
4701 40 4096 36
4801 41 4096 38
4901 43 4096 30
5001 9 4096 39
5101 7 4096 34
5201 15 4096 35
5301 16 4096 36
5401 17 4096 36
5501 18 4096 41
5601 20 4096 34
5701 21 4096 30
5801 23 4096 31
5901 29 4096 33
6001 31 4096 31
6101 33 4096 31
6201 42 4096 40
6301 44 4096 45
6401 19 4096 30
6501 28 4096 32
6601 30 4096 30
6701 32 4096 36
6801 1 4096 30
6901 47 4096 30
7001 4 4096 38
7101 25 4096 31
7201 8 4096 33
7301 35 4096 45
7401 37 4096 29
7501 10 4096 37
7601 39 4096 23
7701 3 4096 37
7801 45 4096 33
7901 5 4096 37
8001 6 4096 42
8101 46 4096 30
8201 11 4096 34
8301 13 4096 39
8401 22 4096 28
8501 27 4096 37
8601 34 4096 36
8701 40 4096 45
8801 41 4096 39
8901 43 4096 33
9001 9 4096 28
9101 7 4096 33
9201 15 4096 28
9301 16 4096 31
9401 17 4096 39
9501 18 4096 45
9601 20 4096 33
9701 21 4096 35
9801 23 4096 39
9901 29 4096 31
10001 31 4096 40
10101 33 4096 32
10201 42 4096 26
10301 44 4096 37
10401 19 4096 32
10501 28 4096 36
10601 30 4096 41
10701 32 4096 35
10801 1 4096 39
10901 47 4096 32
11001 4 4096 46
11101 25 4096 37
11201 8 4096 36
11301 35 4096 49
11401 37 4096 45
11501 10 4096 28
