0 35 4096 64
100 1 4096 67
200 37 4096 70
300 8 4096 75
400 17 4096 70
500 45 4096 64
600 22 4096 63
700 24 4096 63
800 40 4096 60
900 2 4096 78
1000 5 4096 69
1100 14 4096 67
1200 18 4096 69
1300 21 4096 76
1400 27 4096 76
1500 31 4096 64
1600 10 4096 67
1699 11 4096 63
1797 25 4096 93
1894 36 4096 75
1989 6 4096 82
2081 39 4096 69
2169 41 4096 61
2251 34 4096 67
2327 4 4096 45
2394 43 4096 79
2452 46 4096 79
2501 12 4096 79
2540 3 4096 67
2571 7 4096 79
2594 44 4096 61
2612 9 4096 63
2628 13 4096 72
2644 15 4096 67
2662 20 4096 84
2685 23 4096 79
2715 26 4096 78
2752 29 4096 70
2798 32 4096 82
2852 33 4096 66
2915 38 4096 43
2985 42 4096 70
3062 16 4096 85
3144 19 4096 72
3231 28 4096 79
3321 30 4096 91
3414 23 4096 64
3509 37 4096 64
3606 2 4096 69
3704 44 4096 90
3803 13 4096 73
3902 8 4096 73
4001 16 4096 78
4101 27 4096 57
4201 30 4096 81
4301 1 4096 57
4401 11 4096 61
4501 35 4096 72
4601 41 4096 75
4701 7 4096 72
4801 20 4096 76
4901 10 4096 61
5001 36 4096 79
5101 25 4096 69
5201 4 4096 70
5301 38 4096 72
5401 39 4096 72
5501 6 4096 82
5601 22 4096 69
5701 43 4096 61
5801 45 4096 63
5901 12 4096 66
6001 34 4096 63
6101 46 4096 63
6201 3 4096 81
6301 5 4096 90
6401 9 4096 61
6501 14 4096 64
6601 15 4096 60
6701 21 4096 72
6801 24 4096 60
6901 26 4096 61
7001 29 4096 76
7101 31 4096 63
7201 32 4096 67
7301 33 4096 90
7401 40 4096 58
7501 42 4096 75
7601 17 4096 46
7701 18 4096 75
7801 19 4096 67
7901 28 4096 75
8001 24 4096 85
8101 10 4096 61
8201 45 4096 69
8301 2 4096 78
8401 34 4096 57
8501 18 4096 75
8601 37 4096 72
8701 40 4096 90
8801 1 4096 79
8901 6 4096 66
9001 46 4096 57
9101 22 4096 66
9201 27 4096 57
9301 5 4096 63
9401 9 4096 78
9501 14 4096 90
9601 21 4096 66
9701 28 4096 70
9801 31 4096 79
9901 25 4096 63
10001 8 4096 81
10101 36 4096 64
10201 11 4096 52
10301 38 4096 75
10401 39 4096 64
10501 4 4096 72
10601 35 4096 82
10701 41 4096 70
10801 43 4096 79
10901 12 4096 64
11001 3 4096 93
11101 7 4096 75
11201 13 4096 73
11301 15 4096 99
11401 44 4096 91
11501 20 4096 57
