0 46 4096 64
99 2 4096 67
176 47 4096 70
266 34 4096 75
321 23 4096 70
403 44 4096 64
503 7 4096 63
566 28 4096 63
646 29 4096 60
706 13 4096 78
778 6 4096 69
828 41 4096 67
925 25 4096 69
1021 10 4096 76
1095 27 4096 76
1181 1 4096 64
1232 15 4096 67
1312 3 4096 63
1406 24 4096 93
1487 31 4096 75
1552 32 4096 82
1649 17 4096 69
1708 9 4096 61
1782 18 4096 67
1870 11 4096 45
1941 8 4096 79
2029 33 4096 79
2120 22 4096 79
2188 37 4096 67
2249 40 4096 79
2310 36 4096 61
2372 14 4096 63
2453 21 4096 72
2503 45 4096 67
2563 43 4096 84
2619 39 4096 79
2674 20 4096 78
2768 30 4096 70
2830 42 4096 82
2885 38 4096 66
2964 26 4096 43
3035 19 4096 70
3126 5 4096 85
3216 35 4096 72
3293 46 4096 79
3344 28 4096 91
3442 38 4096 64
3496 5 4096 64
3595 40 4096 69
3656 33 4096 90
3746 13 4096 73
3802 15 4096 73
3852 25 4096 78
3945 11 4096 57
4024 34 4096 81
4086 44 4096 57
4160 24 4096 61
4249 36 4096 72
4310 31 4096 75
4410 8 4096 72
4510 47 4096 76
4571 37 4096 61
4637 1 4096 79
4713 6 4096 69
4805 10 4096 70
4901 39 4096 72
4960 43 4096 72
5034 41 4096 82
5133 21 4096 69
5203 35 4096 61
5274 7 4096 63
5360 29 4096 66
5454 3 4096 63
5511 9 4096 63
5586 32 4096 81
5671 23 4096 90
5732 30 4096 61
5808 22 4096 64
5888 27 4096 60
5950 45 4096 72
6042 20 4096 60
6125 19 4096 61
6176 18 4096 76
6250 26 4096 63
6303 42 4096 67
6371 2 4096 90
6448 17 4096 58
6532 14 4096 75
6591 36 4096 46
6671 31 4096 75
6745 21 4096 67
6840 2 4096 75
6916 14 4096 85
6979 35 4096 61
7030 17 4096 69
7093 1 4096 78
7149 41 4096 57
7231 24 4096 75
7291 47 4096 72
7379 23 4096 90
7459 33 4096 79
7546 3 4096 66
7611 10 4096 57
7696 19 4096 66
7779 9 4096 57
7852 39 4096 63
7903 11 4096 78
7969 29 4096 90
8069 27 4096 66
8123 40 4096 70
8208 25 4096 79
8274 43 4096 63
8364 13 4096 81
8444 44 4096 64
8543 32 4096 52
8594 42 4096 75
8666 28 4096 64
8731 26 4096 72
8794 18 4096 82
8869 5 4096 70
8926 38 4096 79
9019 20 4096 64
9115 34 4096 93
9203 45 4096 75
9270 15 4096 73
9370 6 4096 99
9428 37 4096 91
9522 46 4096 57
