0 4 4096 43
100 47 4096 45
200 24 4096 47
300 8 4096 50
400 37 4096 47
500 10 4096 43
600 25 4096 42
700 45 4096 42
800 11 4096 40
900 36 4096 52
1000 5 4096 46
1100 6 4096 45
1200 39 4096 46
1300 9 4096 51
1400 22 4096 51
1500 23 4096 43
1600 26 4096 45
1699 27 4096 42
1797 35 4096 62
1894 38 4096 50
1989 41 4096 55
2081 43 4096 46
2169 46 4096 41
2251 7 4096 45
2327 14 4096 30
2394 15 4096 53
2452 16 4096 53
2501 17 4096 53
2540 18 4096 45
2571 20 4096 53
2594 21 4096 41
2612 29 4096 42
2628 33 4096 48
2644 34 4096 45
2662 40 4096 56
2685 42 4096 53
2715 44 4096 52
2752 19 4096 47
2798 28 4096 55
2852 30 4096 44
2915 31 4096 29
2985 32 4096 47
3062 4 4096 57
3144 47 4096 48
3231 24 4096 53
3321 8 4096 61
3414 37 4096 43
3509 10 4096 43
3606 25 4096 46
3704 45 4096 60
3803 11 4096 49
3902 36 4096 49
4001 5 4096 52
4101 6 4096 38
4201 39 4096 54
4301 9 4096 38
4401 22 4096 41
4501 23 4096 48
4601 26 4096 50
4701 27 4096 48
4801 35 4096 51
4901 38 4096 41
5001 41 4096 53
5101 43 4096 46
5201 46 4096 47
5301 7 4096 48
5401 14 4096 48
5501 15 4096 55
5601 16 4096 46
5701 17 4096 41
5801 18 4096 42
5901 20 4096 44
6001 21 4096 42
6101 29 4096 42
6201 33 4096 54
6301 34 4096 60
6401 40 4096 41
6501 42 4096 43
6601 44 4096 40
6701 19 4096 48
6801 28 4096 40
6901 30 4096 41
7001 31 4096 51
7101 32 4096 42
7201 4 4096 45
7301 47 4096 60
7401 24 4096 39
7501 8 4096 50
7601 37 4096 31
7701 10 4096 50
7801 25 4096 45
7901 45 4096 50
8001 11 4096 57
8101 36 4096 41
8201 5 4096 46
8301 6 4096 52
8401 39 4096 38
8501 9 4096 50
8601 22 4096 48
8701 23 4096 60
8801 26 4096 53
8901 27 4096 44
9001 35 4096 38
9101 38 4096 44
9201 41 4096 38
9301 43 4096 42
9401 46 4096 52
9501 7 4096 60
9601 14 4096 44
9701 15 4096 47
9801 16 4096 53
9901 17 4096 42
10001 18 4096 54
10101 20 4096 43
10201 21 4096 35
10301 29 4096 50
10401 33 4096 43
10501 34 4096 48
10601 40 4096 55
10701 42 4096 47
10801 44 4096 53
10901 19 4096 43
11001 28 4096 62
11101 30 4096 50
11201 31 4096 49
11301 32 4096 66
11401 4 4096 61
11501 47 4096 38
