0 1 4096 43
99 11 4096 45
176 45 4096 47
266 15 4096 50
321 5 4096 47
403 34 4096 43
503 44 4096 42
566 47 4096 42
646 29 4096 40
706 27 4096 52
778 37 4096 46
828 19 4096 45
925 9 4096 46
1021 30 4096 51
1095 40 4096 51
1181 43 4096 43
1232 33 4096 45
1312 26 4096 42
1406 13 4096 62
1487 42 4096 50
1552 4 4096 55
1649 7 4096 46
1708 21 4096 41
1782 46 4096 45
1870 24 4096 30
1941 6 4096 53
2029 20 4096 53
2120 18 4096 53
2188 8 4096 45
2249 35 4096 53
2310 41 4096 41
2372 38 4096 42
2453 28 4096 48
2503 3 4096 45
2563 16 4096 56
2619 22 4096 53
2674 25 4096 52
2768 31 4096 47
2830 36 4096 55
2885 23 4096 44
2964 32 4096 29
3035 10 4096 47
3126 17 4096 57
3216 39 4096 48
3293 32 4096 53
3344 10 4096 61
3442 13 4096 43
3496 47 4096 43
3595 5 4096 46
3656 34 4096 60
3746 36 4096 49
3802 42 4096 49
3852 8 4096 52
3945 3 4096 38
4024 45 4096 54
4086 22 4096 38
4160 29 4096 41
4249 6 4096 48
4310 41 4096 50
4410 39 4096 48
4510 24 4096 51
4571 27 4096 41
4637 16 4096 53
4713 23 4096 46
4805 1 4096 47
4901 35 4096 48
4960 40 4096 48
5034 15 4096 55
5133 25 4096 46
5203 11 4096 41
5274 37 4096 42
5360 46 4096 44
5454 33 4096 42
5511 26 4096 42
5586 17 4096 54
5671 38 4096 60
5732 9 4096 41
5808 30 4096 43
5888 44 4096 40
5950 18 4096 48
6042 28 4096 40
6125 7 4096 41
6176 20 4096 51
6250 43 4096 42
6303 4 4096 45
6371 31 4096 60
6448 21 4096 39
6532 19 4096 50
6591 1 4096 31
6671 35 4096 50
6745 41 4096 45
6840 42 4096 50
6916 32 4096 57
6979 30 4096 41
7030 13 4096 46
7093 22 4096 52
7149 8 4096 38
7231 31 4096 50
7291 16 4096 48
7379 23 4096 60
7459 33 4096 53
7546 10 4096 44
7611 44 4096 38
7696 15 4096 44
7779 28 4096 38
7852 34 4096 42
7903 36 4096 52
7969 39 4096 60
8069 4 4096 44
8123 3 4096 47
8208 20 4096 53
8274 38 4096 42
8364 25 4096 54
8444 6 4096 43
8543 17 4096 35
8594 19 4096 50
8666 29 4096 43
8731 27 4096 48
8794 45 4096 55
8869 43 4096 47
8926 24 4096 53
9019 7 4096 43
9115 40 4096 62
9203 46 4096 50
9270 9 4096 49
9370 11 4096 66
9428 21 4096 61
9522 18 4096 38
