0 15 4096 64
99 22 4096 67
176 44 4096 70
266 42 4096 75
321 39 4096 70
403 25 4096 64
503 14 4096 63
566 35 4096 63
646 37 4096 60
706 9 4096 78
778 45 4096 69
828 47 4096 67
925 29 4096 69
1021 18 4096 76
1095 3 4096 76
1181 30 4096 64
1232 11 4096 67
1312 10 4096 63
1406 40 4096 93
1487 31 4096 75
1552 41 4096 82
1649 19 4096 69
1708 46 4096 61
1782 26 4096 67
1870 17 4096 45
1941 32 4096 79
2029 7 4096 79
2120 43 4096 79
2188 34 4096 67
2249 23 4096 79
2310 21 4096 61
2372 33 4096 63
2453 6 4096 72
2503 13 4096 67
2563 38 4096 84
2619 27 4096 79
2674 36 4096 78
2768 28 4096 70
2830 2 4096 82
2885 1 4096 66
2964 24 4096 43
3035 5 4096 70
3126 36 4096 85
3216 34 4096 72
3293 11 4096 79
3344 15 4096 91
3442 41 4096 64
3496 24 4096 64
3595 28 4096 69
3656 30 4096 90
3746 43 4096 73
3802 3 4096 73
3852 38 4096 78
3945 10 4096 57
4024 21 4096 81
4086 18 4096 57
4160 14 4096 61
4249 37 4096 72
4310 26 4096 75
4410 17 4096 72
4510 44 4096 76
4571 29 4096 61
4637 33 4096 79
4713 42 4096 69
4805 46 4096 70
4901 25 4096 72
4960 2 4096 72
5034 6 4096 82
5133 22 4096 69
5203 7 4096 61
5274 32 4096 63
5360 13 4096 66
5454 35 4096 63
5511 19 4096 63
5586 27 4096 81
5671 23 4096 90
5732 1 4096 61
5808 45 4096 64
5888 40 4096 60
5950 47 4096 72
6042 39 4096 60
6125 5 4096 61
6176 9 4096 76
6250 31 4096 63
6303 6 4096 67
6371 2 4096 90
6448 30 4096 58
6532 14 4096 75
6591 25 4096 46
6671 23 4096 75
6745 15 4096 67
6840 18 4096 75
6916 36 4096 85
6979 26 4096 61
7030 34 4096 69
7093 29 4096 78
7149 46 4096 57
7231 45 4096 75
7291 22 4096 72
7379 35 4096 90
7459 37 4096 79
7546 17 4096 66
7611 33 4096 57
7696 28 4096 66
7779 11 4096 57
7852 40 4096 63
7903 47 4096 78
7969 7 4096 90
8069 41 4096 66
8123 13 4096 70
8208 31 4096 79
8274 27 4096 63
8364 10 4096 81
8444 39 4096 64
8543 3 4096 52
8594 24 4096 75
8666 19 4096 64
8731 44 4096 72
8794 1 4096 82
8869 5 4096 70
8926 32 4096 79
9019 42 4096 64
9115 9 4096 93
9203 38 4096 75
9270 21 4096 73
9370 43 4096 99
9428 45 4096 91
9522 14 4096 57
