0 25 4096 43
100 26 4096 45
200 41 4096 47
300 31 4096 50
400 21 4096 47
500 46 4096 43
600 12 4096 42
700 15 4096 42
800 28 4096 40
900 43 4096 52
1000 9 4096 46
1100 47 4096 45
1200 1 4096 46
1300 39 4096 51
1400 29 4096 51
1500 30 4096 43
1600 44 4096 45
1699 22 4096 42
1797 36 4096 62
1894 27 4096 50
1989 17 4096 55
2081 7 4096 46
2169 33 4096 41
2251 34 4096 45
2327 13 4096 30
2394 14 4096 53
2452 40 4096 53
2501 18 4096 53
2540 20 4096 45
2571 11 4096 53
2594 24 4096 41
2612 38 4096 42
2628 16 4096 48
2644 19 4096 45
2662 32 4096 56
2685 35 4096 53
2715 37 4096 52
2752 3 4096 47
2798 5 4096 55
2852 42 4096 44
2915 45 4096 29
2985 23 4096 47
3062 36 4096 57
3144 26 4096 48
3231 28 4096 53
3321 19 4096 61
3414 20 4096 43
3509 34 4096 43
3606 12 4096 46
3704 3 4096 60
3803 16 4096 49
3902 43 4096 49
4001 21 4096 52
4101 46 4096 38
4201 13 4096 54
4301 14 4096 38
4401 29 4096 41
4501 18 4096 48
4601 32 4096 50
4701 22 4096 48
4801 37 4096 51
4901 27 4096 41
5001 41 4096 53
5101 31 4096 46
5201 9 4096 47
5301 47 4096 48
5401 1 4096 48
5501 38 4096 55
5601 40 4096 46
5701 42 4096 41
5801 44 4096 42
5901 23 4096 44
6001 24 4096 42
6101 15 4096 42
6201 17 4096 54
6301 7 4096 60
6401 33 4096 41
6501 35 4096 43
6601 25 4096 40
6701 39 4096 48
6801 5 4096 40
6901 30 4096 41
7001 45 4096 51
7101 11 4096 42
7201 13 4096 45
7301 27 4096 60
7401 41 4096 39
7501 18 4096 50
7601 44 4096 31
7701 35 4096 50
7801 12 4096 45
7901 38 4096 50
8001 17 4096 57
8101 43 4096 41
8201 45 4096 46
8301 47 4096 52
8401 1 4096 38
8501 39 4096 50
8601 28 4096 48
8701 30 4096 60
8801 20 4096 53
8901 11 4096 44
9001 36 4096 38
9101 3 4096 44
9201 40 4096 38
9301 19 4096 42
9401 32 4096 52
9501 23 4096 60
9601 25 4096 44
9701 26 4096 47
9801 29 4096 53
9901 31 4096 42
10001 9 4096 54
10101 46 4096 43
10201 37 4096 35
10301 14 4096 50
10401 5 4096 43
10501 7 4096 48
10601 33 4096 55
10701 34 4096 47
10801 24 4096 53
10901 15 4096 43
11001 16 4096 62
11101 42 4096 50
11201 21 4096 49
11301 22 4096 66
11401 37 4096 61
11501 14 4096 38
