0 14 4096 64
100 45 4096 67
200 10 4096 70
300 36 4096 75
400 34 4096 70
500 4 4096 64
600 19 4096 63
700 29 4096 63
800 1 4096 60
900 39 4096 78
1000 9 4096 69
1100 46 4096 67
1200 13 4096 69
1300 22 4096 76
1400 26 4096 76
1500 33 4096 64
1600 42 4096 67
1699 37 4096 63
1797 2 4096 93
1894 6 4096 75
1989 8 4096 82
2081 11 4096 69
2169 12 4096 61
2251 25 4096 67
2327 35 4096 45
2394 41 4096 79
2452 43 4096 79
2501 3 4096 79
2540 5 4096 67
2571 7 4096 79
2594 15 4096 61
2612 44 4096 63
2628 20 4096 72
2644 21 4096 67
2662 23 4096 84
2685 24 4096 79
2715 27 4096 78
2752 31 4096 70
2798 38 4096 82
2852 40 4096 66
2915 16 4096 43
2985 17 4096 70
3062 18 4096 85
3144 28 4096 72
3231 30 4096 79
3321 32 4096 91
3414 15 4096 64
3509 10 4096 64
3606 45 4096 69
3704 37 4096 90
3803 34 4096 73
3902 1 4096 73
4001 4 4096 78
4101 31 4096 57
4201 18 4096 81
4301 25 4096 57
4401 22 4096 61
4501 38 4096 72
4601 41 4096 75
4701 9 4096 72
4801 46 4096 76
4901 21 4096 61
5001 28 4096 79
5101 2 4096 69
5201 6 4096 70
5301 8 4096 72
5401 12 4096 72
5501 11 4096 82
5601 39 4096 69
5701 24 4096 61
5801 35 4096 63
5901 36 4096 66
6001 43 4096 63
6101 3 4096 63
6201 5 4096 81
6301 7 4096 90
6401 44 4096 61
6501 13 4096 64
6601 14 4096 60
6701 20 4096 72
6801 23 4096 60
6901 26 4096 61
7001 27 4096 76
7101 29 4096 63
7201 32 4096 67
7301 33 4096 90
7401 40 4096 58
7501 42 4096 75
7601 16 4096 46
7701 17 4096 75
7801 19 4096 67
7901 30 4096 75
8001 17 4096 85
8101 10 4096 61
8201 37 4096 69
8301 46 4096 78
8401 1 4096 57
8501 4 4096 75
8601 43 4096 72
8701 20 4096 90
8801 24 4096 79
8901 23 4096 66
9001 38 4096 57
9101 7 4096 66
9201 14 4096 57
9301 29 4096 63
9401 32 4096 78
9501 2 4096 90
9601 8 4096 66
9701 11 4096 70
9801 39 4096 79
9901 25 4096 63
10001 35 4096 81
10101 6 4096 64
10201 36 4096 52
10301 41 4096 75
10401 22 4096 64
10501 45 4096 72
10601 12 4096 82
10701 3 4096 70
10801 44 4096 79
10901 5 4096 64
11001 9 4096 93
11101 13 4096 75
11201 15 4096 73
11301 21 4096 99
11401 26 4096 91
11501 27 4096 57
