0 45 4096 64
100 42 4096 67
200 34 4096 70
300 15 4096 75
400 25 4096 70
500 24 4096 64
600 32 4096 63
700 27 4096 63
800 21 4096 60
900 37 4096 78
1000 20 4096 69
1100 44 4096 67
1200 29 4096 69
1300 40 4096 76
1400 8 4096 76
1500 33 4096 64
1600 10 4096 67
1699 47 4096 63
1797 18 4096 93
1894 43 4096 75
1989 46 4096 82
2081 28 4096 69
2169 41 4096 61
2251 38 4096 67
2327 39 4096 45
2394 23 4096 79
2452 4 4096 79
2501 9 4096 79
2540 35 4096 67
2571 11 4096 79
2594 14 4096 61
2612 22 4096 63
2628 6 4096 72
2644 5 4096 67
2662 36 4096 84
2685 30 4096 79
2715 26 4096 78
2752 31 4096 70
2798 7 4096 82
2852 19 4096 66
2915 16 4096 43
2985 17 4096 70
3062 29 4096 85
3144 11 4096 72
3231 6 4096 79
3321 4 4096 91
3414 21 4096 64
3509 7 4096 64
3606 34 4096 69
3704 47 4096 90
3803 17 4096 73
3902 10 4096 73
4001 20 4096 78
4101 41 4096 57
4201 16 4096 81
4301 40 4096 57
4401 25 4096 61
4501 27 4096 72
4601 24 4096 75
4701 44 4096 72
4801 14 4096 76
4901 46 4096 61
5001 5 4096 79
5101 30 4096 69
5201 19 4096 70
5301 45 4096 72
5401 33 4096 72
5501 28 4096 82
5601 23 4096 69
5701 8 4096 61
5801 9 4096 63
5901 26 4096 66
6001 22 4096 63
6101 36 4096 63
6201 37 4096 81
6301 39 4096 90
6401 42 4096 61
6501 43 4096 64
6601 31 4096 60
6701 15 4096 72
6801 38 4096 60
6901 18 4096 61
7001 35 4096 76
7101 32 4096 63
7201 20 4096 67
7301 22 4096 90
7401 5 4096 58
7501 38 4096 75
7601 30 4096 46
7701 32 4096 75
7801 28 4096 67
7901 42 4096 75
8001 29 4096 85
8101 27 4096 61
8201 21 4096 69
8301 35 4096 78
8401 17 4096 57
8501 37 4096 75
8601 41 4096 72
8701 10 4096 90
8801 26 4096 79
8901 45 4096 66
9001 39 4096 57
9101 43 4096 66
9201 11 4096 57
9301 25 4096 63
9401 47 4096 78
9501 8 4096 90
9601 19 4096 66
9701 7 4096 70
9801 40 4096 79
9901 24 4096 63
10001 14 4096 81
10101 23 4096 64
10201 18 4096 52
10301 31 4096 75
10401 34 4096 64
10501 9 4096 72
10601 46 4096 82
10701 44 4096 70
10801 6 4096 79
10901 16 4096 64
11001 4 4096 93
11101 15 4096 75
11201 33 4096 73
11301 36 4096 99
11401 35 4096 91
11501 22 4096 57
