0 2 4096 64
99 47 4096 67
176 3 4096 70
266 33 4096 75
321 4 4096 70
403 39 4096 64
503 10 4096 63
566 45 4096 63
646 6 4096 60
706 11 4096 78
778 15 4096 69
828 27 4096 67
925 34 4096 69
1021 38 4096 76
1095 8 4096 76
1181 35 4096 64
1232 41 4096 67
1312 43 4096 63
1406 22 4096 93
1487 5 4096 75
1552 46 4096 82
1649 7 4096 69
1708 9 4096 61
1782 14 4096 67
1870 16 4096 45
1941 17 4096 79
2029 23 4096 79
2120 26 4096 79
2188 29 4096 67
2249 31 4096 79
2310 40 4096 61
2372 20 4096 63
2453 42 4096 72
2503 44 4096 67
2563 18 4096 84
2619 19 4096 79
2674 21 4096 78
2768 28 4096 70
2830 30 4096 82
2885 32 4096 66
2964 2 4096 43
3035 47 4096 70
3126 3 4096 85
3216 33 4096 72
3293 4 4096 79
3344 39 4096 91
3442 10 4096 64
3496 45 4096 64
3595 6 4096 69
3656 11 4096 90
3746 15 4096 73
3802 27 4096 73
3852 34 4096 78
3945 38 4096 57
4024 8 4096 81
4086 35 4096 57
4160 41 4096 61
4249 43 4096 72
4310 22 4096 75
4410 5 4096 72
4510 46 4096 76
4571 7 4096 61
4637 9 4096 79
4713 14 4096 69
4805 16 4096 70
4901 17 4096 72
4960 23 4096 72
5034 26 4096 82
5133 29 4096 69
5203 31 4096 61
5274 40 4096 63
5360 20 4096 66
5454 42 4096 63
5511 44 4096 63
5586 18 4096 81
5671 19 4096 90
5732 21 4096 61
5808 28 4096 64
5888 30 4096 60
5950 32 4096 72
6042 2 4096 60
6125 47 4096 61
6176 3 4096 76
6250 33 4096 63
6303 4 4096 67
6371 39 4096 90
6448 10 4096 58
6532 45 4096 75
6591 6 4096 46
6671 11 4096 75
6745 15 4096 67
6840 27 4096 75
6916 34 4096 85
6979 38 4096 61
7030 8 4096 69
7093 35 4096 78
7149 41 4096 57
7231 43 4096 75
7291 22 4096 72
7379 5 4096 90
7459 46 4096 79
7546 7 4096 66
7611 9 4096 57
7696 14 4096 66
7779 16 4096 57
7852 17 4096 63
7903 23 4096 78
7969 26 4096 90
8069 29 4096 66
8123 31 4096 70
8208 40 4096 79
8274 20 4096 63
8364 42 4096 81
8444 44 4096 64
8543 18 4096 52
8594 19 4096 75
8666 21 4096 64
8731 28 4096 72
8794 30 4096 82
8869 32 4096 70
8926 2 4096 79
9019 47 4096 64
9115 3 4096 93
9203 33 4096 75
9270 4 4096 73
9370 39 4096 99
9428 10 4096 91
9522 45 4096 57
