0 26 4096 32
100 30 4096 33
200 9 4096 35
300 39 4096 37
400 18 4096 35
500 46 4096 32
600 24 4096 31
700 28 4096 31
800 34 4096 30
900 14 4096 39
1000 40 4096 34
1100 23 4096 33
1200 2 4096 34
1300 29 4096 38
1400 32 4096 38
1500 13 4096 32
1600 41 4096 33
1699 21 4096 31
1797 27 4096 46
1894 7 4096 37
1989 11 4096 41
2081 36 4096 34
2169 19 4096 30
2251 22 4096 33
2327 25 4096 22
2394 6 4096 39
2452 10 4096 39
2501 37 4096 39
2540 43 4096 33
2571 47 4096 39
2594 1 4096 30
2612 31 4096 31
2628 33 4096 36
2644 38 4096 33
2662 42 4096 42
2685 45 4096 39
2715 3 4096 39
2752 5 4096 35
2798 35 4096 41
2852 15 4096 33
2915 17 4096 21
2985 44 4096 35
3062 27 4096 42
3144 30 4096 36
3231 32 4096 39
3321 38 4096 45
3414 43 4096 32
3509 45 4096 32
3606 2 4096 34
3704 6 4096 45
3803 33 4096 36
3902 13 4096 36
4001 19 4096 39
4101 44 4096 28
4201 24 4096 40
4301 31 4096 28
4401 34 4096 30
4501 39 4096 36
4601 18 4096 37
4701 47 4096 36
4801 1 4096 38
4901 28 4096 30
5001 11 4096 39
5101 37 4096 34
5201 17 4096 35
5301 21 4096 36
5401 26 4096 36
5501 5 4096 41
5601 9 4096 34
5701 36 4096 30
5801 40 4096 31
5901 46 4096 33
6001 25 4096 31
6101 7 4096 31
6201 10 4096 40
6301 15 4096 45
6401 42 4096 30
6501 22 4096 32
6601 3 4096 30
6701 29 4096 36
6801 35 4096 30
6901 14 4096 30
7001 41 4096 38
7101 23 4096 31
7201 3 4096 33
7301 31 4096 45
7401 33 4096 29
7501 39 4096 37
7601 18 4096 23
7701 45 4096 37
7801 1 4096 33
7901 30 4096 37
8001 32 4096 42
8101 13 4096 30
8201 41 4096 34
8301 47 4096 39
8401 2 4096 28
8501 7 4096 37
8601 34 4096 36
8701 15 4096 45
8801 42 4096 39
8901 44 4096 33
9001 26 4096 28
9101 5 4096 33
9201 11 4096 28
9301 36 4096 31
9401 17 4096 39
9501 22 4096 45
9601 24 4096 33
9701 28 4096 35
9801 9 4096 39
9901 38 4096 31
10001 43 4096 40
10101 46 4096 32
10201 25 4096 26
10301 29 4096 37
10401 10 4096 32
10501 37 4096 36
10601 40 4096 41
10701 21 4096 35
10801 27 4096 39
10901 6 4096 32
11001 35 4096 46
11101 14 4096 37
11201 19 4096 36
11301 23 4096 49
11401 2 4096 45
11501 7 4096 28
