0 26 4096 43
99 30 4096 45
176 9 4096 47
266 39 4096 50
321 18 4096 47
403 46 4096 43
503 24 4096 42
566 28 4096 42
646 34 4096 40
706 14 4096 52
778 40 4096 46
828 23 4096 45
925 2 4096 46
1021 29 4096 51
1095 32 4096 51
1181 13 4096 43
1232 41 4096 45
1312 21 4096 42
1406 27 4096 62
1487 7 4096 50
1552 11 4096 55
1649 36 4096 46
1708 19 4096 41
1782 22 4096 45
1870 25 4096 30
1941 6 4096 53
2029 10 4096 53
2120 37 4096 53
2188 43 4096 45
2249 47 4096 53
2310 1 4096 41
2372 31 4096 42
2453 33 4096 48
2503 38 4096 45
2563 42 4096 56
2619 45 4096 53
2674 3 4096 52
2768 5 4096 47
2830 35 4096 55
2885 15 4096 44
2964 17 4096 29
3035 44 4096 47
3126 27 4096 57
3216 30 4096 48
3293 32 4096 53
3344 38 4096 61
3442 43 4096 43
3496 45 4096 43
3595 2 4096 46
3656 6 4096 60
3746 33 4096 49
3802 13 4096 49
3852 19 4096 52
3945 44 4096 38
4024 24 4096 54
4086 31 4096 38
4160 34 4096 41
4249 39 4096 48
4310 18 4096 50
4410 47 4096 48
4510 1 4096 51
4571 28 4096 41
4637 11 4096 53
4713 37 4096 46
4805 17 4096 47
4901 21 4096 48
4960 26 4096 48
5034 5 4096 55
5133 9 4096 46
5203 36 4096 41
5274 40 4096 42
5360 46 4096 44
5454 25 4096 42
5511 7 4096 42
5586 10 4096 54
5671 15 4096 60
5732 42 4096 41
5808 22 4096 43
5888 3 4096 40
5950 29 4096 48
6042 35 4096 40
6125 14 4096 41
6176 41 4096 51
6250 23 4096 42
6303 3 4096 45
6371 31 4096 60
6448 33 4096 39
6532 39 4096 50
6591 18 4096 31
6671 45 4096 50
6745 1 4096 45
6840 30 4096 50
6916 32 4096 57
6979 13 4096 41
7030 41 4096 46
7093 47 4096 52
7149 2 4096 38
7231 7 4096 50
7291 34 4096 48
7379 15 4096 60
7459 42 4096 53
7546 44 4096 44
7611 26 4096 38
7696 5 4096 44
7779 11 4096 38
7852 36 4096 42
7903 17 4096 52
7969 22 4096 60
8069 24 4096 44
8123 28 4096 47
8208 9 4096 53
8274 38 4096 42
8364 43 4096 54
8444 46 4096 43
8543 25 4096 35
8594 29 4096 50
8666 10 4096 43
8731 37 4096 48
8794 40 4096 55
8869 21 4096 47
8926 27 4096 53
9019 6 4096 43
9115 35 4096 62
9203 14 4096 50
9270 19 4096 49
9370 23 4096 66
9428 2 4096 61
9522 7 4096 38
