0 6 4096 64
100 46 4096 67
200 33 4096 70
300 42 4096 75
400 32 4096 70
500 29 4096 64
600 31 4096 63
700 40 4096 63
800 7 4096 60
900 45 4096 78
1000 26 4096 69
1100 41 4096 67
1200 36 4096 69
1300 15 4096 76
1400 25 4096 76
1500 16 4096 64
1600 44 4096 67
1699 18 4096 63
1797 21 4096 93
1894 39 4096 75
1989 3 4096 82
2081 1 4096 69
2169 43 4096 61
2251 24 4096 67
2327 12 4096 45
2394 11 4096 79
2452 14 4096 79
2501 20 4096 79
2540 2 4096 67
2571 22 4096 79
2594 5 4096 61
2612 8 4096 63
2628 4 4096 72
2644 35 4096 67
2662 23 4096 84
2685 34 4096 79
2715 38 4096 78
2752 27 4096 70
2798 9 4096 82
2852 13 4096 66
2915 23 4096 43
2985 22 4096 70
3062 11 4096 85
3144 24 4096 72
3231 43 4096 79
3321 26 4096 91
3414 45 4096 64
3509 20 4096 64
3606 41 4096 69
3704 1 4096 90
3803 16 4096 73
3902 12 4096 73
4001 25 4096 78
4101 18 4096 57
4201 27 4096 81
4301 39 4096 57
4401 46 4096 61
4501 21 4096 72
4601 34 4096 75
4701 4 4096 72
4801 8 4096 76
4901 13 4096 61
5001 3 4096 79
5101 7 4096 69
5201 32 4096 70
5301 35 4096 72
5401 29 4096 72
5501 44 4096 82
5601 38 4096 69
5701 14 4096 61
5801 36 4096 63
5901 2 4096 66
6001 40 4096 63
6101 31 4096 63
6201 15 4096 81
6301 6 4096 90
6401 5 4096 61
6501 9 4096 64
6601 42 4096 60
6701 33 4096 72
6801 40 4096 60
6901 1 4096 61
7001 33 4096 76
7101 31 4096 63
7201 5 4096 67
7301 35 4096 90
7401 23 4096 58
7501 27 4096 75
7601 21 4096 46
7701 45 4096 75
7801 11 4096 67
7901 42 4096 75
8001 24 4096 85
8101 7 4096 61
8201 29 4096 69
8301 36 4096 78
8401 32 4096 57
8501 34 4096 75
8601 12 4096 72
8701 18 4096 90
8801 4 4096 79
8901 15 4096 66
9001 20 4096 57
9101 46 4096 66
9201 22 4096 57
9301 39 4096 63
9401 13 4096 78
9501 41 4096 90
9601 2 4096 66
9701 6 4096 70
9801 43 4096 79
9901 16 4096 63
10001 44 4096 81
10101 14 4096 64
10201 38 4096 52
10301 9 4096 75
10401 3 4096 64
10501 26 4096 72
10601 8 4096 82
10701 25 4096 70
10801 18 4096 79
10901 42 4096 64
11001 3 4096 93
11101 39 4096 75
11201 43 4096 73
11301 20 4096 99
11401 4 4096 91
11501 31 4096 57
