0 39 4096 21
100 44 4096 22
200 29 4096 23
300 20 4096 25
400 19 4096 23
500 47 4096 21
600 10 4096 21
700 45 4096 21
800 30 4096 20
900 46 4096 26
1000 33 4096 23
1100 17 4096 22
1200 7 4096 23
1300 32 4096 25
1400 27 4096 25
1500 16 4096 21
1600 15 4096 22
1699 37 4096 21
1797 23 4096 31
1894 40 4096 25
1989 25 4096 27
2081 41 4096 23
2169 5 4096 20
2251 42 4096 22
2327 28 4096 15
2394 22 4096 26
2452 34 4096 26
2501 4 4096 26
2540 9 4096 22
2571 43 4096 26
2594 6 4096 20
2612 13 4096 21
2628 8 4096 24
2644 1 4096 22
2662 3 4096 28
2685 18 4096 26
2715 11 4096 26
2752 35 4096 23
2798 31 4096 27
2852 21 4096 22
2915 27 4096 14
2985 15 4096 23
3062 7 4096 28
3144 30 4096 24
3231 4 4096 26
3321 25 4096 30
3414 5 4096 21
3509 6 4096 21
3606 13 4096 23
3704 39 4096 30
3803 34 4096 24
3902 46 4096 24
4001 20 4096 26
4101 23 4096 19
4201 42 4096 27
4301 28 4096 19
4401 47 4096 20
4501 41 4096 24
4601 35 4096 25
4701 17 4096 24
4801 22 4096 25
4901 31 4096 20
5001 45 4096 26
5101 37 4096 23
5201 19 4096 23
5301 44 4096 24
5401 32 4096 24
5501 29 4096 27
5601 11 4096 23
5701 33 4096 20
5801 43 4096 21
5901 1 4096 22
6001 9 4096 21
6101 16 4096 21
6201 8 4096 27
6301 40 4096 30
6401 21 4096 20
6501 3 4096 21
6601 18 4096 20
6701 10 4096 24
6801 6 4096 20
6901 43 4096 20
7001 22 4096 25
7101 47 4096 21
7201 8 4096 22
7301 20 4096 30
7401 9 4096 19
7501 5 4096 25
7601 15 4096 15
7701 21 4096 25
7801 10 4096 22
7901 13 4096 25
8001 42 4096 28
8101 33 4096 20
8201 4 4096 23
8301 3 4096 26
8401 28 4096 19
8501 29 4096 25
8601 18 4096 24
8701 16 4096 30
8801 27 4096 26
8901 44 4096 22
9001 11 4096 19
9101 45 4096 22
9201 35 4096 19
9301 32 4096 21
9401 39 4096 26
9501 40 4096 30
9601 17 4096 22
9701 1 4096 23
9801 30 4096 26
9901 41 4096 21
10001 7 4096 27
10101 46 4096 21
10201 25 4096 17
10301 23 4096 25
10401 34 4096 21
10501 19 4096 24
10601 37 4096 27
10701 31 4096 23
10801 25 4096 26
10901 43 4096 21
11001 40 4096 31
11101 21 4096 25
11201 39 4096 24
11301 1 4096 33
11401 33 4096 30
11501 6 4096 19
