0 31 4096 64
99 15 4096 67
176 13 4096 70
266 8 4096 75
321 17 4096 70
403 41 4096 64
503 7 4096 63
566 25 4096 63
646 43 4096 60
706 29 4096 78
778 42 4096 69
828 9 4096 67
925 11 4096 69
1021 40 4096 76
1095 47 4096 76
1181 21 4096 64
1232 4 4096 67
1312 44 4096 63
1406 45 4096 93
1487 37 4096 75
1552 3 4096 82
1649 16 4096 69
1708 27 4096 61
1782 5 4096 67
1870 20 4096 45
1941 39 4096 79
2029 6 4096 79
2120 18 4096 79
2188 26 4096 67
2249 23 4096 79
2310 10 4096 61
2372 33 4096 63
2453 30 4096 72
2503 22 4096 67
2563 36 4096 84
2619 35 4096 79
2674 38 4096 78
2768 1 4096 70
2830 32 4096 82
2885 46 4096 66
2964 24 4096 43
3035 34 4096 70
3126 19 4096 85
3216 28 4096 72
3293 19 4096 79
3344 31 4096 91
3442 25 4096 64
3496 8 4096 64
3595 18 4096 69
3656 5 4096 90
3746 13 4096 73
3802 36 4096 73
3852 44 4096 78
3945 34 4096 57
4024 37 4096 81
4086 23 4096 57
4160 4 4096 61
4249 17 4096 72
4310 15 4096 75
4410 24 4096 72
4510 43 4096 76
4571 46 4096 61
4637 30 4096 79
4713 1 4096 69
4805 29 4096 70
4901 11 4096 72
4960 45 4096 72
5034 28 4096 82
5133 6 4096 69
5203 16 4096 61
5274 41 4096 63
5360 7 4096 66
5454 40 4096 63
5511 42 4096 63
5586 10 4096 81
5671 3 4096 90
5732 38 4096 61
5808 47 4096 64
5888 26 4096 60
5950 39 4096 72
6042 27 4096 60
6125 21 4096 61
6176 35 4096 76
6250 22 4096 63
6303 32 4096 67
6371 9 4096 90
6448 20 4096 58
6532 33 4096 75
6591 10 4096 46
6671 6 4096 75
6745 26 4096 67
6840 23 4096 75
6916 1 4096 85
6979 25 4096 61
7030 24 4096 69
7093 41 4096 78
7149 33 4096 57
7231 39 4096 75
7291 9 4096 72
7379 47 4096 90
7459 15 4096 79
7546 17 4096 66
7611 16 4096 57
7696 11 4096 66
7779 37 4096 57
7852 44 4096 63
7903 3 4096 78
7969 45 4096 90
8069 5 4096 66
8123 7 4096 70
8208 35 4096 79
8274 34 4096 63
8364 31 4096 81
8444 30 4096 64
8543 36 4096 52
8594 18 4096 75
8666 13 4096 64
8731 32 4096 72
8794 8 4096 82
8869 28 4096 70
8926 43 4096 79
9019 4 4096 64
9115 29 4096 93
9203 27 4096 75
9270 21 4096 73
9370 22 4096 99
9428 46 4096 91
9522 42 4096 57
