0 1 4096 32
100 47 4096 33
200 4 4096 35
300 25 4096 37
400 8 4096 35
500 35 4096 32
600 36 4096 31
700 10 4096 31
800 37 4096 30
900 3 4096 39
1000 43 4096 34
1100 5 4096 33
1200 6 4096 34
1300 45 4096 38
1400 11 4096 38
1500 13 4096 32
1600 22 4096 33
1699 39 4096 31
1797 23 4096 46
1894 24 4096 37
1989 34 4096 41
2081 38 4096 34
2169 41 4096 30
2251 9 4096 33
2327 46 4096 22
2394 7 4096 39
2452 15 4096 39
2501 16 4096 39
2540 17 4096 33
2571 18 4096 39
2594 20 4096 30
2612 21 4096 31
2628 26 4096 36
2644 27 4096 33
2662 29 4096 42
2685 31 4096 39
2715 33 4096 39
2752 40 4096 35
2798 42 4096 41
2852 44 4096 33
2915 19 4096 21
2985 28 4096 35
3062 30 4096 42
3144 32 4096 36
3231 1 4096 39
3321 47 4096 45
3414 4 4096 32
3509 25 4096 32
3606 8 4096 34
3704 35 4096 45
3803 36 4096 36
3902 10 4096 36
4001 37 4096 39
4101 3 4096 28
4201 43 4096 40
4301 5 4096 28
4401 6 4096 30
4501 45 4096 36
4601 11 4096 37
4701 13 4096 36
4801 22 4096 38
4901 39 4096 30
5001 23 4096 39
5101 24 4096 34
5201 34 4096 35
5301 38 4096 36
5401 41 4096 36
5501 9 4096 41
5601 46 4096 34
5701 7 4096 30
5801 15 4096 31
5901 16 4096 33
6001 17 4096 31
6101 18 4096 31
6201 20 4096 40
6301 21 4096 45
6401 26 4096 30
6501 27 4096 32
6601 29 4096 30
6701 31 4096 36
6801 33 4096 30
6901 40 4096 30
7001 42 4096 38
7101 44 4096 31
7201 19 4096 33
7301 28 4096 45
7401 30 4096 29
7501 32 4096 37
7601 1 4096 23
7701 47 4096 37
7801 4 4096 33
7901 25 4096 37
8001 8 4096 42
8101 35 4096 30
8201 36 4096 34
8301 10 4096 39
8401 37 4096 28
8501 3 4096 37
8601 43 4096 36
8701 5 4096 45
8801 6 4096 39
8901 45 4096 33
9001 11 4096 28
9101 13 4096 33
9201 22 4096 28
9301 39 4096 31
9401 23 4096 39
9501 24 4096 45
9601 34 4096 33
9701 38 4096 35
9801 41 4096 39
9901 9 4096 31
10001 46 4096 40
10101 7 4096 32
10201 15 4096 26
10301 16 4096 37
10401 17 4096 32
10501 18 4096 36
10601 20 4096 41
10701 21 4096 35
10801 26 4096 39
10901 27 4096 32
11001 29 4096 46
11101 31 4096 37
11201 33 4096 36
11301 40 4096 49
11401 42 4096 45
11501 44 4096 28
