0 23 4096 64
100 25 4096 67
200 26 4096 70
300 40 4096 75
400 45 4096 70
500 33 4096 64
600 44 4096 63
700 34 4096 63
800 7 4096 60
900 18 4096 78
1000 35 4096 69
1100 3 4096 67
1200 27 4096 69
1300 30 4096 76
1400 11 4096 76
1500 38 4096 64
1600 37 4096 67
1699 16 4096 63
1797 28 4096 93
1894 9 4096 75
1989 20 4096 82
2081 29 4096 69
2169 8 4096 61
2251 46 4096 67
2327 6 4096 45
2394 22 4096 79
2452 32 4096 79
2501 15 4096 79
2540 4 4096 67
2571 1 4096 79
2594 42 4096 61
2612 43 4096 63
2628 17 4096 72
2644 2 4096 67
2662 31 4096 84
2685 21 4096 79
2715 19 4096 78
2752 14 4096 70
2798 47 4096 82
2852 13 4096 66
2915 10 4096 43
2985 39 4096 70
3062 41 4096 85
3144 5 4096 72
3231 39 4096 79
3321 34 4096 91
3414 45 4096 64
3509 3 4096 64
3606 28 4096 69
3704 13 4096 90
3803 26 4096 73
3902 7 4096 73
4001 10 4096 78
4101 4 4096 57
4201 29 4096 81
4301 20 4096 57
4401 19 4096 61
4501 38 4096 72
4601 43 4096 75
4701 14 4096 72
4801 21 4096 76
4901 37 4096 61
5001 31 4096 79
5101 27 4096 69
5201 9 4096 70
5301 6 4096 72
5401 8 4096 72
5501 15 4096 82
5601 47 4096 69
5701 2 4096 61
5801 25 4096 63
5901 44 4096 66
6001 22 4096 63
6101 16 4096 63
6201 35 4096 81
6301 18 4096 90
6401 33 4096 61
6501 30 4096 64
6601 23 4096 60
6701 1 4096 72
6801 5 4096 60
6901 46 4096 61
7001 17 4096 76
7101 42 4096 63
7201 11 4096 67
7301 32 4096 90
7401 41 4096 58
7501 40 4096 75
7601 14 4096 46
7701 17 4096 75
7801 3 4096 67
7901 38 4096 75
8001 34 4096 85
8101 18 4096 61
8201 44 4096 69
8301 42 4096 78
8401 41 4096 57
8501 8 4096 75
8601 6 4096 72
8701 10 4096 90
8801 4 4096 79
8901 43 4096 66
9001 1 4096 57
9101 26 4096 66
9201 33 4096 57
9301 29 4096 63
9401 35 4096 78
9501 19 4096 90
9601 23 4096 66
9701 21 4096 70
9801 7 4096 79
9901 47 4096 63
10001 9 4096 81
10101 11 4096 64
10201 5 4096 52
10301 40 4096 75
10401 30 4096 64
10501 2 4096 72
10601 20 4096 82
10701 46 4096 70
10801 31 4096 79
10901 39 4096 64
11001 27 4096 93
11101 25 4096 75
11201 37 4096 73
11301 28 4096 99
11401 22 4096 91
11501 16 4096 57
