0 6 4096 43
100 46 4096 45
200 33 4096 47
300 42 4096 50
400 32 4096 47
500 29 4096 43
600 31 4096 42
700 40 4096 42
800 7 4096 40
900 45 4096 52
1000 26 4096 46
1100 41 4096 45
1200 36 4096 46
1300 15 4096 51
1400 25 4096 51
1500 16 4096 43
1600 44 4096 45
1699 18 4096 42
1797 21 4096 62
1894 39 4096 50
1989 3 4096 55
2081 1 4096 46
2169 43 4096 41
2251 24 4096 45
2327 12 4096 30
2394 11 4096 53
2452 14 4096 53
2501 20 4096 53
2540 2 4096 45
2571 22 4096 53
2594 5 4096 41
2612 8 4096 42
2628 4 4096 48
2644 35 4096 45
2662 23 4096 56
2685 34 4096 53
2715 38 4096 52
2752 27 4096 47
2798 9 4096 55
2852 13 4096 44
2915 23 4096 29
2985 22 4096 47
3062 11 4096 57
3144 24 4096 48
3231 43 4096 53
3321 26 4096 61
3414 45 4096 43
3509 20 4096 43
3606 41 4096 46
3704 1 4096 60
3803 16 4096 49
3902 12 4096 49
4001 25 4096 52
4101 18 4096 38
4201 27 4096 54
4301 39 4096 38
4401 46 4096 41
4501 21 4096 48
4601 34 4096 50
4701 4 4096 48
4801 8 4096 51
4901 13 4096 41
5001 3 4096 53
5101 7 4096 46
5201 32 4096 47
5301 35 4096 48
5401 29 4096 48
5501 44 4096 55
5601 38 4096 46
5701 14 4096 41
5801 36 4096 42
5901 2 4096 44
6001 40 4096 42
6101 31 4096 42
6201 15 4096 54
6301 6 4096 60
6401 5 4096 41
6501 9 4096 43
6601 42 4096 40
6701 33 4096 48
6801 40 4096 40
6901 1 4096 41
7001 33 4096 51
7101 31 4096 42
7201 5 4096 45
7301 35 4096 60
7401 23 4096 39
7501 27 4096 50
7601 21 4096 31
7701 45 4096 50
7801 11 4096 45
7901 42 4096 50
8001 24 4096 57
8101 7 4096 41
8201 29 4096 46
8301 36 4096 52
8401 32 4096 38
8501 34 4096 50
8601 12 4096 48
8701 18 4096 60
8801 4 4096 53
8901 15 4096 44
9001 20 4096 38
9101 46 4096 44
9201 22 4096 38
9301 39 4096 42
9401 13 4096 52
9501 41 4096 60
9601 2 4096 44
9701 6 4096 47
9801 43 4096 53
9901 16 4096 42
10001 44 4096 54
10101 14 4096 43
10201 38 4096 35
10301 9 4096 50
10401 3 4096 43
10501 26 4096 48
10601 8 4096 55
10701 25 4096 47
10801 18 4096 53
10901 42 4096 43
11001 3 4096 62
11101 39 4096 50
11201 43 4096 49
11301 20 4096 66
11401 4 4096 61
11501 31 4096 38
