0 23 4096 64
100 40 4096 67
200 33 4096 70
300 24 4096 75
400 38 4096 70
500 32 4096 64
600 19 4096 63
700 14 4096 63
800 17 4096 60
900 39 4096 78
1000 2 4096 69
1100 26 4096 67
1200 5 4096 69
1300 10 4096 76
1400 46 4096 76
1500 18 4096 64
1600 1 4096 67
1699 45 4096 63
1797 36 4096 93
1894 42 4096 75
1989 25 4096 82
2081 11 4096 69
2169 35 4096 61
2251 15 4096 67
2327 27 4096 45
2394 22 4096 79
2452 31 4096 79
2501 21 4096 79
2540 44 4096 67
2571 16 4096 79
2594 7 4096 61
2612 28 4096 63
2628 8 4096 72
2644 43 4096 67
2662 6 4096 84
2685 41 4096 79
2715 3 4096 78
2752 34 4096 70
2798 13 4096 82
2852 29 4096 66
2915 30 4096 43
2985 9 4096 70
3062 20 4096 85
3144 12 4096 72
3231 37 4096 79
3321 4 4096 91
3414 27 4096 64
3509 33 4096 64
3606 28 4096 69
3704 25 4096 90
3803 40 4096 73
3902 12 4096 73
4001 24 4096 78
4101 19 4096 57
4201 15 4096 81
4301 3 4096 57
4401 8 4096 61
4501 31 4096 72
4601 39 4096 75
4701 22 4096 72
4801 17 4096 76
4901 5 4096 61
5001 26 4096 79
5101 43 4096 69
5201 23 4096 70
5301 10 4096 72
5401 18 4096 72
5501 21 4096 82
5601 1 4096 69
5701 32 4096 61
5801 37 4096 63
5901 42 4096 66
6001 20 4096 63
6101 30 4096 63
6201 38 4096 81
6301 35 4096 90
6401 13 4096 61
6501 36 4096 64
6601 2 4096 60
6701 14 4096 72
6801 9 4096 60
6901 29 4096 61
7001 41 4096 76
7101 6 4096 63
7201 44 4096 67
7301 16 4096 90
7401 46 4096 58
7501 45 4096 75
7601 11 4096 46
7701 7 4096 75
7801 4 4096 67
7901 34 4096 75
8001 6 4096 85
8101 21 4096 61
8201 19 4096 69
8301 17 4096 78
8401 37 4096 57
8501 45 4096 75
8601 10 4096 72
8701 28 4096 90
8801 35 4096 79
8901 16 4096 66
9001 24 4096 57
9101 40 4096 66
9201 36 4096 57
9301 11 4096 63
9401 39 4096 78
9501 38 4096 90
9601 3 4096 66
9701 18 4096 70
9801 7 4096 79
9901 4 4096 63
10001 34 4096 81
10101 32 4096 64
10201 43 4096 52
10301 20 4096 75
10401 23 4096 64
10501 1 4096 72
10601 33 4096 82
10701 25 4096 70
10801 15 4096 79
10901 9 4096 64
11001 14 4096 93
11101 2 4096 75
11201 29 4096 73
11301 13 4096 99
11401 31 4096 91
11501 27 4096 57
