0 31 4096 21
100 15 4096 22
200 13 4096 23
300 8 4096 25
400 17 4096 23
500 41 4096 21
600 7 4096 21
700 25 4096 21
800 43 4096 20
900 29 4096 26
1000 42 4096 23
1100 9 4096 22
1200 11 4096 23
1300 40 4096 25
1400 47 4096 25
1500 21 4096 21
1600 4 4096 22
1699 44 4096 21
1797 45 4096 31
1894 37 4096 25
1989 3 4096 27
2081 16 4096 23
2169 27 4096 20
2251 5 4096 22
2327 20 4096 15
2394 39 4096 26
2452 6 4096 26
2501 18 4096 26
2540 26 4096 22
2571 23 4096 26
2594 10 4096 20
2612 33 4096 21
2628 30 4096 24
2644 22 4096 22
2662 36 4096 28
2685 35 4096 26
2715 38 4096 26
2752 1 4096 23
2798 32 4096 27
2852 46 4096 22
2915 24 4096 14
2985 34 4096 23
3062 19 4096 28
3144 28 4096 24
3231 19 4096 26
3321 31 4096 30
3414 25 4096 21
3509 8 4096 21
3606 18 4096 23
3704 5 4096 30
3803 13 4096 24
3902 36 4096 24
4001 44 4096 26
4101 34 4096 19
4201 37 4096 27
4301 23 4096 19
4401 4 4096 20
4501 17 4096 24
4601 15 4096 25
4701 24 4096 24
4801 43 4096 25
4901 46 4096 20
5001 30 4096 26
5101 1 4096 23
5201 29 4096 23
5301 11 4096 24
5401 45 4096 24
5501 28 4096 27
5601 6 4096 23
5701 16 4096 20
5801 41 4096 21
5901 7 4096 22
6001 40 4096 21
6101 42 4096 21
6201 10 4096 27
6301 3 4096 30
6401 38 4096 20
6501 47 4096 21
6601 26 4096 20
6701 39 4096 24
6801 27 4096 20
6901 21 4096 20
7001 35 4096 25
7101 22 4096 21
7201 32 4096 22
7301 9 4096 30
7401 20 4096 19
7501 33 4096 25
7601 10 4096 15
7701 6 4096 25
7801 26 4096 22
7901 23 4096 25
8001 1 4096 28
8101 25 4096 20
8201 24 4096 23
8301 41 4096 26
8401 33 4096 19
8501 39 4096 25
8601 9 4096 24
8701 47 4096 30
8801 15 4096 26
8901 17 4096 22
9001 16 4096 19
9101 11 4096 22
9201 37 4096 19
9301 44 4096 21
9401 3 4096 26
9501 45 4096 30
9601 5 4096 22
9701 7 4096 23
9801 35 4096 26
9901 34 4096 21
10001 31 4096 27
10101 30 4096 21
10201 36 4096 17
10301 18 4096 25
10401 13 4096 21
10501 32 4096 24
10601 8 4096 27
10701 28 4096 23
10801 43 4096 26
10901 4 4096 21
11001 29 4096 31
11101 27 4096 25
11201 21 4096 24
11301 22 4096 33
11401 46 4096 30
11501 42 4096 19
