0 23 4096 32
100 25 4096 33
200 26 4096 35
300 40 4096 37
400 45 4096 35
500 33 4096 32
600 44 4096 31
700 34 4096 31
800 7 4096 30
900 18 4096 39
1000 35 4096 34
1100 3 4096 33
1200 27 4096 34
1300 30 4096 38
1400 11 4096 38
1500 38 4096 32
1600 37 4096 33
1699 16 4096 31
1797 28 4096 46
1894 9 4096 37
1989 20 4096 41
2081 29 4096 34
2169 8 4096 30
2251 46 4096 33
2327 6 4096 22
2394 22 4096 39
2452 32 4096 39
2501 15 4096 39
2540 4 4096 33
2571 1 4096 39
2594 42 4096 30
2612 43 4096 31
2628 17 4096 36
2644 2 4096 33
2662 31 4096 42
2685 21 4096 39
2715 19 4096 39
2752 14 4096 35
2798 47 4096 41
2852 13 4096 33
2915 10 4096 21
2985 39 4096 35
3062 41 4096 42
3144 5 4096 36
3231 39 4096 39
3321 34 4096 45
3414 45 4096 32
3509 3 4096 32
3606 28 4096 34
3704 13 4096 45
3803 26 4096 36
3902 7 4096 36
4001 10 4096 39
4101 4 4096 28
4201 29 4096 40
4301 20 4096 28
4401 19 4096 30
4501 38 4096 36
4601 43 4096 37
4701 14 4096 36
4801 21 4096 38
4901 37 4096 30
5001 31 4096 39
5101 27 4096 34
5201 9 4096 35
5301 6 4096 36
5401 8 4096 36
5501 15 4096 41
5601 47 4096 34
5701 2 4096 30
5801 25 4096 31
5901 44 4096 33
6001 22 4096 31
6101 16 4096 31
6201 35 4096 40
6301 18 4096 45
6401 33 4096 30
6501 30 4096 32
6601 23 4096 30
6701 1 4096 36
6801 5 4096 30
6901 46 4096 30
7001 17 4096 38
7101 42 4096 31
7201 11 4096 33
7301 32 4096 45
7401 41 4096 29
7501 40 4096 37
7601 14 4096 23
7701 17 4096 37
7801 3 4096 33
7901 38 4096 37
8001 34 4096 42
8101 18 4096 30
8201 44 4096 34
8301 42 4096 39
8401 41 4096 28
8501 8 4096 37
8601 6 4096 36
8701 10 4096 45
8801 4 4096 39
8901 43 4096 33
9001 1 4096 28
9101 26 4096 33
9201 33 4096 28
9301 29 4096 31
9401 35 4096 39
9501 19 4096 45
9601 23 4096 33
9701 21 4096 35
9801 7 4096 39
9901 47 4096 31
10001 9 4096 40
10101 11 4096 32
10201 5 4096 26
10301 40 4096 37
10401 30 4096 32
10501 2 4096 36
10601 20 4096 41
10701 46 4096 35
10801 31 4096 39
10901 39 4096 32
11001 27 4096 46
11101 25 4096 37
11201 37 4096 36
11301 28 4096 49
11401 22 4096 45
11501 16 4096 28
