0 25 4096 64
99 41 4096 67
176 11 4096 70
266 36 4096 75
321 6 4096 70
403 2 4096 64
503 34 4096 63
566 17 4096 63
646 19 4096 60
706 1 4096 78
778 33 4096 69
828 21 4096 67
925 24 4096 69
1021 22 4096 76
1095 8 4096 76
1181 9 4096 64
1232 43 4096 67
1312 23 4096 63
1406 39 4096 93
1487 7 4096 75
1552 10 4096 82
1649 42 4096 69
1708 15 4096 61
1782 20 4096 67
1870 4 4096 45
1941 38 4096 79
2029 32 4096 79
2120 29 4096 79
2188 30 4096 67
2249 37 4096 79
2310 46 4096 61
2372 26 4096 63
2453 44 4096 72
2503 13 4096 67
2563 16 4096 84
2619 31 4096 79
2674 18 4096 78
2768 35 4096 70
2830 40 4096 82
2885 5 4096 66
2964 12 4096 43
3035 27 4096 70
3126 14 4096 85
3216 28 4096 72
3293 45 4096 79
3344 3 4096 91
3442 37 4096 64
3496 29 4096 64
3595 1 4096 69
3656 17 4096 90
3746 5 4096 73
3802 2 4096 73
3852 41 4096 78
3945 24 4096 57
4024 27 4096 81
4086 10 4096 57
4160 32 4096 61
4249 23 4096 72
4310 43 4096 75
4410 13 4096 72
4510 28 4096 76
4571 44 4096 61
4637 20 4096 79
4713 9 4096 69
4805 8 4096 70
4901 45 4096 72
4960 36 4096 72
5034 38 4096 82
5133 15 4096 69
5203 3 4096 61
5274 22 4096 63
5360 18 4096 66
5454 6 4096 63
5511 39 4096 63
5586 31 4096 81
5671 26 4096 90
5732 19 4096 61
5808 14 4096 64
5888 42 4096 60
5950 33 4096 72
6042 40 4096 60
6125 46 4096 61
6176 7 4096 76
6250 21 4096 63
6303 30 4096 67
6371 11 4096 90
6448 34 4096 58
6532 16 4096 75
6591 4 4096 46
6671 12 4096 75
6745 35 4096 67
6840 25 4096 75
6916 29 4096 85
6979 16 4096 61
7030 13 4096 69
7093 33 4096 78
7149 39 4096 57
7231 30 4096 75
7291 1 4096 72
7379 32 4096 90
7459 11 4096 79
7546 10 4096 66
7611 26 4096 57
7696 21 4096 66
7779 3 4096 57
7852 2 4096 63
7903 27 4096 78
7969 31 4096 90
8069 17 4096 66
8123 9 4096 70
8208 5 4096 79
8274 8 4096 63
8364 38 4096 81
8444 35 4096 64
8543 22 4096 52
8594 36 4096 75
8666 15 4096 64
8731 45 4096 72
8794 37 4096 82
8869 25 4096 70
8926 44 4096 79
9019 6 4096 64
9115 23 4096 93
9203 43 4096 75
9270 42 4096 73
9370 18 4096 99
9428 24 4096 91
9522 40 4096 57
