0 20 4096 21
100 38 4096 22
200 14 4096 23
300 34 4096 25
400 3 4096 23
500 37 4096 21
600 15 4096 21
700 45 4096 21
800 23 4096 20
900 27 4096 26
1000 29 4096 23
1100 35 4096 22
1200 21 4096 23
1300 26 4096 25
1400 40 4096 25
1500 33 4096 21
1600 10 4096 22
1699 39 4096 21
1797 30 4096 31
1894 46 4096 25
1989 11 4096 27
2081 5 4096 23
2169 41 4096 20
2251 47 4096 22
2327 2 4096 15
2394 7 4096 26
2452 43 4096 26
2501 44 4096 26
2540 9 4096 22
2571 6 4096 26
2594 31 4096 20
2612 32 4096 21
2628 8 4096 24
2644 36 4096 22
2662 42 4096 28
2685 19 4096 26
2715 1 4096 26
2752 25 4096 23
2798 28 4096 27
2852 18 4096 22
2915 22 4096 14
2985 24 4096 23
3062 13 4096 28
3144 17 4096 24
3231 20 4096 26
3321 24 4096 30
3414 30 4096 21
3509 35 4096 21
3606 3 4096 23
3704 5 4096 30
3803 14 4096 24
3902 19 4096 24
4001 22 4096 26
4101 38 4096 19
4201 28 4096 27
4301 17 4096 19
4401 21 4096 20
4501 6 4096 24
4601 41 4096 25
4701 44 4096 24
4801 8 4096 25
4901 7 4096 20
5001 15 4096 26
5101 47 4096 23
5201 2 4096 23
5301 37 4096 24
5401 13 4096 24
5501 34 4096 27
5601 23 4096 23
5701 27 4096 20
5801 42 4096 21
5901 33 4096 22
6001 9 4096 21
6101 39 4096 21
6201 31 4096 27
6301 32 4096 30
6401 1 4096 20
6501 26 4096 21
6601 29 4096 20
6701 18 4096 24
6801 10 4096 20
6901 25 4096 20
7001 40 4096 25
7101 46 4096 21
7201 11 4096 22
7301 36 4096 30
7401 43 4096 19
7501 45 4096 25
7601 3 4096 15
7701 6 4096 25
7801 43 4096 22
7901 44 4096 25
8001 20 4096 28
8101 39 4096 20
8201 15 4096 23
8301 18 4096 26
8401 9 4096 19
8501 5 4096 25
8601 28 4096 24
8701 46 4096 30
8801 8 4096 26
8901 27 4096 22
9001 41 4096 19
9101 33 4096 22
9201 21 4096 19
9301 38 4096 21
9401 31 4096 26
9501 34 4096 30
9601 23 4096 22
9701 26 4096 23
9801 13 4096 26
9901 17 4096 21
10001 11 4096 27
10101 7 4096 21
10201 14 4096 17
10301 45 4096 25
10401 10 4096 21
10501 37 4096 24
10601 30 4096 27
10701 47 4096 23
10801 22 4096 26
10901 25 4096 21
11001 42 4096 31
11101 32 4096 25
11201 1 4096 24
11301 36 4096 33
11401 40 4096 30
11501 35 4096 19
