0 25 4096 64
100 41 4096 67
200 11 4096 70
300 36 4096 75
400 6 4096 70
500 2 4096 64
600 34 4096 63
700 17 4096 63
800 19 4096 60
900 1 4096 78
1000 33 4096 69
1100 21 4096 67
1200 24 4096 69
1300 22 4096 76
1400 8 4096 76
1500 9 4096 64
1600 43 4096 67
1699 23 4096 63
1797 39 4096 93
1894 7 4096 75
1989 10 4096 82
2081 42 4096 69
2169 15 4096 61
2251 20 4096 67
2327 4 4096 45
2394 38 4096 79
2452 32 4096 79
2501 29 4096 79
2540 30 4096 67
2571 37 4096 79
2594 46 4096 61
2612 26 4096 63
2628 44 4096 72
2644 13 4096 67
2662 16 4096 84
2685 31 4096 79
2715 18 4096 78
2752 35 4096 70
2798 40 4096 82
2852 5 4096 66
2915 12 4096 43
2985 27 4096 70
3062 14 4096 85
3144 28 4096 72
3231 45 4096 79
3321 3 4096 91
3414 37 4096 64
3509 29 4096 64
3606 1 4096 69
3704 17 4096 90
3803 5 4096 73
3902 2 4096 73
4001 41 4096 78
4101 24 4096 57
4201 27 4096 81
4301 10 4096 57
4401 32 4096 61
4501 23 4096 72
4601 43 4096 75
4701 13 4096 72
4801 28 4096 76
4901 44 4096 61
5001 20 4096 79
5101 9 4096 69
5201 8 4096 70
5301 45 4096 72
5401 36 4096 72
5501 38 4096 82
5601 15 4096 69
5701 3 4096 61
5801 22 4096 63
5901 18 4096 66
6001 6 4096 63
6101 39 4096 63
6201 31 4096 81
6301 26 4096 90
6401 19 4096 61
6501 14 4096 64
6601 42 4096 60
6701 33 4096 72
6801 40 4096 60
6901 46 4096 61
7001 7 4096 76
7101 21 4096 63
7201 30 4096 67
7301 11 4096 90
7401 34 4096 58
7501 16 4096 75
7601 4 4096 46
7701 12 4096 75
7801 35 4096 67
7901 25 4096 75
8001 29 4096 85
8101 16 4096 61
8201 13 4096 69
8301 33 4096 78
8401 39 4096 57
8501 30 4096 75
8601 1 4096 72
8701 32 4096 90
8801 11 4096 79
8901 10 4096 66
9001 26 4096 57
9101 21 4096 66
9201 3 4096 57
9301 2 4096 63
9401 27 4096 78
9501 31 4096 90
9601 17 4096 66
9701 9 4096 70
9801 5 4096 79
9901 8 4096 63
10001 38 4096 81
10101 35 4096 64
10201 22 4096 52
10301 36 4096 75
10401 15 4096 64
10501 45 4096 72
10601 37 4096 82
10701 25 4096 70
10801 44 4096 79
10901 6 4096 64
11001 23 4096 93
11101 43 4096 75
11201 42 4096 73
11301 18 4096 99
11401 24 4096 91
11501 40 4096 57
