0 1 4096 43
100 45 4096 45
200 2 4096 47
300 35 4096 50
400 4 4096 47
500 36 4096 43
600 46 4096 42
700 3 4096 42
800 6 4096 40
900 8 4096 52
1000 39 4096 46
1100 11 4096 45
1200 12 4096 46
1300 41 4096 51
1400 13 4096 51
1500 22 4096 43
1600 23 4096 45
1699 24 4096 42
1797 25 4096 62
1894 34 4096 50
1989 38 4096 55
2081 43 4096 46
2169 9 4096 41
2251 44 4096 45
2327 5 4096 30
2394 7 4096 53
2452 14 4096 53
2501 15 4096 53
2540 18 4096 45
2571 20 4096 53
2594 21 4096 41
2612 26 4096 42
2628 27 4096 48
2644 29 4096 45
2662 31 4096 56
2685 32 4096 53
2715 33 4096 52
2752 40 4096 47
2798 42 4096 55
2852 16 4096 44
2915 1 4096 29
2985 45 4096 47
3062 2 4096 57
3144 35 4096 48
3231 4 4096 53
3321 36 4096 61
3414 46 4096 43
3509 3 4096 43
3606 6 4096 46
3704 8 4096 60
3803 39 4096 49
3902 11 4096 49
4001 12 4096 52
4101 41 4096 38
4201 13 4096 54
4301 22 4096 38
4401 23 4096 41
4501 24 4096 48
4601 25 4096 50
4701 34 4096 48
4801 38 4096 51
4901 43 4096 41
5001 9 4096 53
5101 44 4096 46
5201 5 4096 47
5301 7 4096 48
5401 14 4096 48
5501 15 4096 55
5601 18 4096 46
5701 20 4096 41
5801 21 4096 42
5901 26 4096 44
6001 27 4096 42
6101 29 4096 42
6201 31 4096 54
6301 32 4096 60
6401 33 4096 41
6501 40 4096 43
6601 42 4096 40
6701 16 4096 48
6801 1 4096 40
6901 45 4096 41
7001 2 4096 51
7101 35 4096 42
7201 4 4096 45
7301 36 4096 60
7401 46 4096 39
7501 3 4096 50
7601 6 4096 31
7701 8 4096 50
7801 39 4096 45
7901 11 4096 50
8001 12 4096 57
8101 41 4096 41
8201 13 4096 46
8301 22 4096 52
8401 23 4096 38
8501 24 4096 50
8601 25 4096 48
8701 34 4096 60
8801 38 4096 53
8901 43 4096 44
9001 9 4096 38
9101 44 4096 44
9201 5 4096 38
9301 7 4096 42
9401 14 4096 52
9501 15 4096 60
9601 18 4096 44
9701 20 4096 47
9801 21 4096 53
9901 26 4096 42
10001 27 4096 54
10101 29 4096 43
10201 31 4096 35
10301 32 4096 50
10401 33 4096 43
10501 40 4096 48
10601 42 4096 55
10701 16 4096 47
10801 1 4096 53
10901 45 4096 43
11001 2 4096 62
11101 35 4096 50
11201 4 4096 49
11301 36 4096 66
11401 46 4096 61
11501 3 4096 38
