0 1 4096 64
99 11 4096 67
176 45 4096 70
266 15 4096 75
321 5 4096 70
403 34 4096 64
503 44 4096 63
566 47 4096 63
646 29 4096 60
706 27 4096 78
778 37 4096 69
828 19 4096 67
925 9 4096 69
1021 30 4096 76
1095 40 4096 76
1181 43 4096 64
1232 33 4096 67
1312 26 4096 63
1406 13 4096 93
1487 42 4096 75
1552 4 4096 82
1649 7 4096 69
1708 21 4096 61
1782 46 4096 67
1870 24 4096 45
1941 6 4096 79
2029 20 4096 79
2120 18 4096 79
2188 8 4096 67
2249 35 4096 79
2310 41 4096 61
2372 38 4096 63
2453 28 4096 72
2503 3 4096 67
2563 16 4096 84
2619 22 4096 79
2674 25 4096 78
2768 31 4096 70
2830 36 4096 82
2885 23 4096 66
2964 32 4096 43
3035 10 4096 70
3126 17 4096 85
3216 39 4096 72
3293 32 4096 79
3344 10 4096 91
3442 13 4096 64
3496 47 4096 64
3595 5 4096 69
3656 34 4096 90
3746 36 4096 73
3802 42 4096 73
3852 8 4096 78
3945 3 4096 57
4024 45 4096 81
4086 22 4096 57
4160 29 4096 61
4249 6 4096 72
4310 41 4096 75
4410 39 4096 72
4510 24 4096 76
4571 27 4096 61
4637 16 4096 79
4713 23 4096 69
4805 1 4096 70
4901 35 4096 72
4960 40 4096 72
5034 15 4096 82
5133 25 4096 69
5203 11 4096 61
5274 37 4096 63
5360 46 4096 66
5454 33 4096 63
5511 26 4096 63
5586 17 4096 81
5671 38 4096 90
5732 9 4096 61
5808 30 4096 64
5888 44 4096 60
5950 18 4096 72
6042 28 4096 60
6125 7 4096 61
6176 20 4096 76
6250 43 4096 63
6303 4 4096 67
6371 31 4096 90
6448 21 4096 58
6532 19 4096 75
6591 1 4096 46
6671 35 4096 75
6745 41 4096 67
6840 42 4096 75
6916 32 4096 85
6979 30 4096 61
7030 13 4096 69
7093 22 4096 78
7149 8 4096 57
7231 31 4096 75
7291 16 4096 72
7379 23 4096 90
7459 33 4096 79
7546 10 4096 66
7611 44 4096 57
7696 15 4096 66
7779 28 4096 57
7852 34 4096 63
7903 36 4096 78
7969 39 4096 90
8069 4 4096 66
8123 3 4096 70
8208 20 4096 79
8274 38 4096 63
8364 25 4096 81
8444 6 4096 64
8543 17 4096 52
8594 19 4096 75
8666 29 4096 64
8731 27 4096 72
8794 45 4096 82
8869 43 4096 70
8926 24 4096 79
9019 7 4096 64
9115 40 4096 93
9203 46 4096 75
9270 9 4096 73
9370 11 4096 99
9428 21 4096 91
9522 18 4096 57
