0 15 4096 43
99 22 4096 45
176 44 4096 47
266 42 4096 50
321 39 4096 47
403 25 4096 43
503 14 4096 42
566 35 4096 42
646 37 4096 40
706 9 4096 52
778 45 4096 46
828 47 4096 45
925 29 4096 46
1021 18 4096 51
1095 3 4096 51
1181 30 4096 43
1232 11 4096 45
1312 10 4096 42
1406 40 4096 62
1487 31 4096 50
1552 41 4096 55
1649 19 4096 46
1708 46 4096 41
1782 26 4096 45
1870 17 4096 30
1941 32 4096 53
2029 7 4096 53
2120 43 4096 53
2188 34 4096 45
2249 23 4096 53
2310 21 4096 41
2372 33 4096 42
2453 6 4096 48
2503 13 4096 45
2563 38 4096 56
2619 27 4096 53
2674 36 4096 52
2768 28 4096 47
2830 2 4096 55
2885 1 4096 44
2964 24 4096 29
3035 5 4096 47
3126 36 4096 57
3216 34 4096 48
3293 11 4096 53
3344 15 4096 61
3442 41 4096 43
3496 24 4096 43
3595 28 4096 46
3656 30 4096 60
3746 43 4096 49
3802 3 4096 49
3852 38 4096 52
3945 10 4096 38
4024 21 4096 54
4086 18 4096 38
4160 14 4096 41
4249 37 4096 48
4310 26 4096 50
4410 17 4096 48
4510 44 4096 51
4571 29 4096 41
4637 33 4096 53
4713 42 4096 46
4805 46 4096 47
4901 25 4096 48
4960 2 4096 48
5034 6 4096 55
5133 22 4096 46
5203 7 4096 41
5274 32 4096 42
5360 13 4096 44
5454 35 4096 42
5511 19 4096 42
5586 27 4096 54
5671 23 4096 60
5732 1 4096 41
5808 45 4096 43
5888 40 4096 40
5950 47 4096 48
6042 39 4096 40
6125 5 4096 41
6176 9 4096 51
6250 31 4096 42
6303 6 4096 45
6371 2 4096 60
6448 30 4096 39
6532 14 4096 50
6591 25 4096 31
6671 23 4096 50
6745 15 4096 45
6840 18 4096 50
6916 36 4096 57
6979 26 4096 41
7030 34 4096 46
7093 29 4096 52
7149 46 4096 38
7231 45 4096 50
7291 22 4096 48
7379 35 4096 60
7459 37 4096 53
7546 17 4096 44
7611 33 4096 38
7696 28 4096 44
7779 11 4096 38
7852 40 4096 42
7903 47 4096 52
7969 7 4096 60
8069 41 4096 44
8123 13 4096 47
8208 31 4096 53
8274 27 4096 42
8364 10 4096 54
8444 39 4096 43
8543 3 4096 35
8594 24 4096 50
8666 19 4096 43
8731 44 4096 48
8794 1 4096 55
8869 5 4096 47
8926 32 4096 53
9019 42 4096 43
9115 9 4096 62
9203 38 4096 50
9270 21 4096 49
9370 43 4096 66
9428 45 4096 61
9522 14 4096 38
