0 31 4096 43
99 15 4096 45
176 13 4096 47
266 8 4096 50
321 17 4096 47
403 41 4096 43
503 7 4096 42
566 25 4096 42
646 43 4096 40
706 29 4096 52
778 42 4096 46
828 9 4096 45
925 11 4096 46
1021 40 4096 51
1095 47 4096 51
1181 21 4096 43
1232 4 4096 45
1312 44 4096 42
1406 45 4096 62
1487 37 4096 50
1552 3 4096 55
1649 16 4096 46
1708 27 4096 41
1782 5 4096 45
1870 20 4096 30
1941 39 4096 53
2029 6 4096 53
2120 18 4096 53
2188 26 4096 45
2249 23 4096 53
2310 10 4096 41
2372 33 4096 42
2453 30 4096 48
2503 22 4096 45
2563 36 4096 56
2619 35 4096 53
2674 38 4096 52
2768 1 4096 47
2830 32 4096 55
2885 46 4096 44
2964 24 4096 29
3035 34 4096 47
3126 19 4096 57
3216 28 4096 48
3293 19 4096 53
3344 31 4096 61
3442 25 4096 43
3496 8 4096 43
3595 18 4096 46
3656 5 4096 60
3746 13 4096 49
3802 36 4096 49
3852 44 4096 52
3945 34 4096 38
4024 37 4096 54
4086 23 4096 38
4160 4 4096 41
4249 17 4096 48
4310 15 4096 50
4410 24 4096 48
4510 43 4096 51
4571 46 4096 41
4637 30 4096 53
4713 1 4096 46
4805 29 4096 47
4901 11 4096 48
4960 45 4096 48
5034 28 4096 55
5133 6 4096 46
5203 16 4096 41
5274 41 4096 42
5360 7 4096 44
5454 40 4096 42
5511 42 4096 42
5586 10 4096 54
5671 3 4096 60
5732 38 4096 41
5808 47 4096 43
5888 26 4096 40
5950 39 4096 48
6042 27 4096 40
6125 21 4096 41
6176 35 4096 51
6250 22 4096 42
6303 32 4096 45
6371 9 4096 60
6448 20 4096 39
6532 33 4096 50
6591 10 4096 31
6671 6 4096 50
6745 26 4096 45
6840 23 4096 50
6916 1 4096 57
6979 25 4096 41
7030 24 4096 46
7093 41 4096 52
7149 33 4096 38
7231 39 4096 50
7291 9 4096 48
7379 47 4096 60
7459 15 4096 53
7546 17 4096 44
7611 16 4096 38
7696 11 4096 44
7779 37 4096 38
7852 44 4096 42
7903 3 4096 52
7969 45 4096 60
8069 5 4096 44
8123 7 4096 47
8208 35 4096 53
8274 34 4096 42
8364 31 4096 54
8444 30 4096 43
8543 36 4096 35
8594 18 4096 50
8666 13 4096 43
8731 32 4096 48
8794 8 4096 55
8869 28 4096 47
8926 43 4096 53
9019 4 4096 43
9115 29 4096 62
9203 27 4096 50
9270 21 4096 49
9370 22 4096 66
9428 46 4096 61
9522 42 4096 38
