0 6 4096 43
99 46 4096 45
176 33 4096 47
266 42 4096 50
321 32 4096 47
403 29 4096 43
503 31 4096 42
566 40 4096 42
646 7 4096 40
706 45 4096 52
778 26 4096 46
828 41 4096 45
925 36 4096 46
1021 15 4096 51
1095 25 4096 51
1181 16 4096 43
1232 44 4096 45
1312 18 4096 42
1406 21 4096 62
1487 39 4096 50
1552 3 4096 55
1649 1 4096 46
1708 43 4096 41
1782 24 4096 45
1870 12 4096 30
1941 11 4096 53
2029 14 4096 53
2120 20 4096 53
2188 2 4096 45
2249 22 4096 53
2310 5 4096 41
2372 8 4096 42
2453 4 4096 48
2503 35 4096 45
2563 23 4096 56
2619 34 4096 53
2674 38 4096 52
2768 27 4096 47
2830 9 4096 55
2885 13 4096 44
2964 23 4096 29
3035 22 4096 47
3126 11 4096 57
3216 24 4096 48
3293 43 4096 53
3344 26 4096 61
3442 45 4096 43
3496 20 4096 43
3595 41 4096 46
3656 1 4096 60
3746 16 4096 49
3802 12 4096 49
3852 25 4096 52
3945 18 4096 38
4024 27 4096 54
4086 39 4096 38
4160 46 4096 41
4249 21 4096 48
4310 34 4096 50
4410 4 4096 48
4510 8 4096 51
4571 13 4096 41
4637 3 4096 53
4713 7 4096 46
4805 32 4096 47
4901 35 4096 48
4960 29 4096 48
5034 44 4096 55
5133 38 4096 46
5203 14 4096 41
5274 36 4096 42
5360 2 4096 44
5454 40 4096 42
5511 31 4096 42
5586 15 4096 54
5671 6 4096 60
5732 5 4096 41
5808 9 4096 43
5888 42 4096 40
5950 33 4096 48
6042 40 4096 40
6125 1 4096 41
6176 33 4096 51
6250 31 4096 42
6303 5 4096 45
6371 35 4096 60
6448 23 4096 39
6532 27 4096 50
6591 21 4096 31
6671 45 4096 50
6745 11 4096 45
6840 42 4096 50
6916 24 4096 57
6979 7 4096 41
7030 29 4096 46
7093 36 4096 52
7149 32 4096 38
7231 34 4096 50
7291 12 4096 48
7379 18 4096 60
7459 4 4096 53
7546 15 4096 44
7611 20 4096 38
7696 46 4096 44
7779 22 4096 38
7852 39 4096 42
7903 13 4096 52
7969 41 4096 60
8069 2 4096 44
8123 6 4096 47
8208 43 4096 53
8274 16 4096 42
8364 44 4096 54
8444 14 4096 43
8543 38 4096 35
8594 9 4096 50
8666 3 4096 43
8731 26 4096 48
8794 8 4096 55
8869 25 4096 47
8926 18 4096 53
9019 42 4096 43
9115 3 4096 62
9203 39 4096 50
9270 43 4096 49
9370 20 4096 66
9428 4 4096 61
9522 31 4096 38
