0 28 4096 32
100 38 4096 33
200 31 4096 35
300 29 4096 37
400 40 4096 35
500 10 4096 32
600 6 4096 31
700 44 4096 31
800 8 4096 30
900 21 4096 39
1000 41 4096 34
1100 37 4096 33
1200 35 4096 34
1300 25 4096 38
1400 39 4096 38
1500 17 4096 32
1600 26 4096 33
1699 1 4096 31
1797 7 4096 46
1894 43 4096 37
1989 19 4096 41
2081 18 4096 34
2169 34 4096 30
2251 20 4096 33
2327 5 4096 22
2394 46 4096 39
2452 24 4096 39
2501 12 4096 39
2540 42 4096 33
2571 3 4096 39
2594 36 4096 30
2612 9 4096 31
2628 14 4096 36
2644 13 4096 33
2662 30 4096 42
2685 4 4096 39
2715 16 4096 39
2752 15 4096 35
2798 23 4096 41
2852 27 4096 33
2915 2 4096 21
2985 11 4096 35
3062 22 4096 42
3144 45 4096 36
3231 33 4096 39
3321 32 4096 45
3414 37 4096 32
3509 23 4096 32
3606 26 4096 34
3704 5 4096 45
3803 15 4096 36
3902 27 4096 36
4001 42 4096 39
4101 30 4096 28
4201 8 4096 40
4301 38 4096 28
4401 25 4096 30
4501 12 4096 36
4601 18 4096 37
4701 41 4096 36
4801 32 4096 38
4901 13 4096 30
5001 4 4096 39
5101 29 4096 34
5201 44 4096 35
5301 31 4096 36
5401 28 4096 36
5501 11 4096 41
5601 16 4096 34
5701 36 4096 30
5801 19 4096 31
5901 9 4096 33
6001 17 4096 31
6101 1 4096 31
6201 43 4096 40
6301 24 4096 45
6401 14 4096 30
6501 45 4096 32
6601 21 4096 30
6701 10 4096 36
6801 6 4096 30
6901 39 4096 30
7001 46 4096 38
7101 2 4096 31
7201 20 4096 33
7301 35 4096 45
7401 7 4096 29
7501 33 4096 37
7601 3 4096 23
7701 22 4096 37
7801 40 4096 33
7901 34 4096 37
8001 7 4096 42
8101 37 4096 30
8201 45 4096 34
8301 36 4096 39
8401 26 4096 28
8501 39 4096 37
8601 40 4096 36
8701 46 4096 45
8801 34 4096 39
8901 5 4096 33
9001 6 4096 28
9101 25 4096 33
9201 28 4096 28
9301 17 4096 31
9401 24 4096 39
9501 8 4096 45
9601 23 4096 33
9701 30 4096 35
9801 14 4096 39
9901 41 4096 31
10001 43 4096 40
10101 4 4096 32
10201 19 4096 26
10301 27 4096 37
10401 35 4096 32
10501 1 4096 36
10601 3 4096 41
10701 2 4096 35
10801 20 4096 39
10901 22 4096 32
11001 32 4096 46
11101 13 4096 37
11201 38 4096 36
11301 10 4096 49
11401 15 4096 45
11501 16 4096 28
