0 30 4096 64
100 42 4096 67
200 29 4096 70
300 17 4096 75
400 34 4096 70
500 40 4096 64
600 33 4096 63
700 45 4096 63
800 26 4096 60
900 15 4096 78
1000 2 4096 69
1100 16 4096 67
1200 8 4096 69
1300 21 4096 76
1400 28 4096 76
1500 39 4096 64
1600 24 4096 67
1699 23 4096 63
1797 7 4096 93
1894 18 4096 75
1989 3 4096 82
2081 36 4096 69
2169 32 4096 61
2251 19 4096 67
2327 9 4096 45
2394 41 4096 79
2452 10 4096 79
2501 38 4096 79
2540 31 4096 67
2571 37 4096 79
2594 27 4096 61
2612 20 4096 63
2628 35 4096 72
2644 22 4096 67
2662 1 4096 84
2685 44 4096 79
2715 5 4096 78
2752 12 4096 70
2798 25 4096 82
2852 46 4096 66
2915 11 4096 43
2985 13 4096 70
3062 4 4096 85
3144 43 4096 72
3231 6 4096 79
3321 14 4096 91
3414 24 4096 64
3509 44 4096 64
3606 26 4096 69
3704 13 4096 90
3803 8 4096 73
3902 12 4096 73
4001 2 4096 78
4101 16 4096 57
4201 10 4096 81
4301 42 4096 57
4401 35 4096 61
4501 20 4096 72
4601 1 4096 75
4701 40 4096 72
4801 34 4096 76
4901 14 4096 61
5001 5 4096 79
5101 18 4096 69
5201 27 4096 70
5301 22 4096 72
5401 28 4096 72
5501 39 4096 82
5601 33 4096 69
5701 15 4096 61
5801 4 4096 63
5901 38 4096 66
6001 29 4096 63
6101 21 4096 63
6201 7 4096 81
6301 41 4096 90
6401 32 4096 61
6501 19 4096 64
6601 9 4096 60
6701 17 4096 72
6801 30 4096 60
6901 37 4096 61
7001 25 4096 76
7101 23 4096 63
7201 11 4096 67
7301 43 4096 90
7401 3 4096 58
7501 46 4096 75
7601 31 4096 46
7701 36 4096 75
7801 6 4096 67
7901 45 4096 75
8001 11 4096 85
8101 44 4096 61
8201 8 4096 69
8301 15 4096 78
8401 5 4096 57
8501 19 4096 75
8601 34 4096 72
8701 37 4096 90
8801 35 4096 79
8901 17 4096 66
9001 9 4096 57
9101 13 4096 66
9201 10 4096 57
9301 23 4096 63
9401 32 4096 78
9501 18 4096 90
9601 29 4096 66
9701 46 4096 70
9801 2 4096 79
9901 43 4096 63
10001 3 4096 81
10101 39 4096 64
10201 24 4096 52
10301 36 4096 75
10401 25 4096 64
10501 21 4096 72
10601 31 4096 82
10701 16 4096 70
10801 27 4096 79
10901 14 4096 64
11001 4 4096 93
11101 40 4096 75
11201 30 4096 73
11301 45 4096 99
11401 33 4096 91
11501 20 4096 57
