0 30 4096 64
99 42 4096 67
176 29 4096 70
266 17 4096 75
321 34 4096 70
403 40 4096 64
503 33 4096 63
566 45 4096 63
646 26 4096 60
706 15 4096 78
778 2 4096 69
828 16 4096 67
925 8 4096 69
1021 21 4096 76
1095 28 4096 76
1181 39 4096 64
1232 24 4096 67
1312 23 4096 63
1406 7 4096 93
1487 18 4096 75
1552 3 4096 82
1649 36 4096 69
1708 32 4096 61
1782 19 4096 67
1870 9 4096 45
1941 41 4096 79
2029 10 4096 79
2120 38 4096 79
2188 31 4096 67
2249 37 4096 79
2310 27 4096 61
2372 20 4096 63
2453 35 4096 72
2503 22 4096 67
2563 1 4096 84
2619 44 4096 79
2674 5 4096 78
2768 12 4096 70
2830 25 4096 82
2885 46 4096 66
2964 11 4096 43
3035 13 4096 70
3126 4 4096 85
3216 43 4096 72
3293 6 4096 79
3344 14 4096 91
3442 24 4096 64
3496 44 4096 64
3595 26 4096 69
3656 13 4096 90
3746 8 4096 73
3802 12 4096 73
3852 2 4096 78
3945 16 4096 57
4024 10 4096 81
4086 42 4096 57
4160 35 4096 61
4249 20 4096 72
4310 1 4096 75
4410 40 4096 72
4510 34 4096 76
4571 14 4096 61
4637 5 4096 79
4713 18 4096 69
4805 27 4096 70
4901 22 4096 72
4960 28 4096 72
5034 39 4096 82
5133 33 4096 69
5203 15 4096 61
5274 4 4096 63
5360 38 4096 66
5454 29 4096 63
5511 21 4096 63
5586 7 4096 81
5671 41 4096 90
5732 32 4096 61
5808 19 4096 64
5888 9 4096 60
5950 17 4096 72
6042 30 4096 60
6125 37 4096 61
6176 25 4096 76
6250 23 4096 63
6303 11 4096 67
6371 43 4096 90
6448 3 4096 58
6532 46 4096 75
6591 31 4096 46
6671 36 4096 75
6745 6 4096 67
6840 45 4096 75
6916 11 4096 85
6979 44 4096 61
7030 8 4096 69
7093 15 4096 78
7149 5 4096 57
7231 19 4096 75
7291 34 4096 72
7379 37 4096 90
7459 35 4096 79
7546 17 4096 66
7611 9 4096 57
7696 13 4096 66
7779 10 4096 57
7852 23 4096 63
7903 32 4096 78
7969 18 4096 90
8069 29 4096 66
8123 46 4096 70
8208 2 4096 79
8274 43 4096 63
8364 3 4096 81
8444 39 4096 64
8543 24 4096 52
8594 36 4096 75
8666 25 4096 64
8731 21 4096 72
8794 31 4096 82
8869 16 4096 70
8926 27 4096 79
9019 14 4096 64
9115 4 4096 93
9203 40 4096 75
9270 30 4096 73
9370 45 4096 99
9428 33 4096 91
9522 20 4096 57
