0 23 4096 43
100 25 4096 45
200 26 4096 47
300 40 4096 50
400 45 4096 47
500 33 4096 43
600 44 4096 42
700 34 4096 42
800 7 4096 40
900 18 4096 52
1000 35 4096 46
1100 3 4096 45
1200 27 4096 46
1300 30 4096 51
1400 11 4096 51
1500 38 4096 43
1600 37 4096 45
1699 16 4096 42
1797 28 4096 62
1894 9 4096 50
1989 20 4096 55
2081 29 4096 46
2169 8 4096 41
2251 46 4096 45
2327 6 4096 30
2394 22 4096 53
2452 32 4096 53
2501 15 4096 53
2540 4 4096 45
2571 1 4096 53
2594 42 4096 41
2612 43 4096 42
2628 17 4096 48
2644 2 4096 45
2662 31 4096 56
2685 21 4096 53
2715 19 4096 52
2752 14 4096 47
2798 47 4096 55
2852 13 4096 44
2915 10 4096 29
2985 39 4096 47
3062 41 4096 57
3144 5 4096 48
3231 39 4096 53
3321 34 4096 61
3414 45 4096 43
3509 3 4096 43
3606 28 4096 46
3704 13 4096 60
3803 26 4096 49
3902 7 4096 49
4001 10 4096 52
4101 4 4096 38
4201 29 4096 54
4301 20 4096 38
4401 19 4096 41
4501 38 4096 48
4601 43 4096 50
4701 14 4096 48
4801 21 4096 51
4901 37 4096 41
5001 31 4096 53
5101 27 4096 46
5201 9 4096 47
5301 6 4096 48
5401 8 4096 48
5501 15 4096 55
5601 47 4096 46
5701 2 4096 41
5801 25 4096 42
5901 44 4096 44
6001 22 4096 42
6101 16 4096 42
6201 35 4096 54
6301 18 4096 60
6401 33 4096 41
6501 30 4096 43
6601 23 4096 40
6701 1 4096 48
6801 5 4096 40
6901 46 4096 41
7001 17 4096 51
7101 42 4096 42
7201 11 4096 45
7301 32 4096 60
7401 41 4096 39
7501 40 4096 50
7601 14 4096 31
7701 17 4096 50
7801 3 4096 45
7901 38 4096 50
8001 34 4096 57
8101 18 4096 41
8201 44 4096 46
8301 42 4096 52
8401 41 4096 38
8501 8 4096 50
8601 6 4096 48
8701 10 4096 60
8801 4 4096 53
8901 43 4096 44
9001 1 4096 38
9101 26 4096 44
9201 33 4096 38
9301 29 4096 42
9401 35 4096 52
9501 19 4096 60
9601 23 4096 44
9701 21 4096 47
9801 7 4096 53
9901 47 4096 42
10001 9 4096 54
10101 11 4096 43
10201 5 4096 35
10301 40 4096 50
10401 30 4096 43
10501 2 4096 48
10601 20 4096 55
10701 46 4096 47
10801 31 4096 53
10901 39 4096 43
11001 27 4096 62
11101 25 4096 50
11201 37 4096 49
11301 28 4096 66
11401 22 4096 61
11501 16 4096 38
