0 1 4096 64
99 47 4096 67
176 2 4096 70
266 45 4096 75
321 10 4096 70
403 37 4096 64
503 3 4096 63
566 34 4096 63
646 4 4096 60
706 39 4096 78
778 46 4096 69
828 5 4096 67
925 6 4096 69
1021 8 4096 76
1095 25 4096 76
1181 11 4096 64
1232 13 4096 67
1312 22 4096 63
1406 41 4096 93
1487 23 4096 75
1552 27 4096 82
1649 35 4096 69
1708 38 4096 61
1782 43 4096 67
1870 7 4096 45
1941 9 4096 79
2029 14 4096 79
2120 44 4096 79
2188 15 4096 67
2249 16 4096 79
2310 17 4096 61
2372 18 4096 63
2453 20 4096 72
2503 26 4096 67
2563 29 4096 84
2619 31 4096 79
2674 32 4096 78
2768 33 4096 70
2830 40 4096 82
2885 42 4096 66
2964 19 4096 43
3035 21 4096 70
3126 28 4096 85
3216 30 4096 72
3293 1 4096 79
3344 47 4096 91
3442 2 4096 64
3496 45 4096 64
3595 10 4096 69
3656 37 4096 90
3746 3 4096 73
3802 34 4096 73
3852 4 4096 78
3945 39 4096 57
4024 46 4096 81
4086 5 4096 57
4160 6 4096 61
4249 8 4096 72
4310 25 4096 75
4410 11 4096 72
4510 13 4096 76
4571 22 4096 61
4637 41 4096 79
4713 23 4096 69
4805 27 4096 70
4901 35 4096 72
4960 38 4096 72
5034 43 4096 82
5133 7 4096 69
5203 9 4096 61
5274 14 4096 63
5360 44 4096 66
5454 15 4096 63
5511 16 4096 63
5586 17 4096 81
5671 18 4096 90
5732 20 4096 61
5808 26 4096 64
5888 29 4096 60
5950 31 4096 72
6042 32 4096 60
6125 33 4096 61
6176 40 4096 76
6250 42 4096 63
6303 19 4096 67
6371 21 4096 90
6448 28 4096 58
6532 30 4096 75
6591 1 4096 46
6671 47 4096 75
6745 2 4096 67
6840 45 4096 75
6916 10 4096 85
6979 37 4096 61
7030 3 4096 69
7093 34 4096 78
7149 4 4096 57
7231 39 4096 75
7291 46 4096 72
7379 5 4096 90
7459 6 4096 79
7546 8 4096 66
7611 25 4096 57
7696 11 4096 66
7779 13 4096 57
7852 22 4096 63
7903 41 4096 78
7969 23 4096 90
8069 27 4096 66
8123 35 4096 70
8208 38 4096 79
8274 43 4096 63
8364 7 4096 81
8444 9 4096 64
8543 14 4096 52
8594 44 4096 75
8666 15 4096 64
8731 16 4096 72
8794 17 4096 82
8869 18 4096 70
8926 20 4096 79
9019 26 4096 64
9115 29 4096 93
9203 31 4096 75
9270 32 4096 73
9370 33 4096 99
9428 40 4096 91
9522 42 4096 57
