0 1 4096 32
100 47 4096 33
200 2 4096 35
300 45 4096 37
400 10 4096 35
500 37 4096 32
600 3 4096 31
700 34 4096 31
800 36 4096 30
900 8 4096 39
1000 5 4096 34
1100 46 4096 33
1200 6 4096 34
1300 39 4096 38
1400 11 4096 38
1500 13 4096 32
1600 22 4096 33
1699 24 4096 31
1797 25 4096 46
1894 23 4096 37
1989 35 4096 41
2081 38 4096 34
2169 41 4096 30
2251 9 4096 33
2327 43 4096 22
2394 7 4096 39
2452 14 4096 39
2501 15 4096 39
2540 44 4096 33
2571 17 4096 39
2594 18 4096 30
2612 20 4096 31
2628 21 4096 36
2644 26 4096 33
2662 27 4096 42
2685 29 4096 39
2715 31 4096 39
2752 33 4096 35
2798 40 4096 41
2852 42 4096 33
2915 19 4096 21
2985 28 4096 35
3062 30 4096 42
3144 32 4096 36
3231 1 4096 39
3321 47 4096 45
3414 2 4096 32
3509 45 4096 32
3606 10 4096 34
3704 37 4096 45
3803 3 4096 36
3902 34 4096 36
4001 36 4096 39
4101 8 4096 28
4201 5 4096 40
4301 46 4096 28
4401 6 4096 30
4501 39 4096 36
4601 11 4096 37
4701 13 4096 36
4801 22 4096 38
4901 24 4096 30
5001 25 4096 39
5101 23 4096 34
5201 35 4096 35
5301 38 4096 36
5401 41 4096 36
5501 9 4096 41
5601 43 4096 34
5701 7 4096 30
5801 14 4096 31
5901 15 4096 33
6001 44 4096 31
6101 17 4096 31
6201 18 4096 40
6301 20 4096 45
6401 21 4096 30
6501 26 4096 32
6601 27 4096 30
6701 29 4096 36
6801 31 4096 30
6901 33 4096 30
7001 40 4096 38
7101 42 4096 31
7201 19 4096 33
7301 28 4096 45
7401 30 4096 29
7501 32 4096 37
7601 1 4096 23
7701 47 4096 37
7801 2 4096 33
7901 45 4096 37
8001 10 4096 42
8101 37 4096 30
8201 3 4096 34
8301 34 4096 39
8401 36 4096 28
8501 8 4096 37
8601 5 4096 36
8701 46 4096 45
8801 6 4096 39
8901 39 4096 33
9001 11 4096 28
9101 13 4096 33
9201 22 4096 28
9301 24 4096 31
9401 25 4096 39
9501 23 4096 45
9601 35 4096 33
9701 38 4096 35
9801 41 4096 39
9901 9 4096 31
10001 43 4096 40
10101 7 4096 32
10201 14 4096 26
10301 15 4096 37
10401 44 4096 32
10501 17 4096 36
10601 18 4096 41
10701 20 4096 35
10801 21 4096 39
10901 26 4096 32
11001 27 4096 46
11101 29 4096 37
11201 31 4096 36
11301 33 4096 49
11401 40 4096 45
11501 42 4096 28
