0 4 4096 43
99 47 4096 45
176 24 4096 47
266 8 4096 50
321 37 4096 47
403 10 4096 43
503 25 4096 42
566 45 4096 42
646 11 4096 40
706 36 4096 52
778 5 4096 46
828 6 4096 45
925 39 4096 46
1021 9 4096 51
1095 22 4096 51
1181 23 4096 43
1232 26 4096 45
1312 27 4096 42
1406 35 4096 62
1487 38 4096 50
1552 41 4096 55
1649 43 4096 46
1708 46 4096 41
1782 7 4096 45
1870 14 4096 30
1941 15 4096 53
2029 16 4096 53
2120 17 4096 53
2188 18 4096 45
2249 20 4096 53
2310 21 4096 41
2372 29 4096 42
2453 33 4096 48
2503 34 4096 45
2563 40 4096 56
2619 42 4096 53
2674 44 4096 52
2768 19 4096 47
2830 28 4096 55
2885 30 4096 44
2964 31 4096 29
3035 32 4096 47
3126 4 4096 57
3216 47 4096 48
3293 24 4096 53
3344 8 4096 61
3442 37 4096 43
3496 10 4096 43
3595 25 4096 46
3656 45 4096 60
3746 11 4096 49
3802 36 4096 49
3852 5 4096 52
3945 6 4096 38
4024 39 4096 54
4086 9 4096 38
4160 22 4096 41
4249 23 4096 48
4310 26 4096 50
4410 27 4096 48
4510 35 4096 51
4571 38 4096 41
4637 41 4096 53
4713 43 4096 46
4805 46 4096 47
4901 7 4096 48
4960 14 4096 48
5034 15 4096 55
5133 16 4096 46
5203 17 4096 41
5274 18 4096 42
5360 20 4096 44
5454 21 4096 42
5511 29 4096 42
5586 33 4096 54
5671 34 4096 60
5732 40 4096 41
5808 42 4096 43
5888 44 4096 40
5950 19 4096 48
6042 28 4096 40
6125 30 4096 41
6176 31 4096 51
6250 32 4096 42
6303 4 4096 45
6371 47 4096 60
6448 24 4096 39
6532 8 4096 50
6591 37 4096 31
6671 10 4096 50
6745 25 4096 45
6840 45 4096 50
6916 11 4096 57
6979 36 4096 41
7030 5 4096 46
7093 6 4096 52
7149 39 4096 38
7231 9 4096 50
7291 22 4096 48
7379 23 4096 60
7459 26 4096 53
7546 27 4096 44
7611 35 4096 38
7696 38 4096 44
7779 41 4096 38
7852 43 4096 42
7903 46 4096 52
7969 7 4096 60
8069 14 4096 44
8123 15 4096 47
8208 16 4096 53
8274 17 4096 42
8364 18 4096 54
8444 20 4096 43
8543 21 4096 35
8594 29 4096 50
8666 33 4096 43
8731 34 4096 48
8794 40 4096 55
8869 42 4096 47
8926 44 4096 53
9019 19 4096 43
9115 28 4096 62
9203 30 4096 50
9270 31 4096 49
9370 32 4096 66
9428 4 4096 61
9522 47 4096 38
