0 39 4096 64
100 44 4096 67
200 29 4096 70
300 20 4096 75
400 19 4096 70
500 47 4096 64
600 10 4096 63
700 45 4096 63
800 30 4096 60
900 46 4096 78
1000 33 4096 69
1100 17 4096 67
1200 7 4096 69
1300 32 4096 76
1400 27 4096 76
1500 16 4096 64
1600 15 4096 67
1699 37 4096 63
1797 23 4096 93
1894 40 4096 75
1989 25 4096 82
2081 41 4096 69
2169 5 4096 61
2251 42 4096 67
2327 28 4096 45
2394 22 4096 79
2452 34 4096 79
2501 4 4096 79
2540 9 4096 67
2571 43 4096 79
2594 6 4096 61
2612 13 4096 63
2628 8 4096 72
2644 1 4096 67
2662 3 4096 84
2685 18 4096 79
2715 11 4096 78
2752 35 4096 70
2798 31 4096 82
2852 21 4096 66
2915 27 4096 43
2985 15 4096 70
3062 7 4096 85
3144 30 4096 72
3231 4 4096 79
3321 25 4096 91
3414 5 4096 64
3509 6 4096 64
3606 13 4096 69
3704 39 4096 90
3803 34 4096 73
3902 46 4096 73
4001 20 4096 78
4101 23 4096 57
4201 42 4096 81
4301 28 4096 57
4401 47 4096 61
4501 41 4096 72
4601 35 4096 75
4701 17 4096 72
4801 22 4096 76
4901 31 4096 61
5001 45 4096 79
5101 37 4096 69
5201 19 4096 70
5301 44 4096 72
5401 32 4096 72
5501 29 4096 82
5601 11 4096 69
5701 33 4096 61
5801 43 4096 63
5901 1 4096 66
6001 9 4096 63
6101 16 4096 63
6201 8 4096 81
6301 40 4096 90
6401 21 4096 61
6501 3 4096 64
6601 18 4096 60
6701 10 4096 72
6801 6 4096 60
6901 43 4096 61
7001 22 4096 76
7101 47 4096 63
7201 8 4096 67
7301 20 4096 90
7401 9 4096 58
7501 5 4096 75
7601 15 4096 46
7701 21 4096 75
7801 10 4096 67
7901 13 4096 75
8001 42 4096 85
8101 33 4096 61
8201 4 4096 69
8301 3 4096 78
8401 28 4096 57
8501 29 4096 75
8601 18 4096 72
8701 16 4096 90
8801 27 4096 79
8901 44 4096 66
9001 11 4096 57
9101 45 4096 66
9201 35 4096 57
9301 32 4096 63
9401 39 4096 78
9501 40 4096 90
9601 17 4096 66
9701 1 4096 70
9801 30 4096 79
9901 41 4096 63
10001 7 4096 81
10101 46 4096 64
10201 25 4096 52
10301 23 4096 75
10401 34 4096 64
10501 19 4096 72
10601 37 4096 82
10701 31 4096 70
10801 25 4096 79
10901 43 4096 64
11001 40 4096 93
11101 21 4096 75
11201 39 4096 73
11301 1 4096 99
11401 33 4096 91
11501 6 4096 57
