0 39 4096 43
99 44 4096 45
176 29 4096 47
266 20 4096 50
321 19 4096 47
403 47 4096 43
503 10 4096 42
566 45 4096 42
646 30 4096 40
706 46 4096 52
778 33 4096 46
828 17 4096 45
925 7 4096 46
1021 32 4096 51
1095 27 4096 51
1181 16 4096 43
1232 15 4096 45
1312 37 4096 42
1406 23 4096 62
1487 40 4096 50
1552 25 4096 55
1649 41 4096 46
1708 5 4096 41
1782 42 4096 45
1870 28 4096 30
1941 22 4096 53
2029 34 4096 53
2120 4 4096 53
2188 9 4096 45
2249 43 4096 53
2310 6 4096 41
2372 13 4096 42
2453 8 4096 48
2503 1 4096 45
2563 3 4096 56
2619 18 4096 53
2674 11 4096 52
2768 35 4096 47
2830 31 4096 55
2885 21 4096 44
2964 27 4096 29
3035 15 4096 47
3126 7 4096 57
3216 30 4096 48
3293 4 4096 53
3344 25 4096 61
3442 5 4096 43
3496 6 4096 43
3595 13 4096 46
3656 39 4096 60
3746 34 4096 49
3802 46 4096 49
3852 20 4096 52
3945 23 4096 38
4024 42 4096 54
4086 28 4096 38
4160 47 4096 41
4249 41 4096 48
4310 35 4096 50
4410 17 4096 48
4510 22 4096 51
4571 31 4096 41
4637 45 4096 53
4713 37 4096 46
4805 19 4096 47
4901 44 4096 48
4960 32 4096 48
5034 29 4096 55
5133 11 4096 46
5203 33 4096 41
5274 43 4096 42
5360 1 4096 44
5454 9 4096 42
5511 16 4096 42
5586 8 4096 54
5671 40 4096 60
5732 21 4096 41
5808 3 4096 43
5888 18 4096 40
5950 10 4096 48
6042 6 4096 40
6125 43 4096 41
6176 22 4096 51
6250 47 4096 42
6303 8 4096 45
6371 20 4096 60
6448 9 4096 39
6532 5 4096 50
6591 15 4096 31
6671 21 4096 50
6745 10 4096 45
6840 13 4096 50
6916 42 4096 57
6979 33 4096 41
7030 4 4096 46
7093 3 4096 52
7149 28 4096 38
7231 29 4096 50
7291 18 4096 48
7379 16 4096 60
7459 27 4096 53
7546 44 4096 44
7611 11 4096 38
7696 45 4096 44
7779 35 4096 38
7852 32 4096 42
7903 39 4096 52
7969 40 4096 60
8069 17 4096 44
8123 1 4096 47
8208 30 4096 53
8274 41 4096 42
8364 7 4096 54
8444 46 4096 43
8543 25 4096 35
8594 23 4096 50
8666 34 4096 43
8731 19 4096 48
8794 37 4096 55
8869 31 4096 47
8926 25 4096 53
9019 43 4096 43
9115 40 4096 62
9203 21 4096 50
9270 39 4096 49
9370 1 4096 66
9428 33 4096 61
9522 6 4096 38
