0 4 4096 64
99 47 4096 67
176 24 4096 70
266 8 4096 75
321 37 4096 70
403 10 4096 64
503 25 4096 63
566 45 4096 63
646 11 4096 60
706 36 4096 78
778 5 4096 69
828 6 4096 67
925 39 4096 69
1021 9 4096 76
1095 22 4096 76
1181 23 4096 64
1232 26 4096 67
1312 27 4096 63
1406 35 4096 93
1487 38 4096 75
1552 41 4096 82
1649 43 4096 69
1708 46 4096 61
1782 7 4096 67
1870 14 4096 45
1941 15 4096 79
2029 16 4096 79
2120 17 4096 79
2188 18 4096 67
2249 20 4096 79
2310 21 4096 61
2372 29 4096 63
2453 33 4096 72
2503 34 4096 67
2563 40 4096 84
2619 42 4096 79
2674 44 4096 78
2768 19 4096 70
2830 28 4096 82
2885 30 4096 66
2964 31 4096 43
3035 32 4096 70
3126 4 4096 85
3216 47 4096 72
3293 24 4096 79
3344 8 4096 91
3442 37 4096 64
3496 10 4096 64
3595 25 4096 69
3656 45 4096 90
3746 11 4096 73
3802 36 4096 73
3852 5 4096 78
3945 6 4096 57
4024 39 4096 81
4086 9 4096 57
4160 22 4096 61
4249 23 4096 72
4310 26 4096 75
4410 27 4096 72
4510 35 4096 76
4571 38 4096 61
4637 41 4096 79
4713 43 4096 69
4805 46 4096 70
4901 7 4096 72
4960 14 4096 72
5034 15 4096 82
5133 16 4096 69
5203 17 4096 61
5274 18 4096 63
5360 20 4096 66
5454 21 4096 63
5511 29 4096 63
5586 33 4096 81
5671 34 4096 90
5732 40 4096 61
5808 42 4096 64
5888 44 4096 60
5950 19 4096 72
6042 28 4096 60
6125 30 4096 61
6176 31 4096 76
6250 32 4096 63
6303 4 4096 67
6371 47 4096 90
6448 24 4096 58
6532 8 4096 75
6591 37 4096 46
6671 10 4096 75
6745 25 4096 67
6840 45 4096 75
6916 11 4096 85
6979 36 4096 61
7030 5 4096 69
7093 6 4096 78
7149 39 4096 57
7231 9 4096 75
7291 22 4096 72
7379 23 4096 90
7459 26 4096 79
7546 27 4096 66
7611 35 4096 57
7696 38 4096 66
7779 41 4096 57
7852 43 4096 63
7903 46 4096 78
7969 7 4096 90
8069 14 4096 66
8123 15 4096 70
8208 16 4096 79
8274 17 4096 63
8364 18 4096 81
8444 20 4096 64
8543 21 4096 52
8594 29 4096 75
8666 33 4096 64
8731 34 4096 72
8794 40 4096 82
8869 42 4096 70
8926 44 4096 79
9019 19 4096 64
9115 28 4096 93
9203 30 4096 75
9270 31 4096 73
9370 32 4096 99
9428 4 4096 91
9522 47 4096 57
