0 1 4096 43
100 47 4096 45
200 2 4096 47
300 45 4096 50
400 10 4096 47
500 37 4096 43
600 3 4096 42
700 34 4096 42
800 36 4096 40
900 5 4096 52
1000 6 4096 46
1100 46 4096 45
1200 11 4096 46
1300 39 4096 51
1400 13 4096 51
1500 9 4096 43
1600 22 4096 45
1699 24 4096 42
1797 25 4096 62
1894 23 4096 50
1989 35 4096 55
2081 38 4096 46
2169 41 4096 41
2251 43 4096 45
2327 7 4096 30
2394 14 4096 53
2452 15 4096 53
2501 17 4096 53
2540 18 4096 45
2571 21 4096 53
2594 26 4096 41
2612 27 4096 42
2628 29 4096 48
2644 31 4096 45
2662 32 4096 56
2685 33 4096 53
2715 40 4096 52
2752 42 4096 47
2798 44 4096 55
2852 19 4096 44
2915 28 4096 29
2985 30 4096 47
3062 1 4096 57
3144 47 4096 48
3231 2 4096 53
3321 45 4096 61
3414 10 4096 43
3509 37 4096 43
3606 3 4096 46
3704 34 4096 60
3803 36 4096 49
3902 5 4096 49
4001 6 4096 52
4101 46 4096 38
4201 11 4096 54
4301 39 4096 38
4401 13 4096 41
4501 9 4096 48
4601 22 4096 50
4701 24 4096 48
4801 25 4096 51
4901 23 4096 41
5001 35 4096 53
5101 38 4096 46
5201 41 4096 47
5301 43 4096 48
5401 7 4096 48
5501 14 4096 55
5601 15 4096 46
5701 17 4096 41
5801 18 4096 42
5901 21 4096 44
6001 26 4096 42
6101 27 4096 42
6201 29 4096 54
6301 31 4096 60
6401 32 4096 41
6501 33 4096 43
6601 40 4096 40
6701 42 4096 48
6801 44 4096 40
6901 19 4096 41
7001 28 4096 51
7101 30 4096 42
7201 1 4096 45
7301 47 4096 60
7401 2 4096 39
7501 45 4096 50
7601 10 4096 31
7701 37 4096 50
7801 3 4096 45
7901 34 4096 50
8001 36 4096 57
8101 5 4096 41
8201 6 4096 46
8301 46 4096 52
8401 11 4096 38
8501 39 4096 50
8601 13 4096 48
8701 9 4096 60
8801 22 4096 53
8901 24 4096 44
9001 25 4096 38
9101 23 4096 44
9201 35 4096 38
9301 38 4096 42
9401 41 4096 52
9501 43 4096 60
9601 7 4096 44
9701 14 4096 47
9801 15 4096 53
9901 17 4096 42
10001 18 4096 54
10101 21 4096 43
10201 26 4096 35
10301 27 4096 50
10401 29 4096 43
10501 31 4096 48
10601 32 4096 55
10701 33 4096 47
10801 40 4096 53
10901 42 4096 43
11001 44 4096 62
11101 19 4096 50
11201 28 4096 49
11301 30 4096 66
11401 1 4096 61
11501 47 4096 38
