0 1 4096 32
100 45 4096 33
200 10 4096 35
300 36 4096 37
400 2 4096 35
500 23 4096 32
600 37 4096 31
700 46 4096 31
800 4 4096 30
900 3 4096 39
1000 43 4096 34
1100 6 4096 33
1200 8 4096 34
1300 39 4096 38
1400 11 4096 38
1500 12 4096 32
1600 13 4096 33
1699 22 4096 31
1797 24 4096 46
1894 25 4096 37
1989 33 4096 41
2081 34 4096 34
2169 35 4096 30
2251 38 4096 33
2327 41 4096 22
2394 9 4096 39
2452 5 4096 39
2501 44 4096 39
2540 7 4096 33
2571 14 4096 39
2594 15 4096 30
2612 16 4096 31
2628 18 4096 36
2644 20 4096 33
2662 21 4096 42
2685 26 4096 39
2715 27 4096 39
2752 29 4096 35
2798 31 4096 41
2852 32 4096 33
2915 40 4096 21
2985 42 4096 35
3062 17 4096 42
3144 19 4096 36
3231 28 4096 39
3321 30 4096 45
3414 1 4096 32
3509 45 4096 32
3606 10 4096 34
3704 36 4096 45
3803 2 4096 36
3902 23 4096 36
4001 37 4096 39
4101 46 4096 28
4201 4 4096 40
4301 3 4096 28
4401 43 4096 30
4501 6 4096 36
4601 8 4096 37
4701 39 4096 36
4801 11 4096 38
4901 12 4096 30
5001 13 4096 39
5101 22 4096 34
5201 24 4096 35
5301 25 4096 36
5401 33 4096 36
5501 34 4096 41
5601 35 4096 34
5701 38 4096 30
5801 41 4096 31
5901 9 4096 33
6001 5 4096 31
6101 44 4096 31
6201 7 4096 40
6301 14 4096 45
6401 15 4096 30
6501 16 4096 32
6601 18 4096 30
6701 20 4096 36
6801 21 4096 30
6901 26 4096 30
7001 27 4096 38
7101 29 4096 31
7201 31 4096 33
7301 32 4096 45
7401 40 4096 29
7501 42 4096 37
7601 17 4096 23
7701 19 4096 37
7801 28 4096 33
7901 30 4096 37
8001 1 4096 42
8101 45 4096 30
8201 10 4096 34
8301 36 4096 39
8401 2 4096 28
8501 23 4096 37
8601 37 4096 36
8701 46 4096 45
8801 4 4096 39
8901 3 4096 33
9001 43 4096 28
9101 6 4096 33
9201 8 4096 28
9301 39 4096 31
9401 11 4096 39
9501 12 4096 45
9601 13 4096 33
9701 22 4096 35
9801 24 4096 39
9901 25 4096 31
10001 33 4096 40
10101 34 4096 32
10201 35 4096 26
10301 38 4096 37
10401 41 4096 32
10501 9 4096 36
10601 5 4096 41
10701 44 4096 35
10801 7 4096 39
10901 14 4096 32
11001 15 4096 46
11101 16 4096 37
11201 18 4096 36
11301 20 4096 49
11401 21 4096 45
11501 26 4096 28
