0 8 4096 64
100 9 4096 67
200 22 4096 70
300 15 4096 75
400 32 4096 70
500 27 4096 64
600 42 4096 63
700 39 4096 63
800 2 4096 60
900 5 4096 78
1000 16 4096 69
1100 17 4096 67
1200 28 4096 69
1300 33 4096 76
1400 46 4096 76
1500 43 4096 64
1600 4 4096 67
1699 11 4096 63
1797 18 4096 93
1894 21 4096 75
1989 30 4096 82
2081 35 4096 69
2169 40 4096 61
2251 41 4096 67
2327 6 4096 45
2394 3 4096 79
2452 20 4096 79
2501 23 4096 79
2540 26 4096 67
2571 31 4096 79
2594 44 4096 61
2612 45 4096 63
2628 10 4096 72
2644 7 4096 67
2662 14 4096 84
2685 19 4096 79
2715 34 4096 78
2752 29 4096 70
2798 38 4096 82
2852 47 4096 66
2915 4 4096 43
2985 11 4096 70
3062 22 4096 85
3144 15 4096 72
3231 28 4096 79
3321 27 4096 91
3414 40 4096 64
3509 47 4096 64
3606 10 4096 69
3704 5 4096 90
3803 14 4096 73
3902 23 4096 73
4001 26 4096 78
4101 29 4096 57
4201 46 4096 81
4301 41 4096 57
4401 8 4096 61
4501 9 4096 72
4601 16 4096 75
4701 17 4096 72
4801 34 4096 76
4901 35 4096 61
5001 42 4096 79
5101 43 4096 69
5201 6 4096 70
5301 3 4096 72
5401 20 4096 72
5501 21 4096 82
5601 32 4096 69
5701 33 4096 61
5801 44 4096 63
5901 45 4096 66
6001 2 4096 63
6101 7 4096 63
6201 18 4096 81
6301 19 4096 90
6401 30 4096 61
6501 31 4096 64
6601 38 4096 60
6701 39 4096 72
6801 10 4096 60
6901 9 4096 61
7001 18 4096 76
7101 15 4096 63
7201 26 4096 67
7301 29 4096 90
7401 44 4096 58
7501 47 4096 75
7601 4 4096 46
7701 5 4096 75
7801 22 4096 67
7901 23 4096 75
8001 30 4096 85
8101 27 4096 61
8201 40 4096 69
8301 39 4096 78
8401 8 4096 57
8501 7 4096 75
8601 16 4096 72
8701 19 4096 90
8801 34 4096 79
8901 31 4096 66
9001 38 4096 57
9101 41 4096 66
9201 6 4096 57
9301 11 4096 63
9401 14 4096 78
9501 21 4096 90
9601 32 4096 66
9701 35 4096 70
9801 46 4096 79
9901 43 4096 63
10001 2 4096 81
10101 3 4096 64
10201 20 4096 52
10301 17 4096 75
10401 28 4096 64
10501 33 4096 72
10601 42 4096 82
10701 45 4096 70
10801 8 4096 79
10901 7 4096 64
11001 22 4096 93
11101 19 4096 75
11201 28 4096 73
11301 33 4096 99
11401 40 4096 91
11501 47 4096 57
