0 1 4096 64
99 47 4096 67
176 4 4096 70
266 25 4096 75
321 8 4096 70
403 35 4096 64
503 36 4096 63
566 10 4096 63
646 37 4096 60
706 3 4096 78
778 43 4096 69
828 5 4096 67
925 6 4096 69
1021 45 4096 76
1095 11 4096 76
1181 13 4096 64
1232 22 4096 67
1312 39 4096 63
1406 23 4096 93
1487 24 4096 75
1552 34 4096 82
1649 38 4096 69
1708 41 4096 61
1782 9 4096 67
1870 46 4096 45
1941 7 4096 79
2029 15 4096 79
2120 16 4096 79
2188 17 4096 67
2249 18 4096 79
2310 20 4096 61
2372 21 4096 63
2453 26 4096 72
2503 27 4096 67
2563 29 4096 84
2619 31 4096 79
2674 33 4096 78
2768 40 4096 70
2830 42 4096 82
2885 44 4096 66
2964 19 4096 43
3035 28 4096 70
3126 30 4096 85
3216 32 4096 72
3293 1 4096 79
3344 47 4096 91
3442 4 4096 64
3496 25 4096 64
3595 8 4096 69
3656 35 4096 90
3746 36 4096 73
3802 10 4096 73
3852 37 4096 78
3945 3 4096 57
4024 43 4096 81
4086 5 4096 57
4160 6 4096 61
4249 45 4096 72
4310 11 4096 75
4410 13 4096 72
4510 22 4096 76
4571 39 4096 61
4637 23 4096 79
4713 24 4096 69
4805 34 4096 70
4901 38 4096 72
4960 41 4096 72
5034 9 4096 82
5133 46 4096 69
5203 7 4096 61
5274 15 4096 63
5360 16 4096 66
5454 17 4096 63
5511 18 4096 63
5586 20 4096 81
5671 21 4096 90
5732 26 4096 61
5808 27 4096 64
5888 29 4096 60
5950 31 4096 72
6042 33 4096 60
6125 40 4096 61
6176 42 4096 76
6250 44 4096 63
6303 19 4096 67
6371 28 4096 90
6448 30 4096 58
6532 32 4096 75
6591 1 4096 46
6671 47 4096 75
6745 4 4096 67
6840 25 4096 75
6916 8 4096 85
6979 35 4096 61
7030 36 4096 69
7093 10 4096 78
7149 37 4096 57
7231 3 4096 75
7291 43 4096 72
7379 5 4096 90
7459 6 4096 79
7546 45 4096 66
7611 11 4096 57
7696 13 4096 66
7779 22 4096 57
7852 39 4096 63
7903 23 4096 78
7969 24 4096 90
8069 34 4096 66
8123 38 4096 70
8208 41 4096 79
8274 9 4096 63
8364 46 4096 81
8444 7 4096 64
8543 15 4096 52
8594 16 4096 75
8666 17 4096 64
8731 18 4096 72
8794 20 4096 82
8869 21 4096 70
8926 26 4096 79
9019 27 4096 64
9115 29 4096 93
9203 31 4096 75
9270 33 4096 73
9370 40 4096 99
9428 42 4096 91
9522 44 4096 57
