0 31 4096 32
100 15 4096 33
200 13 4096 35
300 8 4096 37
400 17 4096 35
500 41 4096 32
600 7 4096 31
700 25 4096 31
800 43 4096 30
900 29 4096 39
1000 42 4096 34
1100 9 4096 33
1200 11 4096 34
1300 40 4096 38
1400 47 4096 38
1500 21 4096 32
1600 4 4096 33
1699 44 4096 31
1797 45 4096 46
1894 37 4096 37
1989 3 4096 41
2081 16 4096 34
2169 27 4096 30
2251 5 4096 33
2327 20 4096 22
2394 39 4096 39
2452 6 4096 39
2501 18 4096 39
2540 26 4096 33
2571 23 4096 39
2594 10 4096 30
2612 33 4096 31
2628 30 4096 36
2644 22 4096 33
2662 36 4096 42
2685 35 4096 39
2715 38 4096 39
2752 1 4096 35
2798 32 4096 41
2852 46 4096 33
2915 24 4096 21
2985 34 4096 35
3062 19 4096 42
3144 28 4096 36
3231 19 4096 39
3321 31 4096 45
3414 25 4096 32
3509 8 4096 32
3606 18 4096 34
3704 5 4096 45
3803 13 4096 36
3902 36 4096 36
4001 44 4096 39
4101 34 4096 28
4201 37 4096 40
4301 23 4096 28
4401 4 4096 30
4501 17 4096 36
4601 15 4096 37
4701 24 4096 36
4801 43 4096 38
4901 46 4096 30
5001 30 4096 39
5101 1 4096 34
5201 29 4096 35
5301 11 4096 36
5401 45 4096 36
5501 28 4096 41
5601 6 4096 34
5701 16 4096 30
5801 41 4096 31
5901 7 4096 33
6001 40 4096 31
6101 42 4096 31
6201 10 4096 40
6301 3 4096 45
6401 38 4096 30
6501 47 4096 32
6601 26 4096 30
6701 39 4096 36
6801 27 4096 30
6901 21 4096 30
7001 35 4096 38
7101 22 4096 31
7201 32 4096 33
7301 9 4096 45
7401 20 4096 29
7501 33 4096 37
7601 10 4096 23
7701 6 4096 37
7801 26 4096 33
7901 23 4096 37
8001 1 4096 42
8101 25 4096 30
8201 24 4096 34
8301 41 4096 39
8401 33 4096 28
8501 39 4096 37
8601 9 4096 36
8701 47 4096 45
8801 15 4096 39
8901 17 4096 33
9001 16 4096 28
9101 11 4096 33
9201 37 4096 28
9301 44 4096 31
9401 3 4096 39
9501 45 4096 45
9601 5 4096 33
9701 7 4096 35
9801 35 4096 39
9901 34 4096 31
10001 31 4096 40
10101 30 4096 32
10201 36 4096 26
10301 18 4096 37
10401 13 4096 32
10501 32 4096 36
10601 8 4096 41
10701 28 4096 35
10801 43 4096 39
10901 4 4096 32
11001 29 4096 46
11101 27 4096 37
11201 21 4096 36
11301 22 4096 49
11401 46 4096 45
11501 42 4096 28
