0 8 4096 43
99 9 4096 45
176 22 4096 47
266 15 4096 50
321 32 4096 47
403 27 4096 43
503 42 4096 42
566 39 4096 42
646 2 4096 40
706 5 4096 52
778 16 4096 46
828 17 4096 45
925 28 4096 46
1021 33 4096 51
1095 46 4096 51
1181 43 4096 43
1232 4 4096 45
1312 11 4096 42
1406 18 4096 62
1487 21 4096 50
1552 30 4096 55
1649 35 4096 46
1708 40 4096 41
1782 41 4096 45
1870 6 4096 30
1941 3 4096 53
2029 20 4096 53
2120 23 4096 53
2188 26 4096 45
2249 31 4096 53
2310 44 4096 41
2372 45 4096 42
2453 10 4096 48
2503 7 4096 45
2563 14 4096 56
2619 19 4096 53
2674 34 4096 52
2768 29 4096 47
2830 38 4096 55
2885 47 4096 44
2964 4 4096 29
3035 11 4096 47
3126 22 4096 57
3216 15 4096 48
3293 28 4096 53
3344 27 4096 61
3442 40 4096 43
3496 47 4096 43
3595 10 4096 46
3656 5 4096 60
3746 14 4096 49
3802 23 4096 49
3852 26 4096 52
3945 29 4096 38
4024 46 4096 54
4086 41 4096 38
4160 8 4096 41
4249 9 4096 48
4310 16 4096 50
4410 17 4096 48
4510 34 4096 51
4571 35 4096 41
4637 42 4096 53
4713 43 4096 46
4805 6 4096 47
4901 3 4096 48
4960 20 4096 48
5034 21 4096 55
5133 32 4096 46
5203 33 4096 41
5274 44 4096 42
5360 45 4096 44
5454 2 4096 42
5511 7 4096 42
5586 18 4096 54
5671 19 4096 60
5732 30 4096 41
5808 31 4096 43
5888 38 4096 40
5950 39 4096 48
6042 10 4096 40
6125 9 4096 41
6176 18 4096 51
6250 15 4096 42
6303 26 4096 45
6371 29 4096 60
6448 44 4096 39
6532 47 4096 50
6591 4 4096 31
6671 5 4096 50
6745 22 4096 45
6840 23 4096 50
6916 30 4096 57
6979 27 4096 41
7030 40 4096 46
7093 39 4096 52
7149 8 4096 38
7231 7 4096 50
7291 16 4096 48
7379 19 4096 60
7459 34 4096 53
7546 31 4096 44
7611 38 4096 38
7696 41 4096 44
7779 6 4096 38
7852 11 4096 42
7903 14 4096 52
7969 21 4096 60
8069 32 4096 44
8123 35 4096 47
8208 46 4096 53
8274 43 4096 42
8364 2 4096 54
8444 3 4096 43
8543 20 4096 35
8594 17 4096 50
8666 28 4096 43
8731 33 4096 48
8794 42 4096 55
8869 45 4096 47
8926 8 4096 53
9019 7 4096 43
9115 22 4096 62
9203 19 4096 50
9270 28 4096 49
9370 33 4096 66
9428 40 4096 61
9522 47 4096 38
