0 1 4096 64
100 47 4096 67
200 2 4096 70
300 45 4096 75
400 10 4096 70
500 37 4096 64
600 3 4096 63
700 34 4096 63
800 4 4096 60
900 39 4096 78
1000 46 4096 69
1100 5 4096 67
1200 6 4096 69
1300 8 4096 76
1400 25 4096 76
1500 11 4096 64
1600 13 4096 67
1699 22 4096 63
1797 41 4096 93
1894 23 4096 75
1989 27 4096 82
2081 35 4096 69
2169 38 4096 61
2251 43 4096 67
2327 7 4096 45
2394 9 4096 79
2452 14 4096 79
2501 44 4096 79
2540 15 4096 67
2571 16 4096 79
2594 17 4096 61
2612 18 4096 63
2628 20 4096 72
2644 26 4096 67
2662 29 4096 84
2685 31 4096 79
2715 32 4096 78
2752 33 4096 70
2798 40 4096 82
2852 42 4096 66
2915 19 4096 43
2985 21 4096 70
3062 28 4096 85
3144 30 4096 72
3231 1 4096 79
3321 47 4096 91
3414 2 4096 64
3509 45 4096 64
3606 10 4096 69
3704 37 4096 90
3803 3 4096 73
3902 34 4096 73
4001 4 4096 78
4101 39 4096 57
4201 46 4096 81
4301 5 4096 57
4401 6 4096 61
4501 8 4096 72
4601 25 4096 75
4701 11 4096 72
4801 13 4096 76
4901 22 4096 61
5001 41 4096 79
5101 23 4096 69
5201 27 4096 70
5301 35 4096 72
5401 38 4096 72
5501 43 4096 82
5601 7 4096 69
5701 9 4096 61
5801 14 4096 63
5901 44 4096 66
6001 15 4096 63
6101 16 4096 63
6201 17 4096 81
6301 18 4096 90
6401 20 4096 61
6501 26 4096 64
6601 29 4096 60
6701 31 4096 72
6801 32 4096 60
6901 33 4096 61
7001 40 4096 76
7101 42 4096 63
7201 19 4096 67
7301 21 4096 90
7401 28 4096 58
7501 30 4096 75
7601 1 4096 46
7701 47 4096 75
7801 2 4096 67
7901 45 4096 75
8001 10 4096 85
8101 37 4096 61
8201 3 4096 69
8301 34 4096 78
8401 4 4096 57
8501 39 4096 75
8601 46 4096 72
8701 5 4096 90
8801 6 4096 79
8901 8 4096 66
9001 25 4096 57
9101 11 4096 66
9201 13 4096 57
9301 22 4096 63
9401 41 4096 78
9501 23 4096 90
9601 27 4096 66
9701 35 4096 70
9801 38 4096 79
9901 43 4096 63
10001 7 4096 81
10101 9 4096 64
10201 14 4096 52
10301 44 4096 75
10401 15 4096 64
10501 16 4096 72
10601 17 4096 82
10701 18 4096 70
10801 20 4096 79
10901 26 4096 64
11001 29 4096 93
11101 31 4096 75
11201 32 4096 73
11301 33 4096 99
11401 40 4096 91
11501 42 4096 57
