0 19 4096 43
100 8 4096 45
200 34 4096 47
300 6 4096 50
400 35 4096 47
500 16 4096 43
600 38 4096 42
700 40 4096 42
800 10 4096 40
900 2 4096 52
1000 17 4096 46
1100 14 4096 45
1200 23 4096 46
1300 42 4096 51
1400 44 4096 51
1500 45 4096 43
1600 43 4096 45
1699 33 4096 42
1797 3 4096 62
1894 7 4096 50
1989 30 4096 55
2081 28 4096 46
2169 46 4096 41
2251 4 4096 45
2327 31 4096 30
2394 22 4096 53
2452 41 4096 53
2501 18 4096 53
2540 27 4096 45
2571 21 4096 53
2594 47 4096 41
2612 9 4096 42
2628 39 4096 48
2644 32 4096 45
2662 29 4096 56
2685 26 4096 53
2715 20 4096 52
2752 11 4096 47
2798 5 4096 55
2852 15 4096 44
2915 27 4096 29
2985 7 4096 47
3062 6 4096 57
3144 18 4096 48
3231 8 4096 53
3321 31 4096 61
3414 43 4096 43
3509 32 4096 43
3606 14 4096 46
3704 15 4096 60
3803 39 4096 49
3902 30 4096 49
4001 23 4096 52
4101 34 4096 38
4201 16 4096 54
4301 41 4096 38
4401 4 4096 41
4501 10 4096 48
4601 45 4096 50
4701 3 4096 48
4801 11 4096 51
4901 47 4096 41
5001 42 4096 53
5101 21 4096 46
5201 46 4096 47
5301 26 4096 48
5401 5 4096 48
5501 35 4096 55
5601 17 4096 46
5701 20 4096 41
5801 9 4096 42
5901 38 4096 44
6001 22 4096 42
6101 33 4096 42
6201 19 4096 54
6301 29 4096 60
6401 40 4096 41
6501 44 4096 43
6601 2 4096 40
6701 28 4096 48
6801 34 4096 40
6901 29 4096 41
7001 39 4096 51
7101 38 4096 42
7201 26 4096 45
7301 44 4096 60
7401 10 4096 39
7501 21 4096 50
7601 14 4096 31
7701 32 4096 50
7801 28 4096 45
7901 3 4096 50
8001 15 4096 57
8101 20 4096 41
8201 46 4096 46
8301 31 4096 52
8401 16 4096 38
8501 42 4096 50
8601 33 4096 48
8701 47 4096 60
8801 22 4096 53
8901 19 4096 44
9001 27 4096 38
9101 8 4096 44
9201 17 4096 38
9301 23 4096 42
9401 18 4096 52
9501 45 4096 60
9601 2 4096 44
9701 43 4096 47
9801 4 4096 53
9901 5 4096 42
10001 30 4096 54
10101 41 4096 43
10201 40 4096 35
10301 6 4096 50
10401 11 4096 43
10501 35 4096 48
10601 9 4096 55
10701 7 4096 47
10801 15 4096 53
10901 4 4096 43
11001 30 4096 62
11101 14 4096 50
11201 41 4096 49
11301 29 4096 66
11401 9 4096 61
11501 44 4096 38
