0 32 4096 129
100 13 4096 135
200 23 4096 141
300 15 4096 150
400 14 4096 141
500 11 4096 129
600 30 4096 126
700 5 4096 126
800 42 4096 120
900 38 4096 156
1000 12 4096 138
1100 44 4096 135
1200 35 4096 138
1300 21 4096 153
1400 22 4096 153
1500 8 4096 129
1600 1 4096 135
1699 19 4096 126
1797 6 4096 186
1894 3 4096 150
1989 26 4096 165
2081 33 4096 138
2169 4 4096 123
2251 29 4096 135
2327 16 4096 90
2394 45 4096 159
2452 39 4096 159
2501 18 4096 159
2540 10 4096 135
2571 7 4096 159
2594 34 4096 123
2612 28 4096 126
2628 24 4096 144
2644 27 4096 135
2662 36 4096 168
2685 31 4096 159
2715 40 4096 156
2752 46 4096 141
2798 41 4096 165
2852 17 4096 132
2915 2 4096 87
2985 43 4096 141
3062 25 4096 171
3144 37 4096 144
3231 9 4096 159
3321 20 4096 183
3414 28 4096 129
3509 7 4096 129
3606 16 4096 138
3704 40 4096 180
3803 1 4096 147
3902 30 4096 147
4001 24 4096 156
4101 43 4096 114
4201 44 4096 162
4301 23 4096 114
4401 2 4096 123
4501 6 4096 144
4601 20 4096 150
4701 15 4096 144
4801 42 4096 153
4901 12 4096 123
5001 33 4096 159
5101 22 4096 138
5201 27 4096 141
5301 4 4096 144
5401 13 4096 144
5501 5 4096 165
5601 35 4096 138
5701 31 4096 123
5801 21 4096 126
5901 32 4096 132
6001 41 4096 126
6101 19 4096 126
6201 34 4096 162
6301 11 4096 180
6401 17 4096 123
6501 18 4096 129
6601 9 4096 120
6701 39 4096 144
6801 37 4096 120
6901 45 4096 123
7001 3 4096 153
7101 26 4096 126
7201 29 4096 135
7301 10 4096 180
7401 36 4096 117
7501 25 4096 150
7601 14 4096 93
7701 8 4096 150
7801 38 4096 135
7901 46 4096 150
8001 27 4096 171
8101 42 4096 123
8201 29 4096 138
8301 14 4096 156
8401 22 4096 114
8501 40 4096 150
8601 4 4096 144
8701 28 4096 180
8801 46 4096 159
8901 17 4096 132
9001 23 4096 114
9101 9 4096 132
9201 11 4096 114
9301 31 4096 126
9401 19 4096 156
9501 25 4096 180
9601 21 4096 132
9701 37 4096 141
9801 26 4096 159
9901 18 4096 126
10001 16 4096 162
10101 30 4096 129
10201 13 4096 105
10301 34 4096 150
10401 15 4096 129
10501 35 4096 144
10601 1 4096 165
10701 32 4096 141
10801 44 4096 159
10901 10 4096 129
11001 45 4096 186
11101 3 4096 150
11201 24 4096 147
11301 2 4096 198
11401 5 4096 183
11501 6 4096 114
