0 23 4096 172
100 40 4096 180
200 33 4096 188
300 24 4096 200
400 38 4096 188
500 32 4096 172
600 19 4096 168
700 14 4096 168
800 17 4096 160
900 39 4096 208
1000 2 4096 184
1100 26 4096 180
1200 5 4096 184
1300 10 4096 204
1400 46 4096 204
1500 18 4096 172
1600 1 4096 180
1699 45 4096 168
1797 36 4096 248
1894 42 4096 200
1989 25 4096 220
2081 11 4096 184
2169 35 4096 164
2251 15 4096 180
2327 27 4096 120
2394 22 4096 212
2452 31 4096 212
2501 21 4096 212
2540 44 4096 180
2571 16 4096 212
2594 7 4096 164
2612 28 4096 168
2628 8 4096 192
2644 43 4096 180
2662 6 4096 224
2685 41 4096 212
2715 3 4096 208
2752 34 4096 188
2798 13 4096 220
2852 29 4096 176
2915 30 4096 116
2985 9 4096 188
3062 20 4096 228
3144 12 4096 192
3231 37 4096 212
3321 4 4096 244
3414 27 4096 172
3509 33 4096 172
3606 28 4096 184
3704 25 4096 240
3803 40 4096 196
3902 12 4096 196
4001 24 4096 208
4101 19 4096 152
4201 15 4096 216
4301 3 4096 152
4401 8 4096 164
4501 31 4096 192
4601 39 4096 200
4701 22 4096 192
4801 17 4096 204
4901 5 4096 164
5001 26 4096 212
5101 43 4096 184
5201 23 4096 188
5301 10 4096 192
5401 18 4096 192
5501 21 4096 220
5601 1 4096 184
5701 32 4096 164
5801 37 4096 168
5901 42 4096 176
6001 20 4096 168
6101 30 4096 168
6201 38 4096 216
6301 35 4096 240
6401 13 4096 164
6501 36 4096 172
6601 2 4096 160
6701 14 4096 192
6801 9 4096 160
6901 29 4096 164
7001 41 4096 204
7101 6 4096 168
7201 44 4096 180
7301 16 4096 240
7401 46 4096 156
7501 45 4096 200
7601 11 4096 124
7701 7 4096 200
7801 4 4096 180
7901 34 4096 200
8001 6 4096 228
8101 21 4096 164
8201 19 4096 184
8301 17 4096 208
8401 37 4096 152
8501 45 4096 200
8601 10 4096 192
8701 28 4096 240
8801 35 4096 212
8901 16 4096 176
9001 24 4096 152
9101 40 4096 176
9201 36 4096 152
9301 11 4096 168
9401 39 4096 208
9501 38 4096 240
9601 3 4096 176
9701 18 4096 188
9801 7 4096 212
9901 4 4096 168
10001 34 4096 216
10101 32 4096 172
10201 43 4096 140
10301 20 4096 200
10401 23 4096 172
10501 1 4096 192
10601 33 4096 220
10701 25 4096 188
10801 15 4096 212
10901 9 4096 172
11001 14 4096 248
11101 2 4096 200
11201 29 4096 196
11301 13 4096 264
11401 31 4096 244
11501 27 4096 152
