0 46 4096 43
99 2 4096 45
176 47 4096 47
266 34 4096 50
321 23 4096 47
403 44 4096 43
503 7 4096 42
566 28 4096 42
646 29 4096 40
706 13 4096 52
778 6 4096 46
828 41 4096 45
925 25 4096 46
1021 10 4096 51
1095 27 4096 51
1181 1 4096 43
1232 15 4096 45
1312 3 4096 42
1406 24 4096 62
1487 31 4096 50
1552 32 4096 55
1649 17 4096 46
1708 9 4096 41
1782 18 4096 45
1870 11 4096 30
1941 8 4096 53
2029 33 4096 53
2120 22 4096 53
2188 37 4096 45
2249 40 4096 53
2310 36 4096 41
2372 14 4096 42
2453 21 4096 48
2503 45 4096 45
2563 43 4096 56
2619 39 4096 53
2674 20 4096 52
2768 30 4096 47
2830 42 4096 55
2885 38 4096 44
2964 26 4096 29
3035 19 4096 47
3126 5 4096 57
3216 35 4096 48
3293 46 4096 53
3344 28 4096 61
3442 38 4096 43
3496 5 4096 43
3595 40 4096 46
3656 33 4096 60
3746 13 4096 49
3802 15 4096 49
3852 25 4096 52
3945 11 4096 38
4024 34 4096 54
4086 44 4096 38
4160 24 4096 41
4249 36 4096 48
4310 31 4096 50
4410 8 4096 48
4510 47 4096 51
4571 37 4096 41
4637 1 4096 53
4713 6 4096 46
4805 10 4096 47
4901 39 4096 48
4960 43 4096 48
5034 41 4096 55
5133 21 4096 46
5203 35 4096 41
5274 7 4096 42
5360 29 4096 44
5454 3 4096 42
5511 9 4096 42
5586 32 4096 54
5671 23 4096 60
5732 30 4096 41
5808 22 4096 43
5888 27 4096 40
5950 45 4096 48
6042 20 4096 40
6125 19 4096 41
6176 18 4096 51
6250 26 4096 42
6303 42 4096 45
6371 2 4096 60
6448 17 4096 39
6532 14 4096 50
6591 36 4096 31
6671 31 4096 50
6745 21 4096 45
6840 2 4096 50
6916 14 4096 57
6979 35 4096 41
7030 17 4096 46
7093 1 4096 52
7149 41 4096 38
7231 24 4096 50
7291 47 4096 48
7379 23 4096 60
7459 33 4096 53
7546 3 4096 44
7611 10 4096 38
7696 19 4096 44
7779 9 4096 38
7852 39 4096 42
7903 11 4096 52
7969 29 4096 60
8069 27 4096 44
8123 40 4096 47
8208 25 4096 53
8274 43 4096 42
8364 13 4096 54
8444 44 4096 43
8543 32 4096 35
8594 42 4096 50
8666 28 4096 43
8731 26 4096 48
8794 18 4096 55
8869 5 4096 47
8926 38 4096 53
9019 20 4096 43
9115 34 4096 62
9203 45 4096 50
9270 15 4096 49
9370 6 4096 66
9428 37 4096 61
9522 46 4096 38
