0 28 4096 64
99 38 4096 67
176 31 4096 70
266 29 4096 75
321 40 4096 70
403 10 4096 64
503 6 4096 63
566 44 4096 63
646 8 4096 60
706 21 4096 78
778 41 4096 69
828 37 4096 67
925 35 4096 69
1021 25 4096 76
1095 39 4096 76
1181 17 4096 64
1232 26 4096 67
1312 1 4096 63
1406 7 4096 93
1487 43 4096 75
1552 19 4096 82
1649 18 4096 69
1708 34 4096 61
1782 20 4096 67
1870 5 4096 45
1941 46 4096 79
2029 24 4096 79
2120 12 4096 79
2188 42 4096 67
2249 3 4096 79
2310 36 4096 61
2372 9 4096 63
2453 14 4096 72
2503 13 4096 67
2563 30 4096 84
2619 4 4096 79
2674 16 4096 78
2768 15 4096 70
2830 23 4096 82
2885 27 4096 66
2964 2 4096 43
3035 11 4096 70
3126 22 4096 85
3216 45 4096 72
3293 33 4096 79
3344 32 4096 91
3442 37 4096 64
3496 23 4096 64
3595 26 4096 69
3656 5 4096 90
3746 15 4096 73
3802 27 4096 73
3852 42 4096 78
3945 30 4096 57
4024 8 4096 81
4086 38 4096 57
4160 25 4096 61
4249 12 4096 72
4310 18 4096 75
4410 41 4096 72
4510 32 4096 76
4571 13 4096 61
4637 4 4096 79
4713 29 4096 69
4805 44 4096 70
4901 31 4096 72
4960 28 4096 72
5034 11 4096 82
5133 16 4096 69
5203 36 4096 61
5274 19 4096 63
5360 9 4096 66
5454 17 4096 63
5511 1 4096 63
5586 43 4096 81
5671 24 4096 90
5732 14 4096 61
5808 45 4096 64
5888 21 4096 60
5950 10 4096 72
6042 6 4096 60
6125 39 4096 61
6176 46 4096 76
6250 2 4096 63
6303 20 4096 67
6371 35 4096 90
6448 7 4096 58
6532 33 4096 75
6591 3 4096 46
6671 22 4096 75
6745 40 4096 67
6840 34 4096 75
6916 7 4096 85
6979 37 4096 61
7030 45 4096 69
7093 36 4096 78
7149 26 4096 57
7231 39 4096 75
7291 40 4096 72
7379 46 4096 90
7459 34 4096 79
7546 5 4096 66
7611 6 4096 57
7696 25 4096 66
7779 28 4096 57
7852 17 4096 63
7903 24 4096 78
7969 8 4096 90
8069 23 4096 66
8123 30 4096 70
8208 14 4096 79
8274 41 4096 63
8364 43 4096 81
8444 4 4096 64
8543 19 4096 52
8594 27 4096 75
8666 35 4096 64
8731 1 4096 72
8794 3 4096 82
8869 2 4096 70
8926 20 4096 79
9019 22 4096 64
9115 32 4096 93
9203 13 4096 75
9270 38 4096 73
9370 10 4096 99
9428 15 4096 91
9522 16 4096 57
