0 25 4096 64
99 26 4096 67
176 41 4096 70
266 31 4096 75
321 21 4096 70
403 46 4096 64
503 12 4096 63
566 15 4096 63
646 28 4096 60
706 43 4096 78
778 9 4096 69
828 47 4096 67
925 1 4096 69
1021 39 4096 76
1095 29 4096 76
1181 30 4096 64
1232 44 4096 67
1312 22 4096 63
1406 36 4096 93
1487 27 4096 75
1552 17 4096 82
1649 7 4096 69
1708 33 4096 61
1782 34 4096 67
1870 13 4096 45
1941 14 4096 79
2029 40 4096 79
2120 18 4096 79
2188 20 4096 67
2249 11 4096 79
2310 24 4096 61
2372 38 4096 63
2453 16 4096 72
2503 19 4096 67
2563 32 4096 84
2619 35 4096 79
2674 37 4096 78
2768 3 4096 70
2830 5 4096 82
2885 42 4096 66
2964 45 4096 43
3035 23 4096 70
3126 36 4096 85
3216 26 4096 72
3293 28 4096 79
3344 19 4096 91
3442 20 4096 64
3496 34 4096 64
3595 12 4096 69
3656 3 4096 90
3746 16 4096 73
3802 43 4096 73
3852 21 4096 78
3945 46 4096 57
4024 13 4096 81
4086 14 4096 57
4160 29 4096 61
4249 18 4096 72
4310 32 4096 75
4410 22 4096 72
4510 37 4096 76
4571 27 4096 61
4637 41 4096 79
4713 31 4096 69
4805 9 4096 70
4901 47 4096 72
4960 1 4096 72
5034 38 4096 82
5133 40 4096 69
5203 42 4096 61
5274 44 4096 63
5360 23 4096 66
5454 24 4096 63
5511 15 4096 63
5586 17 4096 81
5671 7 4096 90
5732 33 4096 61
5808 35 4096 64
5888 25 4096 60
5950 39 4096 72
6042 5 4096 60
6125 30 4096 61
6176 45 4096 76
6250 11 4096 63
6303 13 4096 67
6371 27 4096 90
6448 41 4096 58
6532 18 4096 75
6591 44 4096 46
6671 35 4096 75
6745 12 4096 67
6840 38 4096 75
6916 17 4096 85
6979 43 4096 61
7030 45 4096 69
7093 47 4096 78
7149 1 4096 57
7231 39 4096 75
7291 28 4096 72
7379 30 4096 90
7459 20 4096 79
7546 11 4096 66
7611 36 4096 57
7696 3 4096 66
7779 40 4096 57
7852 19 4096 63
7903 32 4096 78
7969 23 4096 90
8069 25 4096 66
8123 26 4096 70
8208 29 4096 79
8274 31 4096 63
8364 9 4096 81
8444 46 4096 64
8543 37 4096 52
8594 14 4096 75
8666 5 4096 64
8731 7 4096 72
8794 33 4096 82
8869 34 4096 70
8926 24 4096 79
9019 15 4096 64
9115 16 4096 93
9203 42 4096 75
9270 21 4096 73
9370 22 4096 99
9428 37 4096 91
9522 14 4096 57
