0 23 4096 43
99 40 4096 45
176 33 4096 47
266 24 4096 50
321 38 4096 47
403 32 4096 43
503 19 4096 42
566 14 4096 42
646 17 4096 40
706 39 4096 52
778 2 4096 46
828 26 4096 45
925 5 4096 46
1021 10 4096 51
1095 46 4096 51
1181 18 4096 43
1232 1 4096 45
1312 45 4096 42
1406 36 4096 62
1487 42 4096 50
1552 25 4096 55
1649 11 4096 46
1708 35 4096 41
1782 15 4096 45
1870 27 4096 30
1941 22 4096 53
2029 31 4096 53
2120 21 4096 53
2188 44 4096 45
2249 16 4096 53
2310 7 4096 41
2372 28 4096 42
2453 8 4096 48
2503 43 4096 45
2563 6 4096 56
2619 41 4096 53
2674 3 4096 52
2768 34 4096 47
2830 13 4096 55
2885 29 4096 44
2964 30 4096 29
3035 9 4096 47
3126 20 4096 57
3216 12 4096 48
3293 37 4096 53
3344 4 4096 61
3442 27 4096 43
3496 33 4096 43
3595 28 4096 46
3656 25 4096 60
3746 40 4096 49
3802 12 4096 49
3852 24 4096 52
3945 19 4096 38
4024 15 4096 54
4086 3 4096 38
4160 8 4096 41
4249 31 4096 48
4310 39 4096 50
4410 22 4096 48
4510 17 4096 51
4571 5 4096 41
4637 26 4096 53
4713 43 4096 46
4805 23 4096 47
4901 10 4096 48
4960 18 4096 48
5034 21 4096 55
5133 1 4096 46
5203 32 4096 41
5274 37 4096 42
5360 42 4096 44
5454 20 4096 42
5511 30 4096 42
5586 38 4096 54
5671 35 4096 60
5732 13 4096 41
5808 36 4096 43
5888 2 4096 40
5950 14 4096 48
6042 9 4096 40
6125 29 4096 41
6176 41 4096 51
6250 6 4096 42
6303 44 4096 45
6371 16 4096 60
6448 46 4096 39
6532 45 4096 50
6591 11 4096 31
6671 7 4096 50
6745 4 4096 45
6840 34 4096 50
6916 6 4096 57
6979 21 4096 41
7030 19 4096 46
7093 17 4096 52
7149 37 4096 38
7231 45 4096 50
7291 10 4096 48
7379 28 4096 60
7459 35 4096 53
7546 16 4096 44
7611 24 4096 38
7696 40 4096 44
7779 36 4096 38
7852 11 4096 42
7903 39 4096 52
7969 38 4096 60
8069 3 4096 44
8123 18 4096 47
8208 7 4096 53
8274 4 4096 42
8364 34 4096 54
8444 32 4096 43
8543 43 4096 35
8594 20 4096 50
8666 23 4096 43
8731 1 4096 48
8794 33 4096 55
8869 25 4096 47
8926 15 4096 53
9019 9 4096 43
9115 14 4096 62
9203 2 4096 50
9270 29 4096 49
9370 13 4096 66
9428 31 4096 61
9522 27 4096 38
