0 1 4096 64
99 45 4096 67
176 2 4096 70
266 35 4096 75
321 4 4096 70
403 36 4096 64
503 46 4096 63
566 3 4096 63
646 6 4096 60
706 8 4096 78
778 39 4096 69
828 11 4096 67
925 12 4096 69
1021 41 4096 76
1095 13 4096 76
1181 22 4096 64
1232 23 4096 67
1312 24 4096 63
1406 25 4096 93
1487 34 4096 75
1552 38 4096 82
1649 43 4096 69
1708 9 4096 61
1782 44 4096 67
1870 5 4096 45
1941 7 4096 79
2029 14 4096 79
2120 15 4096 79
2188 18 4096 67
2249 20 4096 79
2310 21 4096 61
2372 26 4096 63
2453 27 4096 72
2503 29 4096 67
2563 31 4096 84
2619 32 4096 79
2674 33 4096 78
2768 40 4096 70
2830 42 4096 82
2885 16 4096 66
2964 1 4096 43
3035 45 4096 70
3126 2 4096 85
3216 35 4096 72
3293 4 4096 79
3344 36 4096 91
3442 46 4096 64
3496 3 4096 64
3595 6 4096 69
3656 8 4096 90
3746 39 4096 73
3802 11 4096 73
3852 12 4096 78
3945 41 4096 57
4024 13 4096 81
4086 22 4096 57
4160 23 4096 61
4249 24 4096 72
4310 25 4096 75
4410 34 4096 72
4510 38 4096 76
4571 43 4096 61
4637 9 4096 79
4713 44 4096 69
4805 5 4096 70
4901 7 4096 72
4960 14 4096 72
5034 15 4096 82
5133 18 4096 69
5203 20 4096 61
5274 21 4096 63
5360 26 4096 66
5454 27 4096 63
5511 29 4096 63
5586 31 4096 81
5671 32 4096 90
5732 33 4096 61
5808 40 4096 64
5888 42 4096 60
5950 16 4096 72
6042 1 4096 60
6125 45 4096 61
6176 2 4096 76
6250 35 4096 63
6303 4 4096 67
6371 36 4096 90
6448 46 4096 58
6532 3 4096 75
6591 6 4096 46
6671 8 4096 75
6745 39 4096 67
6840 11 4096 75
6916 12 4096 85
6979 41 4096 61
7030 13 4096 69
7093 22 4096 78
7149 23 4096 57
7231 24 4096 75
7291 25 4096 72
7379 34 4096 90
7459 38 4096 79
7546 43 4096 66
7611 9 4096 57
7696 44 4096 66
7779 5 4096 57
7852 7 4096 63
7903 14 4096 78
7969 15 4096 90
8069 18 4096 66
8123 20 4096 70
8208 21 4096 79
8274 26 4096 63
8364 27 4096 81
8444 29 4096 64
8543 31 4096 52
8594 32 4096 75
8666 33 4096 64
8731 40 4096 72
8794 42 4096 82
8869 16 4096 70
8926 1 4096 79
9019 45 4096 64
9115 2 4096 93
9203 35 4096 75
9270 4 4096 73
9370 36 4096 99
9428 46 4096 91
9522 3 4096 57
