0 9 4096 32
100 21 4096 33
200 33 4096 35
300 44 4096 37
400 11 4096 35
500 15 4096 32
600 30 4096 31
700 42 4096 31
800 1 4096 30
900 17 4096 39
1000 28 4096 34
1100 40 4096 33
1200 6 4096 34
1300 22 4096 38
1400 34 4096 38
1500 39 4096 32
1600 5 4096 33
1699 16 4096 31
1797 32 4096 46
1894 41 4096 37
1989 3 4096 41
2081 18 4096 34
2169 35 4096 30
2251 46 4096 33
2327 4 4096 22
2394 13 4096 39
2452 25 4096 39
2501 45 4096 39
2540 7 4096 33
2571 23 4096 39
2594 27 4096 30
2612 47 4096 31
2628 8 4096 36
2644 20 4096 33
2662 29 4096 42
2685 37 4096 39
2715 10 4096 39
2752 19 4096 35
2798 31 4096 41
2852 43 4096 33
2915 9 4096 21
2985 16 4096 35
3062 28 4096 42
3144 37 4096 36
3231 3 4096 39
3321 18 4096 45
3414 30 4096 32
3509 42 4096 32
3606 5 4096 34
3704 21 4096 45
3803 29 4096 36
3902 41 4096 36
4001 7 4096 39
4101 23 4096 28
4201 31 4096 40
4301 39 4096 28
4401 4 4096 30
4501 20 4096 36
4601 33 4096 37
4701 45 4096 36
4801 11 4096 38
4901 19 4096 30
5001 27 4096 39
5101 46 4096 34
5201 8 4096 35
5301 13 4096 36
5401 32 4096 36
5501 44 4096 41
5601 6 4096 34
5701 22 4096 30
5801 34 4096 31
5901 43 4096 33
6001 1 4096 31
6101 17 4096 31
6201 25 4096 40
6301 40 4096 45
6401 10 4096 30
6501 15 4096 32
6601 35 4096 30
6701 47 4096 36
6801 1 4096 30
6901 16 4096 30
7001 28 4096 38
7101 40 4096 31
7201 3 4096 33
7301 23 4096 45
7401 31 4096 29
7501 42 4096 37
7601 5 4096 23
7701 17 4096 37
7801 29 4096 33
7901 44 4096 37
8001 7 4096 42
8101 18 4096 30
8201 30 4096 34
8301 47 4096 39
8401 4 4096 28
8501 13 4096 37
8601 25 4096 36
8701 45 4096 45
8801 10 4096 39
8901 19 4096 33
9001 34 4096 28
9101 46 4096 33
9201 8 4096 28
9301 21 4096 31
9401 33 4096 39
9501 41 4096 45
9601 11 4096 33
9701 15 4096 35
9801 35 4096 39
9901 39 4096 31
10001 9 4096 40
10101 20 4096 32
10201 32 4096 26
10301 37 4096 37
10401 6 4096 32
10501 22 4096 36
10601 27 4096 41
10701 43 4096 35
10801 4 4096 39
10901 20 4096 32
11001 32 4096 46
11101 41 4096 37
11201 11 4096 36
11301 23 4096 49
11401 35 4096 45
11501 46 4096 28
