0 19 4096 32
100 8 4096 33
200 34 4096 35
300 6 4096 37
400 35 4096 35
500 16 4096 32
600 38 4096 31
700 40 4096 31
800 10 4096 30
900 2 4096 39
1000 17 4096 34
1100 14 4096 33
1200 23 4096 34
1300 42 4096 38
1400 44 4096 38
1500 45 4096 32
1600 43 4096 33
1699 33 4096 31
1797 3 4096 46
1894 7 4096 37
1989 30 4096 41
2081 28 4096 34
2169 46 4096 30
2251 4 4096 33
2327 31 4096 22
2394 22 4096 39
2452 41 4096 39
2501 18 4096 39
2540 27 4096 33
2571 21 4096 39
2594 47 4096 30
2612 9 4096 31
2628 39 4096 36
2644 32 4096 33
2662 29 4096 42
2685 26 4096 39
2715 20 4096 39
2752 11 4096 35
2798 5 4096 41
2852 15 4096 33
2915 27 4096 21
2985 7 4096 35
3062 6 4096 42
3144 18 4096 36
3231 8 4096 39
3321 31 4096 45
3414 43 4096 32
3509 32 4096 32
3606 14 4096 34
3704 15 4096 45
3803 39 4096 36
3902 30 4096 36
4001 23 4096 39
4101 34 4096 28
4201 16 4096 40
4301 41 4096 28
4401 4 4096 30
4501 10 4096 36
4601 45 4096 37
4701 3 4096 36
4801 11 4096 38
4901 47 4096 30
5001 42 4096 39
5101 21 4096 34
5201 46 4096 35
5301 26 4096 36
5401 5 4096 36
5501 35 4096 41
5601 17 4096 34
5701 20 4096 30
5801 9 4096 31
5901 38 4096 33
6001 22 4096 31
6101 33 4096 31
6201 19 4096 40
6301 29 4096 45
6401 40 4096 30
6501 44 4096 32
6601 2 4096 30
6701 28 4096 36
6801 34 4096 30
6901 29 4096 30
7001 39 4096 38
7101 38 4096 31
7201 26 4096 33
7301 44 4096 45
7401 10 4096 29
7501 21 4096 37
7601 14 4096 23
7701 32 4096 37
7801 28 4096 33
7901 3 4096 37
8001 15 4096 42
8101 20 4096 30
8201 46 4096 34
8301 31 4096 39
8401 16 4096 28
8501 42 4096 37
8601 33 4096 36
8701 47 4096 45
8801 22 4096 39
8901 19 4096 33
9001 27 4096 28
9101 8 4096 33
9201 17 4096 28
9301 23 4096 31
9401 18 4096 39
9501 45 4096 45
9601 2 4096 33
9701 43 4096 35
9801 4 4096 39
9901 5 4096 31
10001 30 4096 40
10101 41 4096 32
10201 40 4096 26
10301 6 4096 37
10401 11 4096 32
10501 35 4096 36
10601 9 4096 41
10701 7 4096 35
10801 15 4096 39
10901 4 4096 32
11001 30 4096 46
11101 14 4096 37
11201 41 4096 36
11301 29 4096 49
11401 9 4096 45
11501 44 4096 28
