0 28 4096 129
100 38 4096 135
200 31 4096 141
300 29 4096 150
400 40 4096 141
500 10 4096 129
600 6 4096 126
700 44 4096 126
800 8 4096 120
900 21 4096 156
1000 41 4096 138
1100 37 4096 135
1200 35 4096 138
1300 25 4096 153
1400 39 4096 153
1500 17 4096 129
1600 26 4096 135
1699 1 4096 126
1797 7 4096 186
1894 43 4096 150
1989 19 4096 165
2081 18 4096 138
2169 34 4096 123
2251 20 4096 135
2327 5 4096 90
2394 46 4096 159
2452 24 4096 159
2501 12 4096 159
2540 42 4096 135
2571 3 4096 159
2594 36 4096 123
2612 9 4096 126
2628 14 4096 144
2644 13 4096 135
2662 30 4096 168
2685 4 4096 159
2715 16 4096 156
2752 15 4096 141
2798 23 4096 165
2852 27 4096 132
2915 2 4096 87
2985 11 4096 141
3062 22 4096 171
3144 45 4096 144
3231 33 4096 159
3321 32 4096 183
3414 37 4096 129
3509 23 4096 129
3606 26 4096 138
3704 5 4096 180
3803 15 4096 147
3902 27 4096 147
4001 42 4096 156
4101 30 4096 114
4201 8 4096 162
4301 38 4096 114
4401 25 4096 123
4501 12 4096 144
4601 18 4096 150
4701 41 4096 144
4801 32 4096 153
4901 13 4096 123
5001 4 4096 159
5101 29 4096 138
5201 44 4096 141
5301 31 4096 144
5401 28 4096 144
5501 11 4096 165
5601 16 4096 138
5701 36 4096 123
5801 19 4096 126
5901 9 4096 132
6001 17 4096 126
6101 1 4096 126
6201 43 4096 162
6301 24 4096 180
6401 14 4096 123
6501 45 4096 129
6601 21 4096 120
6701 10 4096 144
6801 6 4096 120
6901 39 4096 123
7001 46 4096 153
7101 2 4096 126
7201 20 4096 135
7301 35 4096 180
7401 7 4096 117
7501 33 4096 150
7601 3 4096 93
7701 22 4096 150
7801 40 4096 135
7901 34 4096 150
8001 7 4096 171
8101 37 4096 123
8201 45 4096 138
8301 36 4096 156
8401 26 4096 114
8501 39 4096 150
8601 40 4096 144
8701 46 4096 180
8801 34 4096 159
8901 5 4096 132
9001 6 4096 114
9101 25 4096 132
9201 28 4096 114
9301 17 4096 126
9401 24 4096 156
9501 8 4096 180
9601 23 4096 132
9701 30 4096 141
9801 14 4096 159
9901 41 4096 126
10001 43 4096 162
10101 4 4096 129
10201 19 4096 105
10301 27 4096 150
10401 35 4096 129
10501 1 4096 144
10601 3 4096 165
10701 2 4096 141
10801 20 4096 159
10901 22 4096 129
11001 32 4096 186
11101 13 4096 150
11201 38 4096 147
11301 10 4096 198
11401 15 4096 183
11501 16 4096 114
