0 1 4096 64
100 47 4096 67
200 2 4096 70
300 45 4096 75
400 10 4096 70
500 37 4096 64
600 3 4096 63
700 34 4096 63
800 36 4096 60
900 8 4096 78
1000 5 4096 69
1100 46 4096 67
1200 6 4096 69
1300 39 4096 76
1400 11 4096 76
1500 13 4096 64
1600 22 4096 67
1699 24 4096 63
1797 25 4096 93
1894 23 4096 75
1989 35 4096 82
2081 38 4096 69
2169 41 4096 61
2251 9 4096 67
2327 43 4096 45
2394 7 4096 79
2452 14 4096 79
2501 15 4096 79
2540 44 4096 67
2571 17 4096 79
2594 18 4096 61
2612 20 4096 63
2628 21 4096 72
2644 26 4096 67
2662 27 4096 84
2685 29 4096 79
2715 31 4096 78
2752 33 4096 70
2798 40 4096 82
2852 42 4096 66
2915 19 4096 43
2985 28 4096 70
3062 30 4096 85
3144 32 4096 72
3231 1 4096 79
3321 47 4096 91
3414 2 4096 64
3509 45 4096 64
3606 10 4096 69
3704 37 4096 90
3803 3 4096 73
3902 34 4096 73
4001 36 4096 78
4101 8 4096 57
4201 5 4096 81
4301 46 4096 57
4401 6 4096 61
4501 39 4096 72
4601 11 4096 75
4701 13 4096 72
4801 22 4096 76
4901 24 4096 61
5001 25 4096 79
5101 23 4096 69
5201 35 4096 70
5301 38 4096 72
5401 41 4096 72
5501 9 4096 82
5601 43 4096 69
5701 7 4096 61
5801 14 4096 63
5901 15 4096 66
6001 44 4096 63
6101 17 4096 63
6201 18 4096 81
6301 20 4096 90
6401 21 4096 61
6501 26 4096 64
6601 27 4096 60
6701 29 4096 72
6801 31 4096 60
6901 33 4096 61
7001 40 4096 76
7101 42 4096 63
7201 19 4096 67
7301 28 4096 90
7401 30 4096 58
7501 32 4096 75
7601 1 4096 46
7701 47 4096 75
7801 2 4096 67
7901 45 4096 75
8001 10 4096 85
8101 37 4096 61
8201 3 4096 69
8301 34 4096 78
8401 36 4096 57
8501 8 4096 75
8601 5 4096 72
8701 46 4096 90
8801 6 4096 79
8901 39 4096 66
9001 11 4096 57
9101 13 4096 66
9201 22 4096 57
9301 24 4096 63
9401 25 4096 78
9501 23 4096 90
9601 35 4096 66
9701 38 4096 70
9801 41 4096 79
9901 9 4096 63
10001 43 4096 81
10101 7 4096 64
10201 14 4096 52
10301 15 4096 75
10401 44 4096 64
10501 17 4096 72
10601 18 4096 82
10701 20 4096 70
10801 21 4096 79
10901 26 4096 64
11001 27 4096 93
11101 29 4096 75
11201 31 4096 73
11301 33 4096 99
11401 40 4096 91
11501 42 4096 57
