0 19 4096 43
99 8 4096 45
176 34 4096 47
266 6 4096 50
321 35 4096 47
403 16 4096 43
503 38 4096 42
566 40 4096 42
646 10 4096 40
706 2 4096 52
778 17 4096 46
828 14 4096 45
925 23 4096 46
1021 42 4096 51
1095 44 4096 51
1181 45 4096 43
1232 43 4096 45
1312 33 4096 42
1406 3 4096 62
1487 7 4096 50
1552 30 4096 55
1649 28 4096 46
1708 46 4096 41
1782 4 4096 45
1870 31 4096 30
1941 22 4096 53
2029 41 4096 53
2120 18 4096 53
2188 27 4096 45
2249 21 4096 53
2310 47 4096 41
2372 9 4096 42
2453 39 4096 48
2503 32 4096 45
2563 29 4096 56
2619 26 4096 53
2674 20 4096 52
2768 11 4096 47
2830 5 4096 55
2885 15 4096 44
2964 27 4096 29
3035 7 4096 47
3126 6 4096 57
3216 18 4096 48
3293 8 4096 53
3344 31 4096 61
3442 43 4096 43
3496 32 4096 43
3595 14 4096 46
3656 15 4096 60
3746 39 4096 49
3802 30 4096 49
3852 23 4096 52
3945 34 4096 38
4024 16 4096 54
4086 41 4096 38
4160 4 4096 41
4249 10 4096 48
4310 45 4096 50
4410 3 4096 48
4510 11 4096 51
4571 47 4096 41
4637 42 4096 53
4713 21 4096 46
4805 46 4096 47
4901 26 4096 48
4960 5 4096 48
5034 35 4096 55
5133 17 4096 46
5203 20 4096 41
5274 9 4096 42
5360 38 4096 44
5454 22 4096 42
5511 33 4096 42
5586 19 4096 54
5671 29 4096 60
5732 40 4096 41
5808 44 4096 43
5888 2 4096 40
5950 28 4096 48
6042 34 4096 40
6125 29 4096 41
6176 39 4096 51
6250 38 4096 42
6303 26 4096 45
6371 44 4096 60
6448 10 4096 39
6532 21 4096 50
6591 14 4096 31
6671 32 4096 50
6745 28 4096 45
6840 3 4096 50
6916 15 4096 57
6979 20 4096 41
7030 46 4096 46
7093 31 4096 52
7149 16 4096 38
7231 42 4096 50
7291 33 4096 48
7379 47 4096 60
7459 22 4096 53
7546 19 4096 44
7611 27 4096 38
7696 8 4096 44
7779 17 4096 38
7852 23 4096 42
7903 18 4096 52
7969 45 4096 60
8069 2 4096 44
8123 43 4096 47
8208 4 4096 53
8274 5 4096 42
8364 30 4096 54
8444 41 4096 43
8543 40 4096 35
8594 6 4096 50
8666 11 4096 43
8731 35 4096 48
8794 9 4096 55
8869 7 4096 47
8926 15 4096 53
9019 4 4096 43
9115 30 4096 62
9203 14 4096 50
9270 41 4096 49
9370 29 4096 66
9428 9 4096 61
9522 44 4096 38
