0 21 4096 32
100 34 4096 33
200 43 4096 35
300 32 4096 37
400 20 4096 35
500 4 4096 32
600 10 4096 31
700 44 4096 31
800 40 4096 30
900 37 4096 39
1000 30 4096 34
1100 45 4096 33
1200 22 4096 34
1300 16 4096 38
1400 1 4096 38
1500 27 4096 32
1600 12 4096 33
1699 17 4096 31
1797 2 4096 46
1894 18 4096 37
1989 31 4096 41
2081 39 4096 34
2169 13 4096 30
2251 19 4096 33
2327 23 4096 22
2394 36 4096 39
2452 3 4096 39
2501 25 4096 39
2540 14 4096 33
2571 38 4096 39
2594 29 4096 30
2612 6 4096 31
2628 41 4096 36
2644 7 4096 33
2662 15 4096 42
2685 46 4096 39
2715 42 4096 39
2752 33 4096 35
2798 11 4096 41
2852 24 4096 33
2915 9 4096 21
2985 26 4096 35
3062 8 4096 42
3144 35 4096 36
3231 28 4096 39
3321 5 4096 45
3414 12 4096 32
3509 32 4096 32
3606 43 4096 34
3704 27 4096 45
3803 13 4096 36
3902 45 4096 36
4001 1 4096 39
4101 37 4096 28
4201 10 4096 40
4301 7 4096 28
4401 40 4096 30
4501 25 4096 36
4601 3 4096 37
4701 46 4096 36
4801 31 4096 38
4901 33 4096 30
5001 41 4096 39
5101 36 4096 34
5201 11 4096 35
5301 5 4096 36
5401 15 4096 36
5501 18 4096 41
5601 8 4096 34
5701 19 4096 30
5801 21 4096 31
5901 39 4096 33
6001 22 4096 31
6101 34 4096 31
6201 2 4096 40
6301 26 4096 45
6401 28 4096 30
6501 38 4096 32
6601 42 4096 30
6701 35 4096 36
6801 30 4096 30
6901 16 4096 30
7001 20 4096 38
7101 4 4096 31
7201 29 4096 33
7301 44 4096 45
7401 23 4096 29
7501 17 4096 37
7601 14 4096 23
7701 6 4096 37
7801 9 4096 33
7901 24 4096 37
8001 31 4096 42
8101 33 4096 30
8201 2 4096 34
8301 7 4096 39
8401 9 4096 28
8501 4 4096 37
8601 15 4096 36
8701 18 4096 45
8801 40 4096 39
8901 6 4096 33
9001 30 4096 28
9101 5 4096 33
9201 20 4096 28
9301 38 4096 31
9401 10 4096 39
9501 17 4096 45
9601 1 4096 33
9701 27 4096 35
9801 43 4096 39
9901 35 4096 31
10001 11 4096 40
10101 44 4096 32
10201 12 4096 26
10301 26 4096 37
10401 3 4096 32
10501 25 4096 36
10601 29 4096 41
10701 16 4096 35
10801 21 4096 39
10901 36 4096 32
11001 42 4096 46
11101 37 4096 37
11201 22 4096 36
11301 46 4096 49
11401 28 4096 45
11501 32 4096 28
