0 1 4096 64
99 47 4096 67
176 4 4096 70
266 25 4096 75
321 8 4096 70
403 35 4096 64
503 37 4096 63
566 10 4096 63
646 39 4096 60
706 3 4096 78
778 45 4096 69
828 5 4096 67
925 6 4096 69
1021 46 4096 76
1095 11 4096 76
1181 13 4096 64
1232 22 4096 67
1312 27 4096 63
1406 34 4096 93
1487 40 4096 75
1552 41 4096 82
1649 43 4096 69
1708 9 4096 61
1782 7 4096 67
1870 15 4096 45
1941 16 4096 79
2029 17 4096 79
2120 18 4096 79
2188 20 4096 67
2249 21 4096 79
2310 23 4096 61
2372 29 4096 63
2453 31 4096 72
2503 33 4096 67
2563 42 4096 84
2619 44 4096 79
2674 19 4096 78
2768 28 4096 70
2830 30 4096 82
2885 32 4096 66
2964 1 4096 43
3035 47 4096 70
3126 4 4096 85
3216 25 4096 72
3293 8 4096 79
3344 35 4096 91
3442 37 4096 64
3496 10 4096 64
3595 39 4096 69
3656 3 4096 90
3746 45 4096 73
3802 5 4096 73
3852 6 4096 78
3945 46 4096 57
4024 11 4096 81
4086 13 4096 57
4160 22 4096 61
4249 27 4096 72
4310 34 4096 75
4410 40 4096 72
4510 41 4096 76
4571 43 4096 61
4637 9 4096 79
4713 7 4096 69
4805 15 4096 70
4901 16 4096 72
4960 17 4096 72
5034 18 4096 82
5133 20 4096 69
5203 21 4096 61
5274 23 4096 63
5360 29 4096 66
5454 31 4096 63
5511 33 4096 63
5586 42 4096 81
5671 44 4096 90
5732 19 4096 61
5808 28 4096 64
5888 30 4096 60
5950 32 4096 72
6042 1 4096 60
6125 47 4096 61
6176 4 4096 76
6250 25 4096 63
6303 8 4096 67
6371 35 4096 90
6448 37 4096 58
6532 10 4096 75
6591 39 4096 46
6671 3 4096 75
6745 45 4096 67
6840 5 4096 75
6916 6 4096 85
6979 46 4096 61
7030 11 4096 69
7093 13 4096 78
7149 22 4096 57
7231 27 4096 75
7291 34 4096 72
7379 40 4096 90
7459 41 4096 79
7546 43 4096 66
7611 9 4096 57
7696 7 4096 66
7779 15 4096 57
7852 16 4096 63
7903 17 4096 78
7969 18 4096 90
8069 20 4096 66
8123 21 4096 70
8208 23 4096 79
8274 29 4096 63
8364 31 4096 81
8444 33 4096 64
8543 42 4096 52
8594 44 4096 75
8666 19 4096 64
8731 28 4096 72
8794 30 4096 82
8869 32 4096 70
8926 1 4096 79
9019 47 4096 64
9115 4 4096 93
9203 25 4096 75
9270 8 4096 73
9370 35 4096 99
9428 37 4096 91
9522 10 4096 57
