0 19 4096 43
100 18 4096 45
200 15 4096 47
300 27 4096 50
400 42 4096 47
500 11 4096 43
600 22 4096 42
700 44 4096 42
800 47 4096 40
900 40 4096 52
1000 36 4096 46
1100 29 4096 45
1200 35 4096 46
1300 34 4096 51
1400 23 4096 51
1500 43 4096 43
1600 32 4096 45
1699 28 4096 42
1797 3 4096 62
1894 26 4096 50
1989 9 4096 55
2081 37 4096 46
2169 30 4096 41
2251 24 4096 45
2327 25 4096 30
2394 41 4096 53
2452 1 4096 53
2501 31 4096 53
2540 21 4096 45
2571 38 4096 53
2594 20 4096 41
2612 17 4096 42
2628 39 4096 48
2644 45 4096 45
2662 16 4096 56
2685 13 4096 53
2715 33 4096 52
2752 14 4096 47
2798 12 4096 55
2852 46 4096 44
2915 7 4096 29
2985 5 4096 47
3062 18 4096 57
3144 44 4096 48
3231 47 4096 53
3321 32 4096 61
3414 1 4096 43
3509 25 4096 43
3606 26 4096 46
3704 37 4096 60
3803 39 4096 49
3902 38 4096 49
4001 29 4096 52
4101 34 4096 38
4201 46 4096 54
4301 7 4096 38
4401 20 4096 41
4501 12 4096 48
4601 21 4096 50
4701 11 4096 48
4801 27 4096 51
4901 41 4096 41
5001 23 4096 53
5101 31 4096 46
5201 40 4096 47
5301 15 4096 48
5401 13 4096 48
5501 14 4096 55
5601 5 4096 46
5701 42 4096 41
5801 28 4096 42
5901 17 4096 44
6001 9 4096 42
6101 3 4096 42
6201 22 4096 54
6301 35 4096 60
6401 33 4096 41
6501 43 4096 43
6601 36 4096 40
6701 19 4096 48
6801 24 4096 40
6901 16 4096 41
7001 45 4096 51
7101 30 4096 42
7201 32 4096 45
7301 9 4096 60
7401 16 4096 39
7501 13 4096 50
7601 27 4096 31
7701 22 4096 50
7801 47 4096 45
7901 17 4096 50
8001 40 4096 57
8101 41 4096 41
8201 35 4096 46
8301 7 4096 52
8401 37 4096 38
8501 18 4096 50
8601 31 4096 48
8701 36 4096 60
8801 39 4096 53
8901 19 4096 44
9001 42 4096 38
9101 23 4096 44
9201 34 4096 38
9301 11 4096 42
9401 20 4096 52
9501 33 4096 60
9601 25 4096 44
9701 3 4096 47
9801 12 4096 53
9901 44 4096 42
10001 46 4096 54
10101 5 4096 43
10201 28 4096 35
10301 38 4096 50
10401 43 4096 43
10501 14 4096 48
10601 15 4096 55
10701 29 4096 47
10801 1 4096 53
10901 45 4096 43
11001 30 4096 62
11101 26 4096 50
11201 21 4096 49
11301 24 4096 66
11401 26 4096 61
11501 30 4096 38
