0 46 4096 64
100 2 4096 67
200 47 4096 70
300 34 4096 75
400 23 4096 70
500 44 4096 64
600 7 4096 63
700 28 4096 63
800 29 4096 60
900 13 4096 78
1000 6 4096 69
1100 41 4096 67
1200 25 4096 69
1300 10 4096 76
1400 27 4096 76
1500 1 4096 64
1600 15 4096 67
1699 3 4096 63
1797 24 4096 93
1894 31 4096 75
1989 32 4096 82
2081 17 4096 69
2169 9 4096 61
2251 18 4096 67
2327 11 4096 45
2394 8 4096 79
2452 33 4096 79
2501 22 4096 79
2540 37 4096 67
2571 40 4096 79
2594 36 4096 61
2612 14 4096 63
2628 21 4096 72
2644 45 4096 67
2662 43 4096 84
2685 39 4096 79
2715 20 4096 78
2752 30 4096 70
2798 42 4096 82
2852 38 4096 66
2915 26 4096 43
2985 19 4096 70
3062 5 4096 85
3144 35 4096 72
3231 46 4096 79
3321 28 4096 91
3414 38 4096 64
3509 5 4096 64
3606 40 4096 69
3704 33 4096 90
3803 13 4096 73
3902 15 4096 73
4001 25 4096 78
4101 11 4096 57
4201 34 4096 81
4301 44 4096 57
4401 24 4096 61
4501 36 4096 72
4601 31 4096 75
4701 8 4096 72
4801 47 4096 76
4901 37 4096 61
5001 1 4096 79
5101 6 4096 69
5201 10 4096 70
5301 39 4096 72
5401 43 4096 72
5501 41 4096 82
5601 21 4096 69
5701 35 4096 61
5801 7 4096 63
5901 29 4096 66
6001 3 4096 63
6101 9 4096 63
6201 32 4096 81
6301 23 4096 90
6401 30 4096 61
6501 22 4096 64
6601 27 4096 60
6701 45 4096 72
6801 20 4096 60
6901 19 4096 61
7001 18 4096 76
7101 26 4096 63
7201 42 4096 67
7301 2 4096 90
7401 17 4096 58
7501 14 4096 75
7601 36 4096 46
7701 31 4096 75
7801 21 4096 67
7901 2 4096 75
8001 14 4096 85
8101 35 4096 61
8201 17 4096 69
8301 1 4096 78
8401 41 4096 57
8501 24 4096 75
8601 47 4096 72
8701 23 4096 90
8801 33 4096 79
8901 3 4096 66
9001 10 4096 57
9101 19 4096 66
9201 9 4096 57
9301 39 4096 63
9401 11 4096 78
9501 29 4096 90
9601 27 4096 66
9701 40 4096 70
9801 25 4096 79
9901 43 4096 63
10001 13 4096 81
10101 44 4096 64
10201 32 4096 52
10301 42 4096 75
10401 28 4096 64
10501 26 4096 72
10601 18 4096 82
10701 5 4096 70
10801 38 4096 79
10901 20 4096 64
11001 34 4096 93
11101 45 4096 75
11201 15 4096 73
11301 6 4096 99
11401 37 4096 91
11501 46 4096 57
