0 14 4096 43
100 27 4096 45
200 1 4096 47
300 43 4096 50
400 12 4096 47
500 35 4096 43
600 17 4096 42
700 32 4096 42
800 13 4096 40
900 40 4096 52
1000 7 4096 46
1100 25 4096 45
1200 5 4096 46
1300 34 4096 51
1400 22 4096 51
1500 30 4096 43
1600 2 4096 45
1699 33 4096 42
1797 10 4096 62
1894 24 4096 50
1989 4 4096 55
2081 29 4096 46
2169 11 4096 41
2251 46 4096 45
2327 9 4096 30
2394 28 4096 53
2452 8 4096 53
2501 37 4096 53
2540 19 4096 45
2571 45 4096 53
2594 3 4096 41
2612 36 4096 42
2628 23 4096 48
2644 31 4096 45
2662 18 4096 56
2685 42 4096 53
2715 20 4096 52
2752 44 4096 47
2798 21 4096 55
2852 39 4096 44
2915 16 4096 29
2985 38 4096 47
3062 15 4096 57
3144 41 4096 48
3231 6 4096 53
3321 26 4096 61
3414 22 4096 43
3509 39 4096 43
3606 11 4096 46
3704 42 4096 60
3803 9 4096 49
3902 43 4096 49
4001 1 4096 52
4101 35 4096 38
4201 8 4096 54
4301 24 4096 38
4401 2 4096 41
4501 25 4096 48
4601 12 4096 50
4701 30 4096 48
4801 16 4096 51
4901 36 4096 41
5001 23 4096 53
5101 37 4096 46
5201 7 4096 47
5301 41 4096 48
5401 13 4096 48
5501 31 4096 55
5601 18 4096 46
5701 26 4096 41
5801 5 4096 42
5901 45 4096 44
6001 10 4096 42
6101 33 4096 42
6201 15 4096 54
6301 28 4096 60
6401 6 4096 41
6501 32 4096 43
6601 14 4096 40
6701 34 4096 48
6801 4 4096 40
6901 38 4096 41
7001 17 4096 51
7101 29 4096 42
7201 20 4096 45
7301 27 4096 60
7401 3 4096 39
7501 46 4096 50
7601 19 4096 31
7701 40 4096 50
7801 21 4096 45
7901 44 4096 50
8001 11 4096 57
8101 38 4096 41
8201 8 4096 46
8301 40 4096 52
8401 12 4096 38
8501 41 4096 50
8601 13 4096 48
8701 39 4096 60
8801 9 4096 53
8901 30 4096 44
9001 21 4096 38
9101 24 4096 44
9201 2 4096 38
9301 32 4096 42
9401 4 4096 52
9501 42 4096 60
9601 7 4096 44
9701 34 4096 47
9801 14 4096 53
9901 26 4096 42
10001 10 4096 54
10101 28 4096 43
10201 6 4096 35
10301 35 4096 50
10401 16 4096 43
10501 37 4096 48
10601 1 4096 55
10701 25 4096 47
10801 15 4096 53
10901 31 4096 43
11001 3 4096 62
11101 46 4096 50
11201 18 4096 49
11301 27 4096 66
11401 17 4096 61
11501 33 4096 38
