0 31 4096 43
100 15 4096 45
200 13 4096 47
300 8 4096 50
400 17 4096 47
500 41 4096 43
600 7 4096 42
700 25 4096 42
800 43 4096 40
900 29 4096 52
1000 42 4096 46
1100 9 4096 45
1200 11 4096 46
1300 40 4096 51
1400 47 4096 51
1500 21 4096 43
1600 4 4096 45
1699 44 4096 42
1797 45 4096 62
1894 37 4096 50
1989 3 4096 55
2081 16 4096 46
2169 27 4096 41
2251 5 4096 45
2327 20 4096 30
2394 39 4096 53
2452 6 4096 53
2501 18 4096 53
2540 26 4096 45
2571 23 4096 53
2594 10 4096 41
2612 33 4096 42
2628 30 4096 48
2644 22 4096 45
2662 36 4096 56
2685 35 4096 53
2715 38 4096 52
2752 1 4096 47
2798 32 4096 55
2852 46 4096 44
2915 24 4096 29
2985 34 4096 47
3062 19 4096 57
3144 28 4096 48
3231 19 4096 53
3321 31 4096 61
3414 25 4096 43
3509 8 4096 43
3606 18 4096 46
3704 5 4096 60
3803 13 4096 49
3902 36 4096 49
4001 44 4096 52
4101 34 4096 38
4201 37 4096 54
4301 23 4096 38
4401 4 4096 41
4501 17 4096 48
4601 15 4096 50
4701 24 4096 48
4801 43 4096 51
4901 46 4096 41
5001 30 4096 53
5101 1 4096 46
5201 29 4096 47
5301 11 4096 48
5401 45 4096 48
5501 28 4096 55
5601 6 4096 46
5701 16 4096 41
5801 41 4096 42
5901 7 4096 44
6001 40 4096 42
6101 42 4096 42
6201 10 4096 54
6301 3 4096 60
6401 38 4096 41
6501 47 4096 43
6601 26 4096 40
6701 39 4096 48
6801 27 4096 40
6901 21 4096 41
7001 35 4096 51
7101 22 4096 42
7201 32 4096 45
7301 9 4096 60
7401 20 4096 39
7501 33 4096 50
7601 10 4096 31
7701 6 4096 50
7801 26 4096 45
7901 23 4096 50
8001 1 4096 57
8101 25 4096 41
8201 24 4096 46
8301 41 4096 52
8401 33 4096 38
8501 39 4096 50
8601 9 4096 48
8701 47 4096 60
8801 15 4096 53
8901 17 4096 44
9001 16 4096 38
9101 11 4096 44
9201 37 4096 38
9301 44 4096 42
9401 3 4096 52
9501 45 4096 60
9601 5 4096 44
9701 7 4096 47
9801 35 4096 53
9901 34 4096 42
10001 31 4096 54
10101 30 4096 43
10201 36 4096 35
10301 18 4096 50
10401 13 4096 43
10501 32 4096 48
10601 8 4096 55
10701 28 4096 47
10801 43 4096 53
10901 4 4096 43
11001 29 4096 62
11101 27 4096 50
11201 21 4096 49
11301 22 4096 66
11401 46 4096 61
11501 42 4096 38
