0 39 4096 43
100 44 4096 45
200 29 4096 47
300 20 4096 50
400 19 4096 47
500 47 4096 43
600 10 4096 42
700 45 4096 42
800 30 4096 40
900 46 4096 52
1000 33 4096 46
1100 17 4096 45
1200 7 4096 46
1300 32 4096 51
1400 27 4096 51
1500 16 4096 43
1600 15 4096 45
1699 37 4096 42
1797 23 4096 62
1894 40 4096 50
1989 25 4096 55
2081 41 4096 46
2169 5 4096 41
2251 42 4096 45
2327 28 4096 30
2394 22 4096 53
2452 34 4096 53
2501 4 4096 53
2540 9 4096 45
2571 43 4096 53
2594 6 4096 41
2612 13 4096 42
2628 8 4096 48
2644 1 4096 45
2662 3 4096 56
2685 18 4096 53
2715 11 4096 52
2752 35 4096 47
2798 31 4096 55
2852 21 4096 44
2915 27 4096 29
2985 15 4096 47
3062 7 4096 57
3144 30 4096 48
3231 4 4096 53
3321 25 4096 61
3414 5 4096 43
3509 6 4096 43
3606 13 4096 46
3704 39 4096 60
3803 34 4096 49
3902 46 4096 49
4001 20 4096 52
4101 23 4096 38
4201 42 4096 54
4301 28 4096 38
4401 47 4096 41
4501 41 4096 48
4601 35 4096 50
4701 17 4096 48
4801 22 4096 51
4901 31 4096 41
5001 45 4096 53
5101 37 4096 46
5201 19 4096 47
5301 44 4096 48
5401 32 4096 48
5501 29 4096 55
5601 11 4096 46
5701 33 4096 41
5801 43 4096 42
5901 1 4096 44
6001 9 4096 42
6101 16 4096 42
6201 8 4096 54
6301 40 4096 60
6401 21 4096 41
6501 3 4096 43
6601 18 4096 40
6701 10 4096 48
6801 6 4096 40
6901 43 4096 41
7001 22 4096 51
7101 47 4096 42
7201 8 4096 45
7301 20 4096 60
7401 9 4096 39
7501 5 4096 50
7601 15 4096 31
7701 21 4096 50
7801 10 4096 45
7901 13 4096 50
8001 42 4096 57
8101 33 4096 41
8201 4 4096 46
8301 3 4096 52
8401 28 4096 38
8501 29 4096 50
8601 18 4096 48
8701 16 4096 60
8801 27 4096 53
8901 44 4096 44
9001 11 4096 38
9101 45 4096 44
9201 35 4096 38
9301 32 4096 42
9401 39 4096 52
9501 40 4096 60
9601 17 4096 44
9701 1 4096 47
9801 30 4096 53
9901 41 4096 42
10001 7 4096 54
10101 46 4096 43
10201 25 4096 35
10301 23 4096 50
10401 34 4096 43
10501 19 4096 48
10601 37 4096 55
10701 31 4096 47
10801 25 4096 53
10901 43 4096 43
11001 40 4096 62
11101 21 4096 50
11201 39 4096 49
11301 1 4096 66
11401 33 4096 61
11501 6 4096 38
