0 32 4096 172
100 13 4096 180
200 23 4096 188
300 15 4096 200
400 14 4096 188
500 11 4096 172
600 30 4096 168
700 5 4096 168
800 42 4096 160
900 38 4096 208
1000 12 4096 184
1100 44 4096 180
1200 35 4096 184
1300 21 4096 204
1400 22 4096 204
1500 8 4096 172
1600 1 4096 180
1699 19 4096 168
1797 6 4096 248
1894 3 4096 200
1989 26 4096 220
2081 33 4096 184
2169 4 4096 164
2251 29 4096 180
2327 16 4096 120
2394 45 4096 212
2452 39 4096 212
2501 18 4096 212
2540 10 4096 180
2571 7 4096 212
2594 34 4096 164
2612 28 4096 168
2628 24 4096 192
2644 27 4096 180
2662 36 4096 224
2685 31 4096 212
2715 40 4096 208
2752 46 4096 188
2798 41 4096 220
2852 17 4096 176
2915 2 4096 116
2985 43 4096 188
3062 25 4096 228
3144 37 4096 192
3231 9 4096 212
3321 20 4096 244
3414 28 4096 172
3509 7 4096 172
3606 16 4096 184
3704 40 4096 240
3803 1 4096 196
3902 30 4096 196
4001 24 4096 208
4101 43 4096 152
4201 44 4096 216
4301 23 4096 152
4401 2 4096 164
4501 6 4096 192
4601 20 4096 200
4701 15 4096 192
4801 42 4096 204
4901 12 4096 164
5001 33 4096 212
5101 22 4096 184
5201 27 4096 188
5301 4 4096 192
5401 13 4096 192
5501 5 4096 220
5601 35 4096 184
5701 31 4096 164
5801 21 4096 168
5901 32 4096 176
6001 41 4096 168
6101 19 4096 168
6201 34 4096 216
6301 11 4096 240
6401 17 4096 164
6501 18 4096 172
6601 9 4096 160
6701 39 4096 192
6801 37 4096 160
6901 45 4096 164
7001 3 4096 204
7101 26 4096 168
7201 29 4096 180
7301 10 4096 240
7401 36 4096 156
7501 25 4096 200
7601 14 4096 124
7701 8 4096 200
7801 38 4096 180
7901 46 4096 200
8001 27 4096 228
8101 42 4096 164
8201 29 4096 184
8301 14 4096 208
8401 22 4096 152
8501 40 4096 200
8601 4 4096 192
8701 28 4096 240
8801 46 4096 212
8901 17 4096 176
9001 23 4096 152
9101 9 4096 176
9201 11 4096 152
9301 31 4096 168
9401 19 4096 208
9501 25 4096 240
9601 21 4096 176
9701 37 4096 188
9801 26 4096 212
9901 18 4096 168
10001 16 4096 216
10101 30 4096 172
10201 13 4096 140
10301 34 4096 200
10401 15 4096 172
10501 35 4096 192
10601 1 4096 220
10701 32 4096 188
10801 44 4096 212
10901 10 4096 172
11001 45 4096 248
11101 3 4096 200
11201 24 4096 196
11301 2 4096 264
11401 5 4096 244
11501 6 4096 152
