0 12 4096 64
100 13 4096 67
200 6 4096 70
300 22 4096 75
400 26 4096 70
500 38 4096 64
600 31 4096 63
700 46 4096 63
800 1 4096 60
900 14 4096 78
1000 7 4096 69
1100 21 4096 67
1200 25 4096 69
1300 40 4096 76
1400 33 4096 76
1500 35 4096 64
1600 4 4096 67
1699 5 4096 63
1797 8 4096 93
1894 20 4096 75
1989 36 4096 82
2081 29 4096 69
2169 42 4096 61
2251 45 4096 67
2327 3 4096 45
2394 16 4096 79
2452 9 4096 79
2501 23 4096 79
2540 27 4096 67
2571 41 4096 79
2594 32 4096 61
2612 44 4096 63
2628 2 4096 72
2644 15 4096 67
2662 18 4096 84
2685 11 4096 79
2715 24 4096 78
2752 39 4096 70
2798 34 4096 82
2852 43 4096 66
2915 3 4096 43
2985 13 4096 70
3062 6 4096 85
3144 23 4096 72
3231 25 4096 79
3321 39 4096 91
3414 32 4096 64
3509 44 4096 64
3606 1 4096 69
3704 5 4096 90
3803 9 4096 73
3902 11 4096 73
4001 27 4096 78
4101 40 4096 57
4201 31 4096 81
4301 43 4096 57
4401 4 4096 61
4501 15 4096 72
4601 8 4096 75
4701 21 4096 72
4801 36 4096 76
4901 29 4096 61
5001 33 4096 79
5101 45 4096 69
5201 2 4096 70
5301 16 4096 72
5401 18 4096 72
5501 20 4096 82
5601 24 4096 69
5701 41 4096 61
5801 42 4096 63
5901 46 4096 66
6001 12 4096 63
6101 14 4096 63
6201 7 4096 81
6301 22 4096 90
6401 26 4096 61
6501 38 4096 64
6601 34 4096 60
6701 35 4096 72
6801 3 4096 60
6901 5 4096 61
7001 8 4096 76
7101 11 4096 63
7201 25 4096 67
7301 41 4096 90
7401 33 4096 58
7501 46 4096 75
7601 1 4096 46
7701 14 4096 75
7801 9 4096 67
7901 21 4096 75
8001 24 4096 85
8101 39 4096 61
8201 32 4096 69
8301 43 4096 78
8401 12 4096 57
8501 13 4096 75
8601 18 4096 72
8701 23 4096 90
8801 26 4096 79
8901 38 4096 66
9001 31 4096 57
9101 35 4096 66
9201 4 4096 57
9301 15 4096 63
9401 7 4096 78
9501 20 4096 90
9601 27 4096 66
9701 29 4096 70
9801 34 4096 79
9901 45 4096 63
10001 2 4096 81
10101 16 4096 64
10201 6 4096 52
10301 22 4096 75
10401 36 4096 64
10501 40 4096 72
10601 42 4096 82
10701 44 4096 70
10801 4 4096 79
10901 14 4096 64
11001 6 4096 93
11101 23 4096 75
11201 25 4096 73
11301 29 4096 99
11401 34 4096 91
11501 35 4096 57
