0 27 4096 64
99 44 4096 67
176 41 4096 70
266 32 4096 75
321 34 4096 70
403 20 4096 64
503 4 4096 63
566 8 4096 63
646 9 4096 60
706 35 4096 78
778 5 4096 69
828 37 4096 67
925 38 4096 69
1021 19 4096 76
1095 17 4096 76
1181 29 4096 64
1232 14 4096 67
1312 1 4096 63
1406 22 4096 93
1487 7 4096 75
1552 43 4096 82
1649 16 4096 69
1708 39 4096 61
1782 24 4096 67
1870 11 4096 45
1941 3 4096 79
2029 26 4096 79
2120 23 4096 79
2188 40 4096 67
2249 21 4096 79
2310 6 4096 61
2372 18 4096 63
2453 36 4096 72
2503 12 4096 67
2563 25 4096 84
2619 10 4096 79
2674 30 4096 78
2768 33 4096 70
2830 45 4096 82
2885 46 4096 66
2964 31 4096 43
3035 2 4096 70
3126 28 4096 85
3216 42 4096 72
3293 15 4096 79
3344 13 4096 91
3442 43 4096 64
3496 11 4096 64
3595 29 4096 69
3656 9 4096 90
3746 10 4096 73
3802 40 4096 73
3852 16 4096 78
3945 1 4096 57
4024 2 4096 81
4086 17 4096 57
4160 46 4096 61
4249 5 4096 72
4310 32 4096 75
4410 14 4096 72
4510 45 4096 76
4571 38 4096 61
4637 28 4096 79
4713 37 4096 69
4805 19 4096 70
4901 33 4096 72
4960 36 4096 72
5034 6 4096 82
5133 26 4096 69
5203 23 4096 61
5274 44 4096 63
5360 15 4096 66
5454 25 4096 63
5511 3 4096 63
5586 39 4096 81
5671 41 4096 90
5732 27 4096 61
5808 42 4096 64
5888 31 4096 60
5950 21 4096 72
6042 34 4096 60
6125 22 4096 61
6176 4 4096 76
6250 13 4096 63
6303 24 4096 67
6371 12 4096 90
6448 8 4096 58
6532 30 4096 75
6591 7 4096 46
6671 18 4096 75
6745 35 4096 67
6840 20 4096 75
6916 14 4096 85
6979 13 4096 61
7030 3 4096 69
7093 26 4096 78
7149 25 4096 57
7231 4 4096 75
7291 39 4096 72
7379 43 4096 90
7459 12 4096 79
7546 18 4096 66
7611 28 4096 57
7696 31 4096 66
7779 41 4096 57
7852 20 4096 63
7903 19 4096 78
7969 46 4096 90
8069 33 4096 66
8123 5 4096 70
8208 8 4096 79
8274 32 4096 63
8364 24 4096 81
8444 10 4096 64
8543 34 4096 52
8594 40 4096 75
8666 37 4096 64
8731 42 4096 72
8794 15 4096 82
8869 2 4096 70
8926 38 4096 79
9019 45 4096 64
9115 27 4096 93
9203 30 4096 75
9270 29 4096 73
9370 9 4096 99
9428 7 4096 91
9522 6 4096 57
