0 1 4096 43
100 47 4096 45
200 4 4096 47
300 25 4096 50
400 8 4096 47
500 35 4096 43
600 36 4096 42
700 10 4096 42
800 37 4096 40
900 3 4096 52
1000 43 4096 46
1100 5 4096 45
1200 6 4096 46
1300 45 4096 51
1400 11 4096 51
1500 13 4096 43
1600 22 4096 45
1699 39 4096 42
1797 23 4096 62
1894 24 4096 50
1989 34 4096 55
2081 38 4096 46
2169 41 4096 41
2251 9 4096 45
2327 46 4096 30
2394 7 4096 53
2452 15 4096 53
2501 16 4096 53
2540 17 4096 45
2571 18 4096 53
2594 20 4096 41
2612 21 4096 42
2628 26 4096 48
2644 27 4096 45
2662 29 4096 56
2685 31 4096 53
2715 33 4096 52
2752 40 4096 47
2798 42 4096 55
2852 44 4096 44
2915 19 4096 29
2985 28 4096 47
3062 30 4096 57
3144 32 4096 48
3231 1 4096 53
3321 47 4096 61
3414 4 4096 43
3509 25 4096 43
3606 8 4096 46
3704 35 4096 60
3803 36 4096 49
3902 10 4096 49
4001 37 4096 52
4101 3 4096 38
4201 43 4096 54
4301 5 4096 38
4401 6 4096 41
4501 45 4096 48
4601 11 4096 50
4701 13 4096 48
4801 22 4096 51
4901 39 4096 41
5001 23 4096 53
5101 24 4096 46
5201 34 4096 47
5301 38 4096 48
5401 41 4096 48
5501 9 4096 55
5601 46 4096 46
5701 7 4096 41
5801 15 4096 42
5901 16 4096 44
6001 17 4096 42
6101 18 4096 42
6201 20 4096 54
6301 21 4096 60
6401 26 4096 41
6501 27 4096 43
6601 29 4096 40
6701 31 4096 48
6801 33 4096 40
6901 40 4096 41
7001 42 4096 51
7101 44 4096 42
7201 19 4096 45
7301 28 4096 60
7401 30 4096 39
7501 32 4096 50
7601 1 4096 31
7701 47 4096 50
7801 4 4096 45
7901 25 4096 50
8001 8 4096 57
8101 35 4096 41
8201 36 4096 46
8301 10 4096 52
8401 37 4096 38
8501 3 4096 50
8601 43 4096 48
8701 5 4096 60
8801 6 4096 53
8901 45 4096 44
9001 11 4096 38
9101 13 4096 44
9201 22 4096 38
9301 39 4096 42
9401 23 4096 52
9501 24 4096 60
9601 34 4096 44
9701 38 4096 47
9801 41 4096 53
9901 9 4096 42
10001 46 4096 54
10101 7 4096 43
10201 15 4096 35
10301 16 4096 50
10401 17 4096 43
10501 18 4096 48
10601 20 4096 55
10701 21 4096 47
10801 26 4096 53
10901 27 4096 43
11001 29 4096 62
11101 31 4096 50
11201 33 4096 49
11301 40 4096 66
11401 42 4096 61
11501 44 4096 38
