0 1 4096 64
100 45 4096 67
200 2 4096 70
300 35 4096 75
400 4 4096 70
500 36 4096 64
600 46 4096 63
700 3 4096 63
800 6 4096 60
900 8 4096 78
1000 39 4096 69
1100 11 4096 67
1200 12 4096 69
1300 41 4096 76
1400 13 4096 76
1500 22 4096 64
1600 23 4096 67
1699 24 4096 63
1797 25 4096 93
1894 34 4096 75
1989 38 4096 82
2081 43 4096 69
2169 9 4096 61
2251 44 4096 67
2327 5 4096 45
2394 7 4096 79
2452 14 4096 79
2501 15 4096 79
2540 18 4096 67
2571 20 4096 79
2594 21 4096 61
2612 26 4096 63
2628 27 4096 72
2644 29 4096 67
2662 31 4096 84
2685 32 4096 79
2715 33 4096 78
2752 40 4096 70
2798 42 4096 82
2852 16 4096 66
2915 1 4096 43
2985 45 4096 70
3062 2 4096 85
3144 35 4096 72
3231 4 4096 79
3321 36 4096 91
3414 46 4096 64
3509 3 4096 64
3606 6 4096 69
3704 8 4096 90
3803 39 4096 73
3902 11 4096 73
4001 12 4096 78
4101 41 4096 57
4201 13 4096 81
4301 22 4096 57
4401 23 4096 61
4501 24 4096 72
4601 25 4096 75
4701 34 4096 72
4801 38 4096 76
4901 43 4096 61
5001 9 4096 79
5101 44 4096 69
5201 5 4096 70
5301 7 4096 72
5401 14 4096 72
5501 15 4096 82
5601 18 4096 69
5701 20 4096 61
5801 21 4096 63
5901 26 4096 66
6001 27 4096 63
6101 29 4096 63
6201 31 4096 81
6301 32 4096 90
6401 33 4096 61
6501 40 4096 64
6601 42 4096 60
6701 16 4096 72
6801 1 4096 60
6901 45 4096 61
7001 2 4096 76
7101 35 4096 63
7201 4 4096 67
7301 36 4096 90
7401 46 4096 58
7501 3 4096 75
7601 6 4096 46
7701 8 4096 75
7801 39 4096 67
7901 11 4096 75
8001 12 4096 85
8101 41 4096 61
8201 13 4096 69
8301 22 4096 78
8401 23 4096 57
8501 24 4096 75
8601 25 4096 72
8701 34 4096 90
8801 38 4096 79
8901 43 4096 66
9001 9 4096 57
9101 44 4096 66
9201 5 4096 57
9301 7 4096 63
9401 14 4096 78
9501 15 4096 90
9601 18 4096 66
9701 20 4096 70
9801 21 4096 79
9901 26 4096 63
10001 27 4096 81
10101 29 4096 64
10201 31 4096 52
10301 32 4096 75
10401 33 4096 64
10501 40 4096 72
10601 42 4096 82
10701 16 4096 70
10801 1 4096 79
10901 45 4096 64
11001 2 4096 93
11101 35 4096 75
11201 4 4096 73
11301 36 4096 99
11401 46 4096 91
11501 3 4096 57
