0 6 4096 64
99 46 4096 67
176 33 4096 70
266 42 4096 75
321 32 4096 70
403 29 4096 64
503 31 4096 63
566 40 4096 63
646 7 4096 60
706 45 4096 78
778 26 4096 69
828 41 4096 67
925 36 4096 69
1021 15 4096 76
1095 25 4096 76
1181 16 4096 64
1232 44 4096 67
1312 18 4096 63
1406 21 4096 93
1487 39 4096 75
1552 3 4096 82
1649 1 4096 69
1708 43 4096 61
1782 24 4096 67
1870 12 4096 45
1941 11 4096 79
2029 14 4096 79
2120 20 4096 79
2188 2 4096 67
2249 22 4096 79
2310 5 4096 61
2372 8 4096 63
2453 4 4096 72
2503 35 4096 67
2563 23 4096 84
2619 34 4096 79
2674 38 4096 78
2768 27 4096 70
2830 9 4096 82
2885 13 4096 66
2964 23 4096 43
3035 22 4096 70
3126 11 4096 85
3216 24 4096 72
3293 43 4096 79
3344 26 4096 91
3442 45 4096 64
3496 20 4096 64
3595 41 4096 69
3656 1 4096 90
3746 16 4096 73
3802 12 4096 73
3852 25 4096 78
3945 18 4096 57
4024 27 4096 81
4086 39 4096 57
4160 46 4096 61
4249 21 4096 72
4310 34 4096 75
4410 4 4096 72
4510 8 4096 76
4571 13 4096 61
4637 3 4096 79
4713 7 4096 69
4805 32 4096 70
4901 35 4096 72
4960 29 4096 72
5034 44 4096 82
5133 38 4096 69
5203 14 4096 61
5274 36 4096 63
5360 2 4096 66
5454 40 4096 63
5511 31 4096 63
5586 15 4096 81
5671 6 4096 90
5732 5 4096 61
5808 9 4096 64
5888 42 4096 60
5950 33 4096 72
6042 40 4096 60
6125 1 4096 61
6176 33 4096 76
6250 31 4096 63
6303 5 4096 67
6371 35 4096 90
6448 23 4096 58
6532 27 4096 75
6591 21 4096 46
6671 45 4096 75
6745 11 4096 67
6840 42 4096 75
6916 24 4096 85
6979 7 4096 61
7030 29 4096 69
7093 36 4096 78
7149 32 4096 57
7231 34 4096 75
7291 12 4096 72
7379 18 4096 90
7459 4 4096 79
7546 15 4096 66
7611 20 4096 57
7696 46 4096 66
7779 22 4096 57
7852 39 4096 63
7903 13 4096 78
7969 41 4096 90
8069 2 4096 66
8123 6 4096 70
8208 43 4096 79
8274 16 4096 63
8364 44 4096 81
8444 14 4096 64
8543 38 4096 52
8594 9 4096 75
8666 3 4096 64
8731 26 4096 72
8794 8 4096 82
8869 25 4096 70
8926 18 4096 79
9019 42 4096 64
9115 3 4096 93
9203 39 4096 75
9270 43 4096 73
9370 20 4096 99
9428 4 4096 91
9522 31 4096 57
