0 1 4096 64
99 47 4096 67
176 2 4096 70
266 45 4096 75
321 10 4096 70
403 37 4096 64
503 3 4096 63
566 34 4096 63
646 36 4096 60
706 5 4096 78
778 6 4096 69
828 46 4096 67
925 11 4096 69
1021 39 4096 76
1095 13 4096 76
1181 9 4096 64
1232 22 4096 67
1312 24 4096 63
1406 25 4096 93
1487 23 4096 75
1552 35 4096 82
1649 38 4096 69
1708 41 4096 61
1782 43 4096 67
1870 7 4096 45
1941 14 4096 79
2029 15 4096 79
2120 17 4096 79
2188 18 4096 67
2249 21 4096 79
2310 26 4096 61
2372 27 4096 63
2453 29 4096 72
2503 31 4096 67
2563 32 4096 84
2619 33 4096 79
2674 40 4096 78
2768 42 4096 70
2830 44 4096 82
2885 19 4096 66
2964 28 4096 43
3035 30 4096 70
3126 1 4096 85
3216 47 4096 72
3293 2 4096 79
3344 45 4096 91
3442 10 4096 64
3496 37 4096 64
3595 3 4096 69
3656 34 4096 90
3746 36 4096 73
3802 5 4096 73
3852 6 4096 78
3945 46 4096 57
4024 11 4096 81
4086 39 4096 57
4160 13 4096 61
4249 9 4096 72
4310 22 4096 75
4410 24 4096 72
4510 25 4096 76
4571 23 4096 61
4637 35 4096 79
4713 38 4096 69
4805 41 4096 70
4901 43 4096 72
4960 7 4096 72
5034 14 4096 82
5133 15 4096 69
5203 17 4096 61
5274 18 4096 63
5360 21 4096 66
5454 26 4096 63
5511 27 4096 63
5586 29 4096 81
5671 31 4096 90
5732 32 4096 61
5808 33 4096 64
5888 40 4096 60
5950 42 4096 72
6042 44 4096 60
6125 19 4096 61
6176 28 4096 76
6250 30 4096 63
6303 1 4096 67
6371 47 4096 90
6448 2 4096 58
6532 45 4096 75
6591 10 4096 46
6671 37 4096 75
6745 3 4096 67
6840 34 4096 75
6916 36 4096 85
6979 5 4096 61
7030 6 4096 69
7093 46 4096 78
7149 11 4096 57
7231 39 4096 75
7291 13 4096 72
7379 9 4096 90
7459 22 4096 79
7546 24 4096 66
7611 25 4096 57
7696 23 4096 66
7779 35 4096 57
7852 38 4096 63
7903 41 4096 78
7969 43 4096 90
8069 7 4096 66
8123 14 4096 70
8208 15 4096 79
8274 17 4096 63
8364 18 4096 81
8444 21 4096 64
8543 26 4096 52
8594 27 4096 75
8666 29 4096 64
8731 31 4096 72
8794 32 4096 82
8869 33 4096 70
8926 40 4096 79
9019 42 4096 64
9115 44 4096 93
9203 19 4096 75
9270 28 4096 73
9370 30 4096 99
9428 1 4096 91
9522 47 4096 57
