0 46 4096 43
100 2 4096 45
200 47 4096 47
300 34 4096 50
400 23 4096 47
500 44 4096 43
600 7 4096 42
700 28 4096 42
800 29 4096 40
900 13 4096 52
1000 6 4096 46
1100 41 4096 45
1200 25 4096 46
1300 10 4096 51
1400 27 4096 51
1500 1 4096 43
1600 15 4096 45
1699 3 4096 42
1797 24 4096 62
1894 31 4096 50
1989 32 4096 55
2081 17 4096 46
2169 9 4096 41
2251 18 4096 45
2327 11 4096 30
2394 8 4096 53
2452 33 4096 53
2501 22 4096 53
2540 37 4096 45
2571 40 4096 53
2594 36 4096 41
2612 14 4096 42
2628 21 4096 48
2644 45 4096 45
2662 43 4096 56
2685 39 4096 53
2715 20 4096 52
2752 30 4096 47
2798 42 4096 55
2852 38 4096 44
2915 26 4096 29
2985 19 4096 47
3062 5 4096 57
3144 35 4096 48
3231 46 4096 53
3321 28 4096 61
3414 38 4096 43
3509 5 4096 43
3606 40 4096 46
3704 33 4096 60
3803 13 4096 49
3902 15 4096 49
4001 25 4096 52
4101 11 4096 38
4201 34 4096 54
4301 44 4096 38
4401 24 4096 41
4501 36 4096 48
4601 31 4096 50
4701 8 4096 48
4801 47 4096 51
4901 37 4096 41
5001 1 4096 53
5101 6 4096 46
5201 10 4096 47
5301 39 4096 48
5401 43 4096 48
5501 41 4096 55
5601 21 4096 46
5701 35 4096 41
5801 7 4096 42
5901 29 4096 44
6001 3 4096 42
6101 9 4096 42
6201 32 4096 54
6301 23 4096 60
6401 30 4096 41
6501 22 4096 43
6601 27 4096 40
6701 45 4096 48
6801 20 4096 40
6901 19 4096 41
7001 18 4096 51
7101 26 4096 42
7201 42 4096 45
7301 2 4096 60
7401 17 4096 39
7501 14 4096 50
7601 36 4096 31
7701 31 4096 50
7801 21 4096 45
7901 2 4096 50
8001 14 4096 57
8101 35 4096 41
8201 17 4096 46
8301 1 4096 52
8401 41 4096 38
8501 24 4096 50
8601 47 4096 48
8701 23 4096 60
8801 33 4096 53
8901 3 4096 44
9001 10 4096 38
9101 19 4096 44
9201 9 4096 38
9301 39 4096 42
9401 11 4096 52
9501 29 4096 60
9601 27 4096 44
9701 40 4096 47
9801 25 4096 53
9901 43 4096 42
10001 13 4096 54
10101 44 4096 43
10201 32 4096 35
10301 42 4096 50
10401 28 4096 43
10501 26 4096 48
10601 18 4096 55
10701 5 4096 47
10801 38 4096 53
10901 20 4096 43
11001 34 4096 62
11101 45 4096 50
11201 15 4096 49
11301 6 4096 66
11401 37 4096 61
11501 46 4096 38
