0 15 4096 43
100 22 4096 45
200 44 4096 47
300 42 4096 50
400 39 4096 47
500 25 4096 43
600 14 4096 42
700 35 4096 42
800 37 4096 40
900 9 4096 52
1000 45 4096 46
1100 47 4096 45
1200 29 4096 46
1300 18 4096 51
1400 3 4096 51
1500 30 4096 43
1600 11 4096 45
1699 10 4096 42
1797 40 4096 62
1894 31 4096 50
1989 41 4096 55
2081 19 4096 46
2169 46 4096 41
2251 26 4096 45
2327 17 4096 30
2394 32 4096 53
2452 7 4096 53
2501 43 4096 53
2540 34 4096 45
2571 23 4096 53
2594 21 4096 41
2612 33 4096 42
2628 6 4096 48
2644 13 4096 45
2662 38 4096 56
2685 27 4096 53
2715 36 4096 52
2752 28 4096 47
2798 2 4096 55
2852 1 4096 44
2915 24 4096 29
2985 5 4096 47
3062 36 4096 57
3144 34 4096 48
3231 11 4096 53
3321 15 4096 61
3414 41 4096 43
3509 24 4096 43
3606 28 4096 46
3704 30 4096 60
3803 43 4096 49
3902 3 4096 49
4001 38 4096 52
4101 10 4096 38
4201 21 4096 54
4301 18 4096 38
4401 14 4096 41
4501 37 4096 48
4601 26 4096 50
4701 17 4096 48
4801 44 4096 51
4901 29 4096 41
5001 33 4096 53
5101 42 4096 46
5201 46 4096 47
5301 25 4096 48
5401 2 4096 48
5501 6 4096 55
5601 22 4096 46
5701 7 4096 41
5801 32 4096 42
5901 13 4096 44
6001 35 4096 42
6101 19 4096 42
6201 27 4096 54
6301 23 4096 60
6401 1 4096 41
6501 45 4096 43
6601 40 4096 40
6701 47 4096 48
6801 39 4096 40
6901 5 4096 41
7001 9 4096 51
7101 31 4096 42
7201 6 4096 45
7301 2 4096 60
7401 30 4096 39
7501 14 4096 50
7601 25 4096 31
7701 23 4096 50
7801 15 4096 45
7901 18 4096 50
8001 36 4096 57
8101 26 4096 41
8201 34 4096 46
8301 29 4096 52
8401 46 4096 38
8501 45 4096 50
8601 22 4096 48
8701 35 4096 60
8801 37 4096 53
8901 17 4096 44
9001 33 4096 38
9101 28 4096 44
9201 11 4096 38
9301 40 4096 42
9401 47 4096 52
9501 7 4096 60
9601 41 4096 44
9701 13 4096 47
9801 31 4096 53
9901 27 4096 42
10001 10 4096 54
10101 39 4096 43
10201 3 4096 35
10301 24 4096 50
10401 19 4096 43
10501 44 4096 48
10601 1 4096 55
10701 5 4096 47
10801 32 4096 53
10901 42 4096 43
11001 9 4096 62
11101 38 4096 50
11201 21 4096 49
11301 43 4096 66
11401 45 4096 61
11501 14 4096 38
