0 6 4096 64
100 21 4096 67
200 28 4096 70
300 2 4096 75
400 46 4096 70
500 26 4096 64
600 38 4096 63
700 31 4096 63
800 45 4096 60
900 34 4096 78
1000 16 4096 69
1100 8 4096 67
1200 18 4096 69
1300 32 4096 76
1400 30 4096 76
1500 41 4096 64
1600 23 4096 67
1699 44 4096 63
1797 13 4096 93
1894 33 4096 75
1989 15 4096 82
2081 29 4096 69
2169 9 4096 61
2251 40 4096 67
2327 25 4096 45
2394 27 4096 79
2452 35 4096 79
2501 4 4096 79
2540 24 4096 67
2571 1 4096 79
2594 42 4096 61
2612 39 4096 63
2628 22 4096 72
2644 10 4096 67
2662 11 4096 84
2685 5 4096 79
2715 19 4096 78
2752 37 4096 70
2798 3 4096 82
2852 12 4096 66
2915 36 4096 43
2985 7 4096 70
3062 20 4096 85
3144 43 4096 72
3231 17 4096 79
3321 14 4096 91
3414 30 4096 64
3509 7 4096 64
3606 9 4096 69
3704 29 4096 90
3803 27 4096 73
3902 8 4096 73
4001 24 4096 78
4101 12 4096 57
4201 41 4096 81
4301 35 4096 57
4401 26 4096 61
4501 31 4096 72
4601 10 4096 75
4701 45 4096 72
4801 32 4096 76
4901 18 4096 61
5001 1 4096 79
5101 34 4096 69
5201 20 4096 70
5301 15 4096 72
5401 38 4096 72
5501 6 4096 82
5601 13 4096 69
5701 21 4096 61
5801 28 4096 63
5901 11 4096 66
6001 17 4096 63
6101 33 4096 63
6201 42 4096 81
6301 16 4096 90
6401 22 4096 61
6501 4 4096 64
6601 40 4096 60
6701 2 4096 72
6801 3 4096 60
6901 25 4096 61
7001 46 4096 76
7101 44 4096 63
7201 37 4096 67
7301 19 4096 90
7401 36 4096 58
7501 43 4096 75
7601 14 4096 46
7701 5 4096 75
7801 23 4096 67
7901 39 4096 75
8001 1 4096 85
8101 24 4096 61
8201 8 4096 69
8301 16 4096 78
8401 21 4096 57
8501 32 4096 75
8601 25 4096 72
8701 45 4096 90
8801 31 4096 79
8901 35 4096 66
9001 2 4096 57
9101 15 4096 66
9201 22 4096 57
9301 5 4096 63
9401 26 4096 78
9501 10 4096 90
9601 34 4096 66
9701 4 4096 70
9801 14 4096 79
9901 13 4096 63
10001 44 4096 81
10101 30 4096 64
10201 33 4096 52
10301 39 4096 75
10401 36 4096 64
10501 20 4096 72
10601 37 4096 82
10701 9 4096 70
10801 11 4096 79
10901 23 4096 64
11001 38 4096 93
11101 12 4096 75
11201 28 4096 73
11301 43 4096 99
11401 46 4096 91
11501 29 4096 57
