0 21 4096 21
100 34 4096 22
200 43 4096 23
300 32 4096 25
400 20 4096 23
500 4 4096 21
600 10 4096 21
700 44 4096 21
800 40 4096 20
900 37 4096 26
1000 30 4096 23
1100 45 4096 22
1200 22 4096 23
1300 16 4096 25
1400 1 4096 25
1500 27 4096 21
1600 12 4096 22
1699 17 4096 21
1797 2 4096 31
1894 18 4096 25
1989 31 4096 27
2081 39 4096 23
2169 13 4096 20
2251 19 4096 22
2327 23 4096 15
2394 36 4096 26
2452 3 4096 26
2501 25 4096 26
2540 14 4096 22
2571 38 4096 26
2594 29 4096 20
2612 6 4096 21
2628 41 4096 24
2644 7 4096 22
2662 15 4096 28
2685 46 4096 26
2715 42 4096 26
2752 33 4096 23
2798 11 4096 27
2852 24 4096 22
2915 9 4096 14
2985 26 4096 23
3062 8 4096 28
3144 35 4096 24
3231 28 4096 26
3321 5 4096 30
3414 12 4096 21
3509 32 4096 21
3606 43 4096 23
3704 27 4096 30
3803 13 4096 24
3902 45 4096 24
4001 1 4096 26
4101 37 4096 19
4201 10 4096 27
4301 7 4096 19
4401 40 4096 20
4501 25 4096 24
4601 3 4096 25
4701 46 4096 24
4801 31 4096 25
4901 33 4096 20
5001 41 4096 26
5101 36 4096 23
5201 11 4096 23
5301 5 4096 24
5401 15 4096 24
5501 18 4096 27
5601 8 4096 23
5701 19 4096 20
5801 21 4096 21
5901 39 4096 22
6001 22 4096 21
6101 34 4096 21
6201 2 4096 27
6301 26 4096 30
6401 28 4096 20
6501 38 4096 21
6601 42 4096 20
6701 35 4096 24
6801 30 4096 20
6901 16 4096 20
7001 20 4096 25
7101 4 4096 21
7201 29 4096 22
7301 44 4096 30
7401 23 4096 19
7501 17 4096 25
7601 14 4096 15
7701 6 4096 25
7801 9 4096 22
7901 24 4096 25
8001 31 4096 28
8101 33 4096 20
8201 2 4096 23
8301 7 4096 26
8401 9 4096 19
8501 4 4096 25
8601 15 4096 24
8701 18 4096 30
8801 40 4096 26
8901 6 4096 22
9001 30 4096 19
9101 5 4096 22
9201 20 4096 19
9301 38 4096 21
9401 10 4096 26
9501 17 4096 30
9601 1 4096 22
9701 27 4096 23
9801 43 4096 26
9901 35 4096 21
10001 11 4096 27
10101 44 4096 21
10201 12 4096 17
10301 26 4096 25
10401 3 4096 21
10501 25 4096 24
10601 29 4096 27
10701 16 4096 23
10801 21 4096 26
10901 36 4096 21
11001 42 4096 31
11101 37 4096 25
11201 22 4096 24
11301 46 4096 33
11401 28 4096 30
11501 32 4096 19
