0 19 4096 21
100 18 4096 22
200 15 4096 23
300 27 4096 25
400 42 4096 23
500 11 4096 21
600 22 4096 21
700 44 4096 21
800 47 4096 20
900 40 4096 26
1000 36 4096 23
1100 29 4096 22
1200 35 4096 23
1300 34 4096 25
1400 23 4096 25
1500 43 4096 21
1600 32 4096 22
1699 28 4096 21
1797 3 4096 31
1894 26 4096 25
1989 9 4096 27
2081 37 4096 23
2169 30 4096 20
2251 24 4096 22
2327 25 4096 15
2394 41 4096 26
2452 1 4096 26
2501 31 4096 26
2540 21 4096 22
2571 38 4096 26
2594 20 4096 20
2612 17 4096 21
2628 39 4096 24
2644 45 4096 22
2662 16 4096 28
2685 13 4096 26
2715 33 4096 26
2752 14 4096 23
2798 12 4096 27
2852 46 4096 22
2915 7 4096 14
2985 5 4096 23
3062 18 4096 28
3144 44 4096 24
3231 47 4096 26
3321 32 4096 30
3414 1 4096 21
3509 25 4096 21
3606 26 4096 23
3704 37 4096 30
3803 39 4096 24
3902 38 4096 24
4001 29 4096 26
4101 34 4096 19
4201 46 4096 27
4301 7 4096 19
4401 20 4096 20
4501 12 4096 24
4601 21 4096 25
4701 11 4096 24
4801 27 4096 25
4901 41 4096 20
5001 23 4096 26
5101 31 4096 23
5201 40 4096 23
5301 15 4096 24
5401 13 4096 24
5501 14 4096 27
5601 5 4096 23
5701 42 4096 20
5801 28 4096 21
5901 17 4096 22
6001 9 4096 21
6101 3 4096 21
6201 22 4096 27
6301 35 4096 30
6401 33 4096 20
6501 43 4096 21
6601 36 4096 20
6701 19 4096 24
6801 24 4096 20
6901 16 4096 20
7001 45 4096 25
7101 30 4096 21
7201 32 4096 22
7301 9 4096 30
7401 16 4096 19
7501 13 4096 25
7601 27 4096 15
7701 22 4096 25
7801 47 4096 22
7901 17 4096 25
8001 40 4096 28
8101 41 4096 20
8201 35 4096 23
8301 7 4096 26
8401 37 4096 19
8501 18 4096 25
8601 31 4096 24
8701 36 4096 30
8801 39 4096 26
8901 19 4096 22
9001 42 4096 19
9101 23 4096 22
9201 34 4096 19
9301 11 4096 21
9401 20 4096 26
9501 33 4096 30
9601 25 4096 22
9701 3 4096 23
9801 12 4096 26
9901 44 4096 21
10001 46 4096 27
10101 5 4096 21
10201 28 4096 17
10301 38 4096 25
10401 43 4096 21
10501 14 4096 24
10601 15 4096 27
10701 29 4096 23
10801 1 4096 26
10901 45 4096 21
11001 30 4096 31
11101 26 4096 25
11201 21 4096 24
11301 24 4096 33
11401 26 4096 30
11501 30 4096 19
