0 28 4096 86
100 38 4096 90
200 31 4096 94
300 29 4096 100
400 40 4096 94
500 10 4096 86
600 6 4096 84
700 44 4096 84
800 8 4096 80
900 21 4096 104
1000 41 4096 92
1100 37 4096 90
1200 35 4096 92
1300 25 4096 102
1400 39 4096 102
1500 17 4096 86
1600 26 4096 90
1699 1 4096 84
1797 7 4096 124
1894 43 4096 100
1989 19 4096 110
2081 18 4096 92
2169 34 4096 82
2251 20 4096 90
2327 5 4096 60
2394 46 4096 106
2452 24 4096 106
2501 12 4096 106
2540 42 4096 90
2571 3 4096 106
2594 36 4096 82
2612 9 4096 84
2628 14 4096 96
2644 13 4096 90
2662 30 4096 112
2685 4 4096 106
2715 16 4096 104
2752 15 4096 94
2798 23 4096 110
2852 27 4096 88
2915 2 4096 58
2985 11 4096 94
3062 22 4096 114
3144 45 4096 96
3231 33 4096 106
3321 32 4096 122
3414 37 4096 86
3509 23 4096 86
3606 26 4096 92
3704 5 4096 120
3803 15 4096 98
3902 27 4096 98
4001 42 4096 104
4101 30 4096 76
4201 8 4096 108
4301 38 4096 76
4401 25 4096 82
4501 12 4096 96
4601 18 4096 100
4701 41 4096 96
4801 32 4096 102
4901 13 4096 82
5001 4 4096 106
5101 29 4096 92
5201 44 4096 94
5301 31 4096 96
5401 28 4096 96
5501 11 4096 110
5601 16 4096 92
5701 36 4096 82
5801 19 4096 84
5901 9 4096 88
6001 17 4096 84
6101 1 4096 84
6201 43 4096 108
6301 24 4096 120
6401 14 4096 82
6501 45 4096 86
6601 21 4096 80
6701 10 4096 96
6801 6 4096 80
6901 39 4096 82
7001 46 4096 102
7101 2 4096 84
7201 20 4096 90
7301 35 4096 120
7401 7 4096 78
7501 33 4096 100
7601 3 4096 62
7701 22 4096 100
7801 40 4096 90
7901 34 4096 100
8001 7 4096 114
8101 37 4096 82
8201 45 4096 92
8301 36 4096 104
8401 26 4096 76
8501 39 4096 100
8601 40 4096 96
8701 46 4096 120
8801 34 4096 106
8901 5 4096 88
9001 6 4096 76
9101 25 4096 88
9201 28 4096 76
9301 17 4096 84
9401 24 4096 104
9501 8 4096 120
9601 23 4096 88
9701 30 4096 94
9801 14 4096 106
9901 41 4096 84
10001 43 4096 108
10101 4 4096 86
10201 19 4096 70
10301 27 4096 100
10401 35 4096 86
10501 1 4096 96
10601 3 4096 110
10701 2 4096 94
10801 20 4096 106
10901 22 4096 86
11001 32 4096 124
11101 13 4096 100
11201 38 4096 98
11301 10 4096 132
11401 15 4096 122
11501 16 4096 76
