0 45 4096 43
99 42 4096 45
176 34 4096 47
266 15 4096 50
321 25 4096 47
403 24 4096 43
503 32 4096 42
566 27 4096 42
646 21 4096 40
706 37 4096 52
778 20 4096 46
828 44 4096 45
925 29 4096 46
1021 40 4096 51
1095 8 4096 51
1181 33 4096 43
1232 10 4096 45
1312 47 4096 42
1406 18 4096 62
1487 43 4096 50
1552 46 4096 55
1649 28 4096 46
1708 41 4096 41
1782 38 4096 45
1870 39 4096 30
1941 23 4096 53
2029 4 4096 53
2120 9 4096 53
2188 35 4096 45
2249 11 4096 53
2310 14 4096 41
2372 22 4096 42
2453 6 4096 48
2503 5 4096 45
2563 36 4096 56
2619 30 4096 53
2674 26 4096 52
2768 31 4096 47
2830 7 4096 55
2885 19 4096 44
2964 16 4096 29
3035 17 4096 47
3126 29 4096 57
3216 11 4096 48
3293 6 4096 53
3344 4 4096 61
3442 21 4096 43
3496 7 4096 43
3595 34 4096 46
3656 47 4096 60
3746 17 4096 49
3802 10 4096 49
3852 20 4096 52
3945 41 4096 38
4024 16 4096 54
4086 40 4096 38
4160 25 4096 41
4249 27 4096 48
4310 24 4096 50
4410 44 4096 48
4510 14 4096 51
4571 46 4096 41
4637 5 4096 53
4713 30 4096 46
4805 19 4096 47
4901 45 4096 48
4960 33 4096 48
5034 28 4096 55
5133 23 4096 46
5203 8 4096 41
5274 9 4096 42
5360 26 4096 44
5454 22 4096 42
5511 36 4096 42
5586 37 4096 54
5671 39 4096 60
5732 42 4096 41
5808 43 4096 43
5888 31 4096 40
5950 15 4096 48
6042 38 4096 40
6125 18 4096 41
6176 35 4096 51
6250 32 4096 42
6303 20 4096 45
6371 22 4096 60
6448 5 4096 39
6532 38 4096 50
6591 30 4096 31
6671 32 4096 50
6745 28 4096 45
6840 42 4096 50
6916 29 4096 57
6979 27 4096 41
7030 21 4096 46
7093 35 4096 52
7149 17 4096 38
7231 37 4096 50
7291 41 4096 48
7379 10 4096 60
7459 26 4096 53
7546 45 4096 44
7611 39 4096 38
7696 43 4096 44
7779 11 4096 38
7852 25 4096 42
7903 47 4096 52
7969 8 4096 60
8069 19 4096 44
8123 7 4096 47
8208 40 4096 53
8274 24 4096 42
8364 14 4096 54
8444 23 4096 43
8543 18 4096 35
8594 31 4096 50
8666 34 4096 43
8731 9 4096 48
8794 46 4096 55
8869 44 4096 47
8926 6 4096 53
9019 16 4096 43
9115 4 4096 62
9203 15 4096 50
9270 33 4096 49
9370 36 4096 66
9428 35 4096 61
9522 22 4096 38
