0 12 4096 43
99 13 4096 45
176 6 4096 47
266 22 4096 50
321 26 4096 47
403 38 4096 43
503 31 4096 42
566 46 4096 42
646 1 4096 40
706 14 4096 52
778 7 4096 46
828 21 4096 45
925 25 4096 46
1021 40 4096 51
1095 33 4096 51
1181 35 4096 43
1232 4 4096 45
1312 5 4096 42
1406 8 4096 62
1487 20 4096 50
1552 36 4096 55
1649 29 4096 46
1708 42 4096 41
1782 45 4096 45
1870 3 4096 30
1941 16 4096 53
2029 9 4096 53
2120 23 4096 53
2188 27 4096 45
2249 41 4096 53
2310 32 4096 41
2372 44 4096 42
2453 2 4096 48
2503 15 4096 45
2563 18 4096 56
2619 11 4096 53
2674 24 4096 52
2768 39 4096 47
2830 34 4096 55
2885 43 4096 44
2964 3 4096 29
3035 13 4096 47
3126 6 4096 57
3216 23 4096 48
3293 25 4096 53
3344 39 4096 61
3442 32 4096 43
3496 44 4096 43
3595 1 4096 46
3656 5 4096 60
3746 9 4096 49
3802 11 4096 49
3852 27 4096 52
3945 40 4096 38
4024 31 4096 54
4086 43 4096 38
4160 4 4096 41
4249 15 4096 48
4310 8 4096 50
4410 21 4096 48
4510 36 4096 51
4571 29 4096 41
4637 33 4096 53
4713 45 4096 46
4805 2 4096 47
4901 16 4096 48
4960 18 4096 48
5034 20 4096 55
5133 24 4096 46
5203 41 4096 41
5274 42 4096 42
5360 46 4096 44
5454 12 4096 42
5511 14 4096 42
5586 7 4096 54
5671 22 4096 60
5732 26 4096 41
5808 38 4096 43
5888 34 4096 40
5950 35 4096 48
6042 3 4096 40
6125 5 4096 41
6176 8 4096 51
6250 11 4096 42
6303 25 4096 45
6371 41 4096 60
6448 33 4096 39
6532 46 4096 50
6591 1 4096 31
6671 14 4096 50
6745 9 4096 45
6840 21 4096 50
6916 24 4096 57
6979 39 4096 41
7030 32 4096 46
7093 43 4096 52
7149 12 4096 38
7231 13 4096 50
7291 18 4096 48
7379 23 4096 60
7459 26 4096 53
7546 38 4096 44
7611 31 4096 38
7696 35 4096 44
7779 4 4096 38
7852 15 4096 42
7903 7 4096 52
7969 20 4096 60
8069 27 4096 44
8123 29 4096 47
8208 34 4096 53
8274 45 4096 42
8364 2 4096 54
8444 16 4096 43
8543 6 4096 35
8594 22 4096 50
8666 36 4096 43
8731 40 4096 48
8794 42 4096 55
8869 44 4096 47
8926 4 4096 53
9019 14 4096 43
9115 6 4096 62
9203 23 4096 50
9270 25 4096 49
9370 29 4096 66
9428 34 4096 61
9522 35 4096 38
