0 30 4096 43
99 42 4096 45
176 29 4096 47
266 17 4096 50
321 34 4096 47
403 40 4096 43
503 33 4096 42
566 45 4096 42
646 26 4096 40
706 15 4096 52
778 2 4096 46
828 16 4096 45
925 8 4096 46
1021 21 4096 51
1095 28 4096 51
1181 39 4096 43
1232 24 4096 45
1312 23 4096 42
1406 7 4096 62
1487 18 4096 50
1552 3 4096 55
1649 36 4096 46
1708 32 4096 41
1782 19 4096 45
1870 9 4096 30
1941 41 4096 53
2029 10 4096 53
2120 38 4096 53
2188 31 4096 45
2249 37 4096 53
2310 27 4096 41
2372 20 4096 42
2453 35 4096 48
2503 22 4096 45
2563 1 4096 56
2619 44 4096 53
2674 5 4096 52
2768 12 4096 47
2830 25 4096 55
2885 46 4096 44
2964 11 4096 29
3035 13 4096 47
3126 4 4096 57
3216 43 4096 48
3293 6 4096 53
3344 14 4096 61
3442 24 4096 43
3496 44 4096 43
3595 26 4096 46
3656 13 4096 60
3746 8 4096 49
3802 12 4096 49
3852 2 4096 52
3945 16 4096 38
4024 10 4096 54
4086 42 4096 38
4160 35 4096 41
4249 20 4096 48
4310 1 4096 50
4410 40 4096 48
4510 34 4096 51
4571 14 4096 41
4637 5 4096 53
4713 18 4096 46
4805 27 4096 47
4901 22 4096 48
4960 28 4096 48
5034 39 4096 55
5133 33 4096 46
5203 15 4096 41
5274 4 4096 42
5360 38 4096 44
5454 29 4096 42
5511 21 4096 42
5586 7 4096 54
5671 41 4096 60
5732 32 4096 41
5808 19 4096 43
5888 9 4096 40
5950 17 4096 48
6042 30 4096 40
6125 37 4096 41
6176 25 4096 51
6250 23 4096 42
6303 11 4096 45
6371 43 4096 60
6448 3 4096 39
6532 46 4096 50
6591 31 4096 31
6671 36 4096 50
6745 6 4096 45
6840 45 4096 50
6916 11 4096 57
6979 44 4096 41
7030 8 4096 46
7093 15 4096 52
7149 5 4096 38
7231 19 4096 50
7291 34 4096 48
7379 37 4096 60
7459 35 4096 53
7546 17 4096 44
7611 9 4096 38
7696 13 4096 44
7779 10 4096 38
7852 23 4096 42
7903 32 4096 52
7969 18 4096 60
8069 29 4096 44
8123 46 4096 47
8208 2 4096 53
8274 43 4096 42
8364 3 4096 54
8444 39 4096 43
8543 24 4096 35
8594 36 4096 50
8666 25 4096 43
8731 21 4096 48
8794 31 4096 55
8869 16 4096 47
8926 27 4096 53
9019 14 4096 43
9115 4 4096 62
9203 40 4096 50
9270 30 4096 49
9370 45 4096 66
9428 33 4096 61
9522 20 4096 38
