0 40 4096 43
100 23 4096 45
200 24 4096 47
300 19 4096 50
400 4 4096 47
500 5 4096 43
600 34 4096 42
700 16 4096 42
800 8 4096 40
900 22 4096 52
1000 11 4096 46
1100 41 4096 45
1200 31 4096 46
1300 28 4096 51
1400 36 4096 51
1500 38 4096 43
1600 45 4096 45
1699 26 4096 42
1797 9 4096 62
1894 33 4096 50
1989 35 4096 55
2081 43 4096 46
2169 7 4096 41
2251 39 4096 45
2327 20 4096 30
2394 30 4096 53
2452 27 4096 53
2501 17 4096 53
2540 46 4096 45
2571 32 4096 53
2594 47 4096 41
2612 25 4096 42
2628 44 4096 48
2644 42 4096 45
2662 37 4096 56
2685 6 4096 53
2715 18 4096 52
2752 21 4096 47
2798 29 4096 55
2852 10 4096 44
2915 6 4096 29
2985 5 4096 47
3062 23 4096 57
3144 32 4096 48
3231 31 4096 53
3321 35 4096 61
3414 9 4096 43
3509 28 4096 43
3606 22 4096 46
3704 39 4096 60
3803 45 4096 49
3902 27 4096 49
4001 42 4096 52
4101 26 4096 38
4201 37 4096 54
4301 20 4096 38
4401 43 4096 41
4501 8 4096 48
4601 18 4096 50
4701 7 4096 48
4801 4 4096 51
4901 46 4096 41
5001 25 4096 53
5101 11 4096 46
5201 10 4096 47
5301 21 4096 48
5401 16 4096 48
5501 40 4096 55
5601 47 4096 46
5701 30 4096 41
5801 34 4096 42
5901 44 4096 44
6001 24 4096 42
6101 36 4096 42
6201 41 4096 54
6301 33 4096 60
6401 19 4096 41
6501 17 4096 43
6601 29 4096 40
6701 38 4096 48
6801 39 4096 40
6901 22 4096 41
7001 43 4096 51
7101 47 4096 42
7201 25 4096 45
7301 35 4096 60
7401 6 4096 39
7501 23 4096 50
7601 20 4096 31
7701 37 4096 50
7801 44 4096 45
7901 33 4096 50
8001 17 4096 57
8101 30 4096 41
8201 4 4096 46
8301 31 4096 52
8401 29 4096 38
8501 40 4096 50
8601 24 4096 48
8701 8 4096 60
8801 18 4096 53
8901 42 4096 44
9001 10 4096 38
9101 32 4096 44
9201 11 4096 38
9301 5 4096 42
9401 34 4096 52
9501 21 4096 60
9601 28 4096 44
9701 38 4096 47
9801 7 4096 53
9901 26 4096 42
10001 27 4096 54
10101 46 4096 43
10201 16 4096 35
10301 36 4096 50
10401 9 4096 43
10501 41 4096 48
10601 19 4096 55
10701 45 4096 47
10801 45 4096 53
10901 23 4096 43
11001 44 4096 62
11101 42 4096 50
11201 4 4096 49
11301 40 4096 66
11401 11 4096 61
11501 32 4096 38
