0 19 4096 64
100 18 4096 67
200 15 4096 70
300 27 4096 75
400 42 4096 70
500 11 4096 64
600 22 4096 63
700 44 4096 63
800 47 4096 60
900 40 4096 78
1000 36 4096 69
1100 29 4096 67
1200 35 4096 69
1300 34 4096 76
1400 23 4096 76
1500 43 4096 64
1600 32 4096 67
1699 28 4096 63
1797 3 4096 93
1894 26 4096 75
1989 9 4096 82
2081 37 4096 69
2169 30 4096 61
2251 24 4096 67
2327 25 4096 45
2394 41 4096 79
2452 1 4096 79
2501 31 4096 79
2540 21 4096 67
2571 38 4096 79
2594 20 4096 61
2612 17 4096 63
2628 39 4096 72
2644 45 4096 67
2662 16 4096 84
2685 13 4096 79
2715 33 4096 78
2752 14 4096 70
2798 12 4096 82
2852 46 4096 66
2915 7 4096 43
2985 5 4096 70
3062 18 4096 85
3144 44 4096 72
3231 47 4096 79
3321 32 4096 91
3414 1 4096 64
3509 25 4096 64
3606 26 4096 69
3704 37 4096 90
3803 39 4096 73
3902 38 4096 73
4001 29 4096 78
4101 34 4096 57
4201 46 4096 81
4301 7 4096 57
4401 20 4096 61
4501 12 4096 72
4601 21 4096 75
4701 11 4096 72
4801 27 4096 76
4901 41 4096 61
5001 23 4096 79
5101 31 4096 69
5201 40 4096 70
5301 15 4096 72
5401 13 4096 72
5501 14 4096 82
5601 5 4096 69
5701 42 4096 61
5801 28 4096 63
5901 17 4096 66
6001 9 4096 63
6101 3 4096 63
6201 22 4096 81
6301 35 4096 90
6401 33 4096 61
6501 43 4096 64
6601 36 4096 60
6701 19 4096 72
6801 24 4096 60
6901 16 4096 61
7001 45 4096 76
7101 30 4096 63
7201 32 4096 67
7301 9 4096 90
7401 16 4096 58
7501 13 4096 75
7601 27 4096 46
7701 22 4096 75
7801 47 4096 67
7901 17 4096 75
8001 40 4096 85
8101 41 4096 61
8201 35 4096 69
8301 7 4096 78
8401 37 4096 57
8501 18 4096 75
8601 31 4096 72
8701 36 4096 90
8801 39 4096 79
8901 19 4096 66
9001 42 4096 57
9101 23 4096 66
9201 34 4096 57
9301 11 4096 63
9401 20 4096 78
9501 33 4096 90
9601 25 4096 66
9701 3 4096 70
9801 12 4096 79
9901 44 4096 63
10001 46 4096 81
10101 5 4096 64
10201 28 4096 52
10301 38 4096 75
10401 43 4096 64
10501 14 4096 72
10601 15 4096 82
10701 29 4096 70
10801 1 4096 79
10901 45 4096 64
11001 30 4096 93
11101 26 4096 75
11201 21 4096 73
11301 24 4096 99
11401 26 4096 91
11501 30 4096 57
