0 19 4096 21
100 8 4096 22
200 34 4096 23
300 6 4096 25
400 35 4096 23
500 16 4096 21
600 38 4096 21
700 40 4096 21
800 10 4096 20
900 2 4096 26
1000 17 4096 23
1100 14 4096 22
1200 23 4096 23
1300 42 4096 25
1400 44 4096 25
1500 45 4096 21
1600 43 4096 22
1699 33 4096 21
1797 3 4096 31
1894 7 4096 25
1989 30 4096 27
2081 28 4096 23
2169 46 4096 20
2251 4 4096 22
2327 31 4096 15
2394 22 4096 26
2452 41 4096 26
2501 18 4096 26
2540 27 4096 22
2571 21 4096 26
2594 47 4096 20
2612 9 4096 21
2628 39 4096 24
2644 32 4096 22
2662 29 4096 28
2685 26 4096 26
2715 20 4096 26
2752 11 4096 23
2798 5 4096 27
2852 15 4096 22
2915 27 4096 14
2985 7 4096 23
3062 6 4096 28
3144 18 4096 24
3231 8 4096 26
3321 31 4096 30
3414 43 4096 21
3509 32 4096 21
3606 14 4096 23
3704 15 4096 30
3803 39 4096 24
3902 30 4096 24
4001 23 4096 26
4101 34 4096 19
4201 16 4096 27
4301 41 4096 19
4401 4 4096 20
4501 10 4096 24
4601 45 4096 25
4701 3 4096 24
4801 11 4096 25
4901 47 4096 20
5001 42 4096 26
5101 21 4096 23
5201 46 4096 23
5301 26 4096 24
5401 5 4096 24
5501 35 4096 27
5601 17 4096 23
5701 20 4096 20
5801 9 4096 21
5901 38 4096 22
6001 22 4096 21
6101 33 4096 21
6201 19 4096 27
6301 29 4096 30
6401 40 4096 20
6501 44 4096 21
6601 2 4096 20
6701 28 4096 24
6801 34 4096 20
6901 29 4096 20
7001 39 4096 25
7101 38 4096 21
7201 26 4096 22
7301 44 4096 30
7401 10 4096 19
7501 21 4096 25
7601 14 4096 15
7701 32 4096 25
7801 28 4096 22
7901 3 4096 25
8001 15 4096 28
8101 20 4096 20
8201 46 4096 23
8301 31 4096 26
8401 16 4096 19
8501 42 4096 25
8601 33 4096 24
8701 47 4096 30
8801 22 4096 26
8901 19 4096 22
9001 27 4096 19
9101 8 4096 22
9201 17 4096 19
9301 23 4096 21
9401 18 4096 26
9501 45 4096 30
9601 2 4096 22
9701 43 4096 23
9801 4 4096 26
9901 5 4096 21
10001 30 4096 27
10101 41 4096 21
10201 40 4096 17
10301 6 4096 25
10401 11 4096 21
10501 35 4096 24
10601 9 4096 27
10701 7 4096 23
10801 15 4096 26
10901 4 4096 21
11001 30 4096 31
11101 14 4096 25
11201 41 4096 24
11301 29 4096 33
11401 9 4096 30
11501 44 4096 19
