0 28 4096 172
100 38 4096 180
200 31 4096 188
300 29 4096 200
400 40 4096 188
500 10 4096 172
600 6 4096 168
700 44 4096 168
800 8 4096 160
900 21 4096 208
1000 41 4096 184
1100 37 4096 180
1200 35 4096 184
1300 25 4096 204
1400 39 4096 204
1500 17 4096 172
1600 26 4096 180
1699 1 4096 168
1797 7 4096 248
1894 43 4096 200
1989 19 4096 220
2081 18 4096 184
2169 34 4096 164
2251 20 4096 180
2327 5 4096 120
2394 46 4096 212
2452 24 4096 212
2501 12 4096 212
2540 42 4096 180
2571 3 4096 212
2594 36 4096 164
2612 9 4096 168
2628 14 4096 192
2644 13 4096 180
2662 30 4096 224
2685 4 4096 212
2715 16 4096 208
2752 15 4096 188
2798 23 4096 220
2852 27 4096 176
2915 2 4096 116
2985 11 4096 188
3062 22 4096 228
3144 45 4096 192
3231 33 4096 212
3321 32 4096 244
3414 37 4096 172
3509 23 4096 172
3606 26 4096 184
3704 5 4096 240
3803 15 4096 196
3902 27 4096 196
4001 42 4096 208
4101 30 4096 152
4201 8 4096 216
4301 38 4096 152
4401 25 4096 164
4501 12 4096 192
4601 18 4096 200
4701 41 4096 192
4801 32 4096 204
4901 13 4096 164
5001 4 4096 212
5101 29 4096 184
5201 44 4096 188
5301 31 4096 192
5401 28 4096 192
5501 11 4096 220
5601 16 4096 184
5701 36 4096 164
5801 19 4096 168
5901 9 4096 176
6001 17 4096 168
6101 1 4096 168
6201 43 4096 216
6301 24 4096 240
6401 14 4096 164
6501 45 4096 172
6601 21 4096 160
6701 10 4096 192
6801 6 4096 160
6901 39 4096 164
7001 46 4096 204
7101 2 4096 168
7201 20 4096 180
7301 35 4096 240
7401 7 4096 156
7501 33 4096 200
7601 3 4096 124
7701 22 4096 200
7801 40 4096 180
7901 34 4096 200
8001 7 4096 228
8101 37 4096 164
8201 45 4096 184
8301 36 4096 208
8401 26 4096 152
8501 39 4096 200
8601 40 4096 192
8701 46 4096 240
8801 34 4096 212
8901 5 4096 176
9001 6 4096 152
9101 25 4096 176
9201 28 4096 152
9301 17 4096 168
9401 24 4096 208
9501 8 4096 240
9601 23 4096 176
9701 30 4096 188
9801 14 4096 212
9901 41 4096 168
10001 43 4096 216
10101 4 4096 172
10201 19 4096 140
10301 27 4096 200
10401 35 4096 172
10501 1 4096 192
10601 3 4096 220
10701 2 4096 188
10801 20 4096 212
10901 22 4096 172
11001 32 4096 248
11101 13 4096 200
11201 38 4096 196
11301 10 4096 264
11401 15 4096 244
11501 16 4096 152
