0 32 4096 64
99 13 4096 67
176 23 4096 70
266 15 4096 75
321 14 4096 70
403 11 4096 64
503 30 4096 63
566 5 4096 63
646 42 4096 60
706 38 4096 78
778 12 4096 69
828 44 4096 67
925 35 4096 69
1021 21 4096 76
1095 22 4096 76
1181 8 4096 64
1232 1 4096 67
1312 19 4096 63
1406 6 4096 93
1487 3 4096 75
1552 26 4096 82
1649 33 4096 69
1708 4 4096 61
1782 29 4096 67
1870 16 4096 45
1941 45 4096 79
2029 39 4096 79
2120 18 4096 79
2188 10 4096 67
2249 7 4096 79
2310 34 4096 61
2372 28 4096 63
2453 24 4096 72
2503 27 4096 67
2563 36 4096 84
2619 31 4096 79
2674 40 4096 78
2768 46 4096 70
2830 41 4096 82
2885 17 4096 66
2964 2 4096 43
3035 43 4096 70
3126 25 4096 85
3216 37 4096 72
3293 9 4096 79
3344 20 4096 91
3442 28 4096 64
3496 7 4096 64
3595 16 4096 69
3656 40 4096 90
3746 1 4096 73
3802 30 4096 73
3852 24 4096 78
3945 43 4096 57
4024 44 4096 81
4086 23 4096 57
4160 2 4096 61
4249 6 4096 72
4310 20 4096 75
4410 15 4096 72
4510 42 4096 76
4571 12 4096 61
4637 33 4096 79
4713 22 4096 69
4805 27 4096 70
4901 4 4096 72
4960 13 4096 72
5034 5 4096 82
5133 35 4096 69
5203 31 4096 61
5274 21 4096 63
5360 32 4096 66
5454 41 4096 63
5511 19 4096 63
5586 34 4096 81
5671 11 4096 90
5732 17 4096 61
5808 18 4096 64
5888 9 4096 60
5950 39 4096 72
6042 37 4096 60
6125 45 4096 61
6176 3 4096 76
6250 26 4096 63
6303 29 4096 67
6371 10 4096 90
6448 36 4096 58
6532 25 4096 75
6591 14 4096 46
6671 8 4096 75
6745 38 4096 67
6840 46 4096 75
6916 27 4096 85
6979 42 4096 61
7030 29 4096 69
7093 14 4096 78
7149 22 4096 57
7231 40 4096 75
7291 4 4096 72
7379 28 4096 90
7459 46 4096 79
7546 17 4096 66
7611 23 4096 57
7696 9 4096 66
7779 11 4096 57
7852 31 4096 63
7903 19 4096 78
7969 25 4096 90
8069 21 4096 66
8123 37 4096 70
8208 26 4096 79
8274 18 4096 63
8364 16 4096 81
8444 30 4096 64
8543 13 4096 52
8594 34 4096 75
8666 15 4096 64
8731 35 4096 72
8794 1 4096 82
8869 32 4096 70
8926 44 4096 79
9019 10 4096 64
9115 45 4096 93
9203 3 4096 75
9270 24 4096 73
9370 2 4096 99
9428 5 4096 91
9522 6 4096 57
