0 1 4096 43
99 47 4096 45
176 3 4096 47
266 33 4096 50
321 37 4096 47
403 11 4096 43
503 12 4096 42
566 45 4096 42
646 5 4096 40
706 22 4096 52
778 13 4096 46
828 25 4096 45
925 23 4096 46
1021 35 4096 51
1095 36 4096 51
1181 9 4096 43
1232 38 4096 45
1312 39 4096 42
1406 7 4096 62
1487 41 4096 50
1552 43 4096 55
1649 46 4096 46
1708 14 4096 41
1782 15 4096 45
1870 16 4096 30
1941 18 4096 53
2029 20 4096 53
2120 21 4096 53
2188 24 4096 45
2249 26 4096 53
2310 27 4096 41
2372 32 4096 42
2453 34 4096 48
2503 40 4096 45
2563 42 4096 56
2619 44 4096 53
2674 17 4096 52
2768 19 4096 47
2830 28 4096 55
2885 29 4096 44
2964 30 4096 29
3035 31 4096 47
3126 1 4096 57
3216 47 4096 48
3293 3 4096 53
3344 33 4096 61
3442 37 4096 43
3496 11 4096 43
3595 12 4096 46
3656 45 4096 60
3746 5 4096 49
3802 22 4096 49
3852 13 4096 52
3945 25 4096 38
4024 23 4096 54
4086 35 4096 38
4160 36 4096 41
4249 9 4096 48
4310 38 4096 50
4410 39 4096 48
4510 7 4096 51
4571 41 4096 41
4637 43 4096 53
4713 46 4096 46
4805 14 4096 47
4901 15 4096 48
4960 16 4096 48
5034 18 4096 55
5133 20 4096 46
5203 21 4096 41
5274 24 4096 42
5360 26 4096 44
5454 27 4096 42
5511 32 4096 42
5586 34 4096 54
5671 40 4096 60
5732 42 4096 41
5808 44 4096 43
5888 17 4096 40
5950 19 4096 48
6042 28 4096 40
6125 29 4096 41
6176 30 4096 51
6250 31 4096 42
6303 1 4096 45
6371 47 4096 60
6448 3 4096 39
6532 33 4096 50
6591 37 4096 31
6671 11 4096 50
6745 12 4096 45
6840 45 4096 50
6916 5 4096 57
6979 22 4096 41
7030 13 4096 46
7093 25 4096 52
7149 23 4096 38
7231 35 4096 50
7291 36 4096 48
7379 9 4096 60
7459 38 4096 53
7546 39 4096 44
7611 7 4096 38
7696 41 4096 44
7779 43 4096 38
7852 46 4096 42
7903 14 4096 52
7969 15 4096 60
8069 16 4096 44
8123 18 4096 47
8208 20 4096 53
8274 21 4096 42
8364 24 4096 54
8444 26 4096 43
8543 27 4096 35
8594 32 4096 50
8666 34 4096 43
8731 40 4096 48
8794 42 4096 55
8869 44 4096 47
8926 17 4096 53
9019 19 4096 43
9115 28 4096 62
9203 29 4096 50
9270 30 4096 49
9370 31 4096 66
9428 1 4096 61
9522 47 4096 38
