0 4 4096 32
100 47 4096 33
200 24 4096 35
300 8 4096 37
400 37 4096 35
500 10 4096 32
600 25 4096 31
700 45 4096 31
800 11 4096 30
900 36 4096 39
1000 5 4096 34
1100 6 4096 33
1200 39 4096 34
1300 9 4096 38
1400 22 4096 38
1500 23 4096 32
1600 26 4096 33
1699 27 4096 31
1797 35 4096 46
1894 38 4096 37
1989 41 4096 41
2081 43 4096 34
2169 46 4096 30
2251 7 4096 33
2327 14 4096 22
2394 15 4096 39
2452 16 4096 39
2501 17 4096 39
2540 18 4096 33
2571 20 4096 39
2594 21 4096 30
2612 29 4096 31
2628 33 4096 36
2644 34 4096 33
2662 40 4096 42
2685 42 4096 39
2715 44 4096 39
2752 19 4096 35
2798 28 4096 41
2852 30 4096 33
2915 31 4096 21
2985 32 4096 35
3062 4 4096 42
3144 47 4096 36
3231 24 4096 39
3321 8 4096 45
3414 37 4096 32
3509 10 4096 32
3606 25 4096 34
3704 45 4096 45
3803 11 4096 36
3902 36 4096 36
4001 5 4096 39
4101 6 4096 28
4201 39 4096 40
4301 9 4096 28
4401 22 4096 30
4501 23 4096 36
4601 26 4096 37
4701 27 4096 36
4801 35 4096 38
4901 38 4096 30
5001 41 4096 39
5101 43 4096 34
5201 46 4096 35
5301 7 4096 36
5401 14 4096 36
5501 15 4096 41
5601 16 4096 34
5701 17 4096 30
5801 18 4096 31
5901 20 4096 33
6001 21 4096 31
6101 29 4096 31
6201 33 4096 40
6301 34 4096 45
6401 40 4096 30
6501 42 4096 32
6601 44 4096 30
6701 19 4096 36
6801 28 4096 30
6901 30 4096 30
7001 31 4096 38
7101 32 4096 31
7201 4 4096 33
7301 47 4096 45
7401 24 4096 29
7501 8 4096 37
7601 37 4096 23
7701 10 4096 37
7801 25 4096 33
7901 45 4096 37
8001 11 4096 42
8101 36 4096 30
8201 5 4096 34
8301 6 4096 39
8401 39 4096 28
8501 9 4096 37
8601 22 4096 36
8701 23 4096 45
8801 26 4096 39
8901 27 4096 33
9001 35 4096 28
9101 38 4096 33
9201 41 4096 28
9301 43 4096 31
9401 46 4096 39
9501 7 4096 45
9601 14 4096 33
9701 15 4096 35
9801 16 4096 39
9901 17 4096 31
10001 18 4096 40
10101 20 4096 32
10201 21 4096 26
10301 29 4096 37
10401 33 4096 32
10501 34 4096 36
10601 40 4096 41
10701 42 4096 35
10801 44 4096 39
10901 19 4096 32
11001 28 4096 46
11101 30 4096 37
11201 31 4096 36
11301 32 4096 49
11401 4 4096 45
11501 47 4096 28
