0 45 4096 32
100 42 4096 33
200 34 4096 35
300 15 4096 37
400 25 4096 35
500 24 4096 32
600 32 4096 31
700 27 4096 31
800 21 4096 30
900 37 4096 39
1000 20 4096 34
1100 44 4096 33
1200 29 4096 34
1300 40 4096 38
1400 8 4096 38
1500 33 4096 32
1600 10 4096 33
1699 47 4096 31
1797 18 4096 46
1894 43 4096 37
1989 46 4096 41
2081 28 4096 34
2169 41 4096 30
2251 38 4096 33
2327 39 4096 22
2394 23 4096 39
2452 4 4096 39
2501 9 4096 39
2540 35 4096 33
2571 11 4096 39
2594 14 4096 30
2612 22 4096 31
2628 6 4096 36
2644 5 4096 33
2662 36 4096 42
2685 30 4096 39
2715 26 4096 39
2752 31 4096 35
2798 7 4096 41
2852 19 4096 33
2915 16 4096 21
2985 17 4096 35
3062 29 4096 42
3144 11 4096 36
3231 6 4096 39
3321 4 4096 45
3414 21 4096 32
3509 7 4096 32
3606 34 4096 34
3704 47 4096 45
3803 17 4096 36
3902 10 4096 36
4001 20 4096 39
4101 41 4096 28
4201 16 4096 40
4301 40 4096 28
4401 25 4096 30
4501 27 4096 36
4601 24 4096 37
4701 44 4096 36
4801 14 4096 38
4901 46 4096 30
5001 5 4096 39
5101 30 4096 34
5201 19 4096 35
5301 45 4096 36
5401 33 4096 36
5501 28 4096 41
5601 23 4096 34
5701 8 4096 30
5801 9 4096 31
5901 26 4096 33
6001 22 4096 31
6101 36 4096 31
6201 37 4096 40
6301 39 4096 45
6401 42 4096 30
6501 43 4096 32
6601 31 4096 30
6701 15 4096 36
6801 38 4096 30
6901 18 4096 30
7001 35 4096 38
7101 32 4096 31
7201 20 4096 33
7301 22 4096 45
7401 5 4096 29
7501 38 4096 37
7601 30 4096 23
7701 32 4096 37
7801 28 4096 33
7901 42 4096 37
8001 29 4096 42
8101 27 4096 30
8201 21 4096 34
8301 35 4096 39
8401 17 4096 28
8501 37 4096 37
8601 41 4096 36
8701 10 4096 45
8801 26 4096 39
8901 45 4096 33
9001 39 4096 28
9101 43 4096 33
9201 11 4096 28
9301 25 4096 31
9401 47 4096 39
9501 8 4096 45
9601 19 4096 33
9701 7 4096 35
9801 40 4096 39
9901 24 4096 31
10001 14 4096 40
10101 23 4096 32
10201 18 4096 26
10301 31 4096 37
10401 34 4096 32
10501 9 4096 36
10601 46 4096 41
10701 44 4096 35
10801 6 4096 39
10901 16 4096 32
11001 4 4096 46
11101 15 4096 37
11201 33 4096 36
11301 36 4096 49
11401 35 4096 45
11501 22 4096 28
