0 2 4096 64
100 47 4096 67
200 3 4096 70
300 33 4096 75
400 4 4096 70
500 39 4096 64
600 10 4096 63
700 45 4096 63
800 6 4096 60
900 11 4096 78
1000 15 4096 69
1100 27 4096 67
1200 34 4096 69
1300 38 4096 76
1400 8 4096 76
1500 35 4096 64
1600 41 4096 67
1699 43 4096 63
1797 22 4096 93
1894 5 4096 75
1989 46 4096 82
2081 7 4096 69
2169 9 4096 61
2251 14 4096 67
2327 16 4096 45
2394 17 4096 79
2452 23 4096 79
2501 26 4096 79
2540 29 4096 67
2571 31 4096 79
2594 40 4096 61
2612 20 4096 63
2628 42 4096 72
2644 44 4096 67
2662 18 4096 84
2685 19 4096 79
2715 21 4096 78
2752 28 4096 70
2798 30 4096 82
2852 32 4096 66
2915 2 4096 43
2985 47 4096 70
3062 3 4096 85
3144 33 4096 72
3231 4 4096 79
3321 39 4096 91
3414 10 4096 64
3509 45 4096 64
3606 6 4096 69
3704 11 4096 90
3803 15 4096 73
3902 27 4096 73
4001 34 4096 78
4101 38 4096 57
4201 8 4096 81
4301 35 4096 57
4401 41 4096 61
4501 43 4096 72
4601 22 4096 75
4701 5 4096 72
4801 46 4096 76
4901 7 4096 61
5001 9 4096 79
5101 14 4096 69
5201 16 4096 70
5301 17 4096 72
5401 23 4096 72
5501 26 4096 82
5601 29 4096 69
5701 31 4096 61
5801 40 4096 63
5901 20 4096 66
6001 42 4096 63
6101 44 4096 63
6201 18 4096 81
6301 19 4096 90
6401 21 4096 61
6501 28 4096 64
6601 30 4096 60
6701 32 4096 72
6801 2 4096 60
6901 47 4096 61
7001 3 4096 76
7101 33 4096 63
7201 4 4096 67
7301 39 4096 90
7401 10 4096 58
7501 45 4096 75
7601 6 4096 46
7701 11 4096 75
7801 15 4096 67
7901 27 4096 75
8001 34 4096 85
8101 38 4096 61
8201 8 4096 69
8301 35 4096 78
8401 41 4096 57
8501 43 4096 75
8601 22 4096 72
8701 5 4096 90
8801 46 4096 79
8901 7 4096 66
9001 9 4096 57
9101 14 4096 66
9201 16 4096 57
9301 17 4096 63
9401 23 4096 78
9501 26 4096 90
9601 29 4096 66
9701 31 4096 70
9801 40 4096 79
9901 20 4096 63
10001 42 4096 81
10101 44 4096 64
10201 18 4096 52
10301 19 4096 75
10401 21 4096 64
10501 28 4096 72
10601 30 4096 82
10701 32 4096 70
10801 2 4096 79
10901 47 4096 64
11001 3 4096 93
11101 33 4096 75
11201 4 4096 73
11301 39 4096 99
11401 10 4096 91
11501 45 4096 57
