0 15 4096 32
100 22 4096 33
200 44 4096 35
300 42 4096 37
400 39 4096 35
500 25 4096 32
600 14 4096 31
700 35 4096 31
800 37 4096 30
900 9 4096 39
1000 45 4096 34
1100 47 4096 33
1200 29 4096 34
1300 18 4096 38
1400 3 4096 38
1500 30 4096 32
1600 11 4096 33
1699 10 4096 31
1797 40 4096 46
1894 31 4096 37
1989 41 4096 41
2081 19 4096 34
2169 46 4096 30
2251 26 4096 33
2327 17 4096 22
2394 32 4096 39
2452 7 4096 39
2501 43 4096 39
2540 34 4096 33
2571 23 4096 39
2594 21 4096 30
2612 33 4096 31
2628 6 4096 36
2644 13 4096 33
2662 38 4096 42
2685 27 4096 39
2715 36 4096 39
2752 28 4096 35
2798 2 4096 41
2852 1 4096 33
2915 24 4096 21
2985 5 4096 35
3062 36 4096 42
3144 34 4096 36
3231 11 4096 39
3321 15 4096 45
3414 41 4096 32
3509 24 4096 32
3606 28 4096 34
3704 30 4096 45
3803 43 4096 36
3902 3 4096 36
4001 38 4096 39
4101 10 4096 28
4201 21 4096 40
4301 18 4096 28
4401 14 4096 30
4501 37 4096 36
4601 26 4096 37
4701 17 4096 36
4801 44 4096 38
4901 29 4096 30
5001 33 4096 39
5101 42 4096 34
5201 46 4096 35
5301 25 4096 36
5401 2 4096 36
5501 6 4096 41
5601 22 4096 34
5701 7 4096 30
5801 32 4096 31
5901 13 4096 33
6001 35 4096 31
6101 19 4096 31
6201 27 4096 40
6301 23 4096 45
6401 1 4096 30
6501 45 4096 32
6601 40 4096 30
6701 47 4096 36
6801 39 4096 30
6901 5 4096 30
7001 9 4096 38
7101 31 4096 31
7201 6 4096 33
7301 2 4096 45
7401 30 4096 29
7501 14 4096 37
7601 25 4096 23
7701 23 4096 37
7801 15 4096 33
7901 18 4096 37
8001 36 4096 42
8101 26 4096 30
8201 34 4096 34
8301 29 4096 39
8401 46 4096 28
8501 45 4096 37
8601 22 4096 36
8701 35 4096 45
8801 37 4096 39
8901 17 4096 33
9001 33 4096 28
9101 28 4096 33
9201 11 4096 28
9301 40 4096 31
9401 47 4096 39
9501 7 4096 45
9601 41 4096 33
9701 13 4096 35
9801 31 4096 39
9901 27 4096 31
10001 10 4096 40
10101 39 4096 32
10201 3 4096 26
10301 24 4096 37
10401 19 4096 32
10501 44 4096 36
10601 1 4096 41
10701 5 4096 35
10801 32 4096 39
10901 42 4096 32
11001 9 4096 46
11101 38 4096 37
11201 21 4096 36
11301 43 4096 49
11401 45 4096 45
11501 14 4096 28
