0 23 4096 43
99 25 4096 45
176 26 4096 47
266 40 4096 50
321 45 4096 47
403 33 4096 43
503 44 4096 42
566 34 4096 42
646 7 4096 40
706 18 4096 52
778 35 4096 46
828 3 4096 45
925 27 4096 46
1021 30 4096 51
1095 11 4096 51
1181 38 4096 43
1232 37 4096 45
1312 16 4096 42
1406 28 4096 62
1487 9 4096 50
1552 20 4096 55
1649 29 4096 46
1708 8 4096 41
1782 46 4096 45
1870 6 4096 30
1941 22 4096 53
2029 32 4096 53
2120 15 4096 53
2188 4 4096 45
2249 1 4096 53
2310 42 4096 41
2372 43 4096 42
2453 17 4096 48
2503 2 4096 45
2563 31 4096 56
2619 21 4096 53
2674 19 4096 52
2768 14 4096 47
2830 47 4096 55
2885 13 4096 44
2964 10 4096 29
3035 39 4096 47
3126 41 4096 57
3216 5 4096 48
3293 39 4096 53
3344 34 4096 61
3442 45 4096 43
3496 3 4096 43
3595 28 4096 46
3656 13 4096 60
3746 26 4096 49
3802 7 4096 49
3852 10 4096 52
3945 4 4096 38
4024 29 4096 54
4086 20 4096 38
4160 19 4096 41
4249 38 4096 48
4310 43 4096 50
4410 14 4096 48
4510 21 4096 51
4571 37 4096 41
4637 31 4096 53
4713 27 4096 46
4805 9 4096 47
4901 6 4096 48
4960 8 4096 48
5034 15 4096 55
5133 47 4096 46
5203 2 4096 41
5274 25 4096 42
5360 44 4096 44
5454 22 4096 42
5511 16 4096 42
5586 35 4096 54
5671 18 4096 60
5732 33 4096 41
5808 30 4096 43
5888 23 4096 40
5950 1 4096 48
6042 5 4096 40
6125 46 4096 41
6176 17 4096 51
6250 42 4096 42
6303 11 4096 45
6371 32 4096 60
6448 41 4096 39
6532 40 4096 50
6591 14 4096 31
6671 17 4096 50
6745 3 4096 45
6840 38 4096 50
6916 34 4096 57
6979 18 4096 41
7030 44 4096 46
7093 42 4096 52
7149 41 4096 38
7231 8 4096 50
7291 6 4096 48
7379 10 4096 60
7459 4 4096 53
7546 43 4096 44
7611 1 4096 38
7696 26 4096 44
7779 33 4096 38
7852 29 4096 42
7903 35 4096 52
7969 19 4096 60
8069 23 4096 44
8123 21 4096 47
8208 7 4096 53
8274 47 4096 42
8364 9 4096 54
8444 11 4096 43
8543 5 4096 35
8594 40 4096 50
8666 30 4096 43
8731 2 4096 48
8794 20 4096 55
8869 46 4096 47
8926 31 4096 53
9019 39 4096 43
9115 27 4096 62
9203 25 4096 50
9270 37 4096 49
9370 28 4096 66
9428 22 4096 61
9522 16 4096 38
