0 2 4096 32
100 47 4096 33
200 3 4096 35
300 33 4096 37
400 4 4096 35
500 39 4096 32
600 10 4096 31
700 45 4096 31
800 6 4096 30
900 11 4096 39
1000 15 4096 34
1100 27 4096 33
1200 34 4096 34
1300 38 4096 38
1400 8 4096 38
1500 35 4096 32
1600 41 4096 33
1699 43 4096 31
1797 22 4096 46
1894 5 4096 37
1989 46 4096 41
2081 7 4096 34
2169 9 4096 30
2251 14 4096 33
2327 16 4096 22
2394 17 4096 39
2452 23 4096 39
2501 26 4096 39
2540 29 4096 33
2571 31 4096 39
2594 40 4096 30
2612 20 4096 31
2628 42 4096 36
2644 44 4096 33
2662 18 4096 42
2685 19 4096 39
2715 21 4096 39
2752 28 4096 35
2798 30 4096 41
2852 32 4096 33
2915 2 4096 21
2985 47 4096 35
3062 3 4096 42
3144 33 4096 36
3231 4 4096 39
3321 39 4096 45
3414 10 4096 32
3509 45 4096 32
3606 6 4096 34
3704 11 4096 45
3803 15 4096 36
3902 27 4096 36
4001 34 4096 39
4101 38 4096 28
4201 8 4096 40
4301 35 4096 28
4401 41 4096 30
4501 43 4096 36
4601 22 4096 37
4701 5 4096 36
4801 46 4096 38
4901 7 4096 30
5001 9 4096 39
5101 14 4096 34
5201 16 4096 35
5301 17 4096 36
5401 23 4096 36
5501 26 4096 41
5601 29 4096 34
5701 31 4096 30
5801 40 4096 31
5901 20 4096 33
6001 42 4096 31
6101 44 4096 31
6201 18 4096 40
6301 19 4096 45
6401 21 4096 30
6501 28 4096 32
6601 30 4096 30
6701 32 4096 36
6801 2 4096 30
6901 47 4096 30
7001 3 4096 38
7101 33 4096 31
7201 4 4096 33
7301 39 4096 45
7401 10 4096 29
7501 45 4096 37
7601 6 4096 23
7701 11 4096 37
7801 15 4096 33
7901 27 4096 37
8001 34 4096 42
8101 38 4096 30
8201 8 4096 34
8301 35 4096 39
8401 41 4096 28
8501 43 4096 37
8601 22 4096 36
8701 5 4096 45
8801 46 4096 39
8901 7 4096 33
9001 9 4096 28
9101 14 4096 33
9201 16 4096 28
9301 17 4096 31
9401 23 4096 39
9501 26 4096 45
9601 29 4096 33
9701 31 4096 35
9801 40 4096 39
9901 20 4096 31
10001 42 4096 40
10101 44 4096 32
10201 18 4096 26
10301 19 4096 37
10401 21 4096 32
10501 28 4096 36
10601 30 4096 41
10701 32 4096 35
10801 2 4096 39
10901 47 4096 32
11001 3 4096 46
11101 33 4096 37
11201 4 4096 36
11301 39 4096 49
11401 10 4096 45
11501 45 4096 28
