0 1 4096 32
100 47 4096 33
200 3 4096 35
300 33 4096 37
400 37 4096 35
500 11 4096 32
600 12 4096 31
700 45 4096 31
800 5 4096 30
900 22 4096 39
1000 13 4096 34
1100 25 4096 33
1200 23 4096 34
1300 35 4096 38
1400 36 4096 38
1500 9 4096 32
1600 38 4096 33
1699 39 4096 31
1797 7 4096 46
1894 41 4096 37
1989 43 4096 41
2081 46 4096 34
2169 14 4096 30
2251 15 4096 33
2327 16 4096 22
2394 18 4096 39
2452 20 4096 39
2501 21 4096 39
2540 24 4096 33
2571 26 4096 39
2594 27 4096 30
2612 32 4096 31
2628 34 4096 36
2644 40 4096 33
2662 42 4096 42
2685 44 4096 39
2715 17 4096 39
2752 19 4096 35
2798 28 4096 41
2852 29 4096 33
2915 30 4096 21
2985 31 4096 35
3062 1 4096 42
3144 47 4096 36
3231 3 4096 39
3321 33 4096 45
3414 37 4096 32
3509 11 4096 32
3606 12 4096 34
3704 45 4096 45
3803 5 4096 36
3902 22 4096 36
4001 13 4096 39
4101 25 4096 28
4201 23 4096 40
4301 35 4096 28
4401 36 4096 30
4501 9 4096 36
4601 38 4096 37
4701 39 4096 36
4801 7 4096 38
4901 41 4096 30
5001 43 4096 39
5101 46 4096 34
5201 14 4096 35
5301 15 4096 36
5401 16 4096 36
5501 18 4096 41
5601 20 4096 34
5701 21 4096 30
5801 24 4096 31
5901 26 4096 33
6001 27 4096 31
6101 32 4096 31
6201 34 4096 40
6301 40 4096 45
6401 42 4096 30
6501 44 4096 32
6601 17 4096 30
6701 19 4096 36
6801 28 4096 30
6901 29 4096 30
7001 30 4096 38
7101 31 4096 31
7201 1 4096 33
7301 47 4096 45
7401 3 4096 29
7501 33 4096 37
7601 37 4096 23
7701 11 4096 37
7801 12 4096 33
7901 45 4096 37
8001 5 4096 42
8101 22 4096 30
8201 13 4096 34
8301 25 4096 39
8401 23 4096 28
8501 35 4096 37
8601 36 4096 36
8701 9 4096 45
8801 38 4096 39
8901 39 4096 33
9001 7 4096 28
9101 41 4096 33
9201 43 4096 28
9301 46 4096 31
9401 14 4096 39
9501 15 4096 45
9601 16 4096 33
9701 18 4096 35
9801 20 4096 39
9901 21 4096 31
10001 24 4096 40
10101 26 4096 32
10201 27 4096 26
10301 32 4096 37
10401 34 4096 32
10501 40 4096 36
10601 42 4096 41
10701 44 4096 35
10801 17 4096 39
10901 19 4096 32
11001 28 4096 46
11101 29 4096 37
11201 30 4096 36
11301 31 4096 49
11401 1 4096 45
11501 47 4096 28
