0 12 4096 32
100 13 4096 33
200 6 4096 35
300 22 4096 37
400 26 4096 35
500 38 4096 32
600 31 4096 31
700 46 4096 31
800 1 4096 30
900 14 4096 39
1000 7 4096 34
1100 21 4096 33
1200 25 4096 34
1300 40 4096 38
1400 33 4096 38
1500 35 4096 32
1600 4 4096 33
1699 5 4096 31
1797 8 4096 46
1894 20 4096 37
1989 36 4096 41
2081 29 4096 34
2169 42 4096 30
2251 45 4096 33
2327 3 4096 22
2394 16 4096 39
2452 9 4096 39
2501 23 4096 39
2540 27 4096 33
2571 41 4096 39
2594 32 4096 30
2612 44 4096 31
2628 2 4096 36
2644 15 4096 33
2662 18 4096 42
2685 11 4096 39
2715 24 4096 39
2752 39 4096 35
2798 34 4096 41
2852 43 4096 33
2915 3 4096 21
2985 13 4096 35
3062 6 4096 42
3144 23 4096 36
3231 25 4096 39
3321 39 4096 45
3414 32 4096 32
3509 44 4096 32
3606 1 4096 34
3704 5 4096 45
3803 9 4096 36
3902 11 4096 36
4001 27 4096 39
4101 40 4096 28
4201 31 4096 40
4301 43 4096 28
4401 4 4096 30
4501 15 4096 36
4601 8 4096 37
4701 21 4096 36
4801 36 4096 38
4901 29 4096 30
5001 33 4096 39
5101 45 4096 34
5201 2 4096 35
5301 16 4096 36
5401 18 4096 36
5501 20 4096 41
5601 24 4096 34
5701 41 4096 30
5801 42 4096 31
5901 46 4096 33
6001 12 4096 31
6101 14 4096 31
6201 7 4096 40
6301 22 4096 45
6401 26 4096 30
6501 38 4096 32
6601 34 4096 30
6701 35 4096 36
6801 3 4096 30
6901 5 4096 30
7001 8 4096 38
7101 11 4096 31
7201 25 4096 33
7301 41 4096 45
7401 33 4096 29
7501 46 4096 37
7601 1 4096 23
7701 14 4096 37
7801 9 4096 33
7901 21 4096 37
8001 24 4096 42
8101 39 4096 30
8201 32 4096 34
8301 43 4096 39
8401 12 4096 28
8501 13 4096 37
8601 18 4096 36
8701 23 4096 45
8801 26 4096 39
8901 38 4096 33
9001 31 4096 28
9101 35 4096 33
9201 4 4096 28
9301 15 4096 31
9401 7 4096 39
9501 20 4096 45
9601 27 4096 33
9701 29 4096 35
9801 34 4096 39
9901 45 4096 31
10001 2 4096 40
10101 16 4096 32
10201 6 4096 26
10301 22 4096 37
10401 36 4096 32
10501 40 4096 36
10601 42 4096 41
10701 44 4096 35
10801 4 4096 39
10901 14 4096 32
11001 6 4096 46
11101 23 4096 37
11201 25 4096 36
11301 29 4096 49
11401 34 4096 45
11501 35 4096 28
