0 26 4096 64
99 30 4096 67
176 9 4096 70
266 39 4096 75
321 18 4096 70
403 46 4096 64
503 24 4096 63
566 28 4096 63
646 34 4096 60
706 14 4096 78
778 40 4096 69
828 23 4096 67
925 2 4096 69
1021 29 4096 76
1095 32 4096 76
1181 13 4096 64
1232 41 4096 67
1312 21 4096 63
1406 27 4096 93
1487 7 4096 75
1552 11 4096 82
1649 36 4096 69
1708 19 4096 61
1782 22 4096 67
1870 25 4096 45
1941 6 4096 79
2029 10 4096 79
2120 37 4096 79
2188 43 4096 67
2249 47 4096 79
2310 1 4096 61
2372 31 4096 63
2453 33 4096 72
2503 38 4096 67
2563 42 4096 84
2619 45 4096 79
2674 3 4096 78
2768 5 4096 70
2830 35 4096 82
2885 15 4096 66
2964 17 4096 43
3035 44 4096 70
3126 27 4096 85
3216 30 4096 72
3293 32 4096 79
3344 38 4096 91
3442 43 4096 64
3496 45 4096 64
3595 2 4096 69
3656 6 4096 90
3746 33 4096 73
3802 13 4096 73
3852 19 4096 78
3945 44 4096 57
4024 24 4096 81
4086 31 4096 57
4160 34 4096 61
4249 39 4096 72
4310 18 4096 75
4410 47 4096 72
4510 1 4096 76
4571 28 4096 61
4637 11 4096 79
4713 37 4096 69
4805 17 4096 70
4901 21 4096 72
4960 26 4096 72
5034 5 4096 82
5133 9 4096 69
5203 36 4096 61
5274 40 4096 63
5360 46 4096 66
5454 25 4096 63
5511 7 4096 63
5586 10 4096 81
5671 15 4096 90
5732 42 4096 61
5808 22 4096 64
5888 3 4096 60
5950 29 4096 72
6042 35 4096 60
6125 14 4096 61
6176 41 4096 76
6250 23 4096 63
6303 3 4096 67
6371 31 4096 90
6448 33 4096 58
6532 39 4096 75
6591 18 4096 46
6671 45 4096 75
6745 1 4096 67
6840 30 4096 75
6916 32 4096 85
6979 13 4096 61
7030 41 4096 69
7093 47 4096 78
7149 2 4096 57
7231 7 4096 75
7291 34 4096 72
7379 15 4096 90
7459 42 4096 79
7546 44 4096 66
7611 26 4096 57
7696 5 4096 66
7779 11 4096 57
7852 36 4096 63
7903 17 4096 78
7969 22 4096 90
8069 24 4096 66
8123 28 4096 70
8208 9 4096 79
8274 38 4096 63
8364 43 4096 81
8444 46 4096 64
8543 25 4096 52
8594 29 4096 75
8666 10 4096 64
8731 37 4096 72
8794 40 4096 82
8869 21 4096 70
8926 27 4096 79
9019 6 4096 64
9115 35 4096 93
9203 14 4096 75
9270 19 4096 73
9370 23 4096 99
9428 2 4096 91
9522 7 4096 57
