0 4 4096 64
100 47 4096 67
200 24 4096 70
300 8 4096 75
400 37 4096 70
500 10 4096 64
600 25 4096 63
700 45 4096 63
800 11 4096 60
900 36 4096 78
1000 5 4096 69
1100 6 4096 67
1200 39 4096 69
1300 9 4096 76
1400 22 4096 76
1500 23 4096 64
1600 26 4096 67
1699 27 4096 63
1797 35 4096 93
1894 38 4096 75
1989 41 4096 82
2081 43 4096 69
2169 46 4096 61
2251 7 4096 67
2327 14 4096 45
2394 15 4096 79
2452 16 4096 79
2501 17 4096 79
2540 18 4096 67
2571 20 4096 79
2594 21 4096 61
2612 29 4096 63
2628 33 4096 72
2644 34 4096 67
2662 40 4096 84
2685 42 4096 79
2715 44 4096 78
2752 19 4096 70
2798 28 4096 82
2852 30 4096 66
2915 31 4096 43
2985 32 4096 70
3062 4 4096 85
3144 47 4096 72
3231 24 4096 79
3321 8 4096 91
3414 37 4096 64
3509 10 4096 64
3606 25 4096 69
3704 45 4096 90
3803 11 4096 73
3902 36 4096 73
4001 5 4096 78
4101 6 4096 57
4201 39 4096 81
4301 9 4096 57
4401 22 4096 61
4501 23 4096 72
4601 26 4096 75
4701 27 4096 72
4801 35 4096 76
4901 38 4096 61
5001 41 4096 79
5101 43 4096 69
5201 46 4096 70
5301 7 4096 72
5401 14 4096 72
5501 15 4096 82
5601 16 4096 69
5701 17 4096 61
5801 18 4096 63
5901 20 4096 66
6001 21 4096 63
6101 29 4096 63
6201 33 4096 81
6301 34 4096 90
6401 40 4096 61
6501 42 4096 64
6601 44 4096 60
6701 19 4096 72
6801 28 4096 60
6901 30 4096 61
7001 31 4096 76
7101 32 4096 63
7201 4 4096 67
7301 47 4096 90
7401 24 4096 58
7501 8 4096 75
7601 37 4096 46
7701 10 4096 75
7801 25 4096 67
7901 45 4096 75
8001 11 4096 85
8101 36 4096 61
8201 5 4096 69
8301 6 4096 78
8401 39 4096 57
8501 9 4096 75
8601 22 4096 72
8701 23 4096 90
8801 26 4096 79
8901 27 4096 66
9001 35 4096 57
9101 38 4096 66
9201 41 4096 57
9301 43 4096 63
9401 46 4096 78
9501 7 4096 90
9601 14 4096 66
9701 15 4096 70
9801 16 4096 79
9901 17 4096 63
10001 18 4096 81
10101 20 4096 64
10201 21 4096 52
10301 29 4096 75
10401 33 4096 64
10501 34 4096 72
10601 40 4096 82
10701 42 4096 70
10801 44 4096 79
10901 19 4096 64
11001 28 4096 93
11101 30 4096 75
11201 31 4096 73
11301 32 4096 99
11401 4 4096 91
11501 47 4096 57
