0 45 4096 21
100 42 4096 22
200 34 4096 23
300 15 4096 25
400 25 4096 23
500 24 4096 21
600 32 4096 21
700 27 4096 21
800 21 4096 20
900 37 4096 26
1000 20 4096 23
1100 44 4096 22
1200 29 4096 23
1300 40 4096 25
1400 8 4096 25
1500 33 4096 21
1600 10 4096 22
1699 47 4096 21
1797 18 4096 31
1894 43 4096 25
1989 46 4096 27
2081 28 4096 23
2169 41 4096 20
2251 38 4096 22
2327 39 4096 15
2394 23 4096 26
2452 4 4096 26
2501 9 4096 26
2540 35 4096 22
2571 11 4096 26
2594 14 4096 20
2612 22 4096 21
2628 6 4096 24
2644 5 4096 22
2662 36 4096 28
2685 30 4096 26
2715 26 4096 26
2752 31 4096 23
2798 7 4096 27
2852 19 4096 22
2915 16 4096 14
2985 17 4096 23
3062 29 4096 28
3144 11 4096 24
3231 6 4096 26
3321 4 4096 30
3414 21 4096 21
3509 7 4096 21
3606 34 4096 23
3704 47 4096 30
3803 17 4096 24
3902 10 4096 24
4001 20 4096 26
4101 41 4096 19
4201 16 4096 27
4301 40 4096 19
4401 25 4096 20
4501 27 4096 24
4601 24 4096 25
4701 44 4096 24
4801 14 4096 25
4901 46 4096 20
5001 5 4096 26
5101 30 4096 23
5201 19 4096 23
5301 45 4096 24
5401 33 4096 24
5501 28 4096 27
5601 23 4096 23
5701 8 4096 20
5801 9 4096 21
5901 26 4096 22
6001 22 4096 21
6101 36 4096 21
6201 37 4096 27
6301 39 4096 30
6401 42 4096 20
6501 43 4096 21
6601 31 4096 20
6701 15 4096 24
6801 38 4096 20
6901 18 4096 20
7001 35 4096 25
7101 32 4096 21
7201 20 4096 22
7301 22 4096 30
7401 5 4096 19
7501 38 4096 25
7601 30 4096 15
7701 32 4096 25
7801 28 4096 22
7901 42 4096 25
8001 29 4096 28
8101 27 4096 20
8201 21 4096 23
8301 35 4096 26
8401 17 4096 19
8501 37 4096 25
8601 41 4096 24
8701 10 4096 30
8801 26 4096 26
8901 45 4096 22
9001 39 4096 19
9101 43 4096 22
9201 11 4096 19
9301 25 4096 21
9401 47 4096 26
9501 8 4096 30
9601 19 4096 22
9701 7 4096 23
9801 40 4096 26
9901 24 4096 21
10001 14 4096 27
10101 23 4096 21
10201 18 4096 17
10301 31 4096 25
10401 34 4096 21
10501 9 4096 24
10601 46 4096 27
10701 44 4096 23
10801 6 4096 26
10901 16 4096 21
11001 4 4096 31
11101 15 4096 25
11201 33 4096 24
11301 36 4096 33
11401 35 4096 30
11501 22 4096 19
