0 4 4096 43
100 6 4096 45
200 36 4096 47
300 46 4096 50
400 15 4096 47
500 11 4096 43
600 24 4096 42
700 31 4096 42
800 1 4096 40
900 23 4096 52
1000 38 4096 46
1100 42 4096 45
1200 3 4096 46
1300 8 4096 51
1400 37 4096 51
1500 34 4096 43
1600 5 4096 45
1699 9 4096 42
1797 40 4096 62
1894 47 4096 50
1989 13 4096 55
2081 22 4096 46
2169 26 4096 41
2251 32 4096 45
2327 2 4096 30
2394 20 4096 53
2452 27 4096 53
2501 45 4096 53
2540 12 4096 45
2571 7 4096 53
2594 29 4096 41
2612 35 4096 42
2628 16 4096 48
2644 18 4096 45
2662 39 4096 56
2685 33 4096 53
2715 0 4096 52
2752 21 4096 47
2798 41 4096 55
2852 44 4096 44
2915 14 4096 29
2985 10 4096 47
3062 25 4096 57
3144 43 4096 48
3231 12 4096 53
3321 11 4096 61
3414 29 4096 43
3509 33 4096 43
3606 15 4096 46
3704 18 4096 60
3803 40 4096 49
3902 45 4096 49
4001 2 4096 52
4101 22 4096 38
4201 25 4096 54
4301 47 4096 38
4401 5 4096 41
4501 21 4096 48
4601 41 4096 50
4701 35 4096 48
4801 3 4096 51
4901 6 4096 41
5001 27 4096 53
5101 43 4096 46
5201 1 4096 47
5301 7 4096 48
5401 24 4096 48
5501 42 4096 55
5601 16 4096 46
5701 20 4096 41
5801 39 4096 42
5901 46 4096 44
6001 13 4096 42
6101 8 4096 42
6201 36 4096 54
6301 31 4096 60
6401 4 4096 41
6501 10 4096 43
6601 37 4096 40
6701 34 4096 48
6801 14 4096 40
6901 9 4096 41
7001 26 4096 51
7101 44 4096 42
7201 0 4096 45
7301 23 4096 60
7401 38 4096 39
7501 32 4096 50
7601 3 4096 31
7701 18 4096 50
7801 27 4096 45
7901 47 4096 50
8001 12 4096 57
8101 22 4096 41
8201 36 4096 46
8301 46 4096 52
8401 4 4096 38
8501 6 4096 50
8601 41 4096 48
8701 34 4096 60
8801 1 4096 53
8901 21 4096 44
9001 37 4096 38
9101 32 4096 44
9201 5 4096 38
9301 8 4096 42
9401 24 4096 52
9501 42 4096 60
9601 0 4096 44
9701 11 4096 47
9801 40 4096 53
9901 31 4096 42
10001 13 4096 54
10101 23 4096 43
10201 25 4096 35
10301 35 4096 50
10401 14 4096 43
10501 10 4096 48
10601 39 4096 55
10701 44 4096 47
10801 15 4096 53
10901 7 4096 43
11001 26 4096 62
11101 43 4096 50
11201 16 4096 49
11301 20 4096 66
11401 29 4096 61
11501 45 4096 38
