0 20 4096 32
100 38 4096 33
200 14 4096 35
300 34 4096 37
400 3 4096 35
500 37 4096 32
600 15 4096 31
700 45 4096 31
800 23 4096 30
900 27 4096 39
1000 29 4096 34
1100 35 4096 33
1200 21 4096 34
1300 26 4096 38
1400 40 4096 38
1500 33 4096 32
1600 10 4096 33
1699 39 4096 31
1797 30 4096 46
1894 46 4096 37
1989 11 4096 41
2081 5 4096 34
2169 41 4096 30
2251 47 4096 33
2327 2 4096 22
2394 7 4096 39
2452 43 4096 39
2501 44 4096 39
2540 9 4096 33
2571 6 4096 39
2594 31 4096 30
2612 32 4096 31
2628 8 4096 36
2644 36 4096 33
2662 42 4096 42
2685 19 4096 39
2715 1 4096 39
2752 25 4096 35
2798 28 4096 41
2852 18 4096 33
2915 22 4096 21
2985 24 4096 35
3062 13 4096 42
3144 17 4096 36
3231 20 4096 39
3321 24 4096 45
3414 30 4096 32
3509 35 4096 32
3606 3 4096 34
3704 5 4096 45
3803 14 4096 36
3902 19 4096 36
4001 22 4096 39
4101 38 4096 28
4201 28 4096 40
4301 17 4096 28
4401 21 4096 30
4501 6 4096 36
4601 41 4096 37
4701 44 4096 36
4801 8 4096 38
4901 7 4096 30
5001 15 4096 39
5101 47 4096 34
5201 2 4096 35
5301 37 4096 36
5401 13 4096 36
5501 34 4096 41
5601 23 4096 34
5701 27 4096 30
5801 42 4096 31
5901 33 4096 33
6001 9 4096 31
6101 39 4096 31
6201 31 4096 40
6301 32 4096 45
6401 1 4096 30
6501 26 4096 32
6601 29 4096 30
6701 18 4096 36
6801 10 4096 30
6901 25 4096 30
7001 40 4096 38
7101 46 4096 31
7201 11 4096 33
7301 36 4096 45
7401 43 4096 29
7501 45 4096 37
7601 3 4096 23
7701 6 4096 37
7801 43 4096 33
7901 44 4096 37
8001 20 4096 42
8101 39 4096 30
8201 15 4096 34
8301 18 4096 39
8401 9 4096 28
8501 5 4096 37
8601 28 4096 36
8701 46 4096 45
8801 8 4096 39
8901 27 4096 33
9001 41 4096 28
9101 33 4096 33
9201 21 4096 28
9301 38 4096 31
9401 31 4096 39
9501 34 4096 45
9601 23 4096 33
9701 26 4096 35
9801 13 4096 39
9901 17 4096 31
10001 11 4096 40
10101 7 4096 32
10201 14 4096 26
10301 45 4096 37
10401 10 4096 32
10501 37 4096 36
10601 30 4096 41
10701 47 4096 35
10801 22 4096 39
10901 25 4096 32
11001 42 4096 46
11101 32 4096 37
11201 1 4096 36
11301 36 4096 49
11401 40 4096 45
11501 35 4096 28
