0 10 4096 21
100 13 4096 22
200 27 4096 23
300 47 4096 25
400 4 4096 23
500 19 4096 21
600 25 4096 21
700 46 4096 21
800 3 4096 20
900 21 4096 26
1000 28 4096 23
1100 40 4096 22
1200 5 4096 23
1300 16 4096 25
1400 26 4096 25
1500 45 4096 21
1600 7 4096 22
1699 17 4096 21
1797 34 4096 31
1894 39 4096 25
1989 2 4096 27
2081 22 4096 23
2169 32 4096 20
2251 44 4096 22
2327 1 4096 15
2394 20 4096 26
2452 33 4096 26
2501 42 4096 26
2540 9 4096 22
2571 14 4096 26
2594 31 4096 20
2612 41 4096 21
2628 8 4096 24
2644 18 4096 22
2662 30 4096 28
2685 43 4096 26
2715 11 4096 26
2752 15 4096 23
2798 29 4096 27
2852 37 4096 22
2915 6 4096 14
2985 23 4096 23
3062 35 4096 28
3144 38 4096 24
3231 10 4096 26
3321 14 4096 30
3414 26 4096 21
3509 41 4096 21
3606 3 4096 23
3704 13 4096 30
3803 33 4096 24
3902 38 4096 24
4001 9 4096 26
4101 15 4096 19
4201 34 4096 27
4301 45 4096 19
4401 2 4096 20
4501 20 4096 24
4601 29 4096 25
4701 39 4096 24
4801 4 4096 25
4901 18 4096 20
5001 31 4096 26
5101 40 4096 23
5201 6 4096 23
5301 22 4096 24
5401 27 4096 24
5501 46 4096 27
5601 1 4096 23
5701 19 4096 20
5801 35 4096 21
5901 42 4096 22
6001 7 4096 21
6101 16 4096 21
6201 28 4096 27
6301 43 4096 30
6401 8 4096 20
6501 23 4096 21
6601 30 4096 20
6701 47 4096 24
6801 5 4096 20
6901 17 4096 20
7001 25 4096 25
7101 37 4096 21
7201 11 4096 22
7301 21 4096 30
7401 32 4096 19
7501 44 4096 25
7601 11 4096 15
7701 15 4096 25
7801 33 4096 22
7901 45 4096 25
8001 7 4096 28
8101 13 4096 20
8201 30 4096 23
8301 43 4096 26
8401 5 4096 19
8501 21 4096 25
8601 25 4096 24
8701 38 4096 30
8801 4 4096 26
8901 16 4096 22
9001 29 4096 19
9101 47 4096 22
9201 6 4096 19
9301 18 4096 21
9401 32 4096 26
9501 39 4096 30
9601 1 4096 22
9701 17 4096 23
9801 31 4096 26
9901 40 4096 21
10001 3 4096 27
10101 23 4096 21
10201 28 4096 17
10301 46 4096 25
10401 2 4096 21
10501 19 4096 24
10601 26 4096 27
10701 42 4096 23
10801 10 4096 26
10901 20 4096 21
11001 27 4096 31
11101 44 4096 25
11201 8 4096 24
11301 14 4096 33
11401 35 4096 30
11501 41 4096 19
