0 9 4096 43
100 21 4096 45
200 33 4096 47
300 44 4096 50
400 11 4096 47
500 15 4096 43
600 30 4096 42
700 42 4096 42
800 1 4096 40
900 17 4096 52
1000 28 4096 46
1100 40 4096 45
1200 6 4096 46
1300 22 4096 51
1400 34 4096 51
1500 39 4096 43
1600 5 4096 45
1699 16 4096 42
1797 32 4096 62
1894 41 4096 50
1989 3 4096 55
2081 18 4096 46
2169 35 4096 41
2251 46 4096 45
2327 4 4096 30
2394 13 4096 53
2452 25 4096 53
2501 45 4096 53
2540 7 4096 45
2571 23 4096 53
2594 27 4096 41
2612 47 4096 42
2628 8 4096 48
2644 20 4096 45
2662 29 4096 56
2685 37 4096 53
2715 10 4096 52
2752 19 4096 47
2798 31 4096 55
2852 43 4096 44
2915 9 4096 29
2985 16 4096 47
3062 28 4096 57
3144 37 4096 48
3231 3 4096 53
3321 18 4096 61
3414 30 4096 43
3509 42 4096 43
3606 5 4096 46
3704 21 4096 60
3803 29 4096 49
3902 41 4096 49
4001 7 4096 52
4101 23 4096 38
4201 31 4096 54
4301 39 4096 38
4401 4 4096 41
4501 20 4096 48
4601 33 4096 50
4701 45 4096 48
4801 11 4096 51
4901 19 4096 41
5001 27 4096 53
5101 46 4096 46
5201 8 4096 47
5301 13 4096 48
5401 32 4096 48
5501 44 4096 55
5601 6 4096 46
5701 22 4096 41
5801 34 4096 42
5901 43 4096 44
6001 1 4096 42
6101 17 4096 42
6201 25 4096 54
6301 40 4096 60
6401 10 4096 41
6501 15 4096 43
6601 35 4096 40
6701 47 4096 48
6801 1 4096 40
6901 16 4096 41
7001 28 4096 51
7101 40 4096 42
7201 3 4096 45
7301 23 4096 60
7401 31 4096 39
7501 42 4096 50
7601 5 4096 31
7701 17 4096 50
7801 29 4096 45
7901 44 4096 50
8001 7 4096 57
8101 18 4096 41
8201 30 4096 46
8301 47 4096 52
8401 4 4096 38
8501 13 4096 50
8601 25 4096 48
8701 45 4096 60
8801 10 4096 53
8901 19 4096 44
9001 34 4096 38
9101 46 4096 44
9201 8 4096 38
9301 21 4096 42
9401 33 4096 52
9501 41 4096 60
9601 11 4096 44
9701 15 4096 47
9801 35 4096 53
9901 39 4096 42
10001 9 4096 54
10101 20 4096 43
10201 32 4096 35
10301 37 4096 50
10401 6 4096 43
10501 22 4096 48
10601 27 4096 55
10701 43 4096 47
10801 4 4096 53
10901 20 4096 43
11001 32 4096 62
11101 41 4096 50
11201 11 4096 49
11301 23 4096 66
11401 35 4096 61
11501 46 4096 38
