0 27 4096 64
100 44 4096 67
200 41 4096 70
300 32 4096 75
400 34 4096 70
500 20 4096 64
600 4 4096 63
700 8 4096 63
800 9 4096 60
900 35 4096 78
1000 5 4096 69
1100 37 4096 67
1200 38 4096 69
1300 19 4096 76
1400 17 4096 76
1500 29 4096 64
1600 14 4096 67
1699 1 4096 63
1797 22 4096 93
1894 7 4096 75
1989 43 4096 82
2081 16 4096 69
2169 39 4096 61
2251 24 4096 67
2327 11 4096 45
2394 3 4096 79
2452 26 4096 79
2501 23 4096 79
2540 40 4096 67
2571 21 4096 79
2594 6 4096 61
2612 18 4096 63
2628 36 4096 72
2644 12 4096 67
2662 25 4096 84
2685 10 4096 79
2715 30 4096 78
2752 33 4096 70
2798 45 4096 82
2852 46 4096 66
2915 31 4096 43
2985 2 4096 70
3062 28 4096 85
3144 42 4096 72
3231 15 4096 79
3321 13 4096 91
3414 43 4096 64
3509 11 4096 64
3606 29 4096 69
3704 9 4096 90
3803 10 4096 73
3902 40 4096 73
4001 16 4096 78
4101 1 4096 57
4201 2 4096 81
4301 17 4096 57
4401 46 4096 61
4501 5 4096 72
4601 32 4096 75
4701 14 4096 72
4801 45 4096 76
4901 38 4096 61
5001 28 4096 79
5101 37 4096 69
5201 19 4096 70
5301 33 4096 72
5401 36 4096 72
5501 6 4096 82
5601 26 4096 69
5701 23 4096 61
5801 44 4096 63
5901 15 4096 66
6001 25 4096 63
6101 3 4096 63
6201 39 4096 81
6301 41 4096 90
6401 27 4096 61
6501 42 4096 64
6601 31 4096 60
6701 21 4096 72
6801 34 4096 60
6901 22 4096 61
7001 4 4096 76
7101 13 4096 63
7201 24 4096 67
7301 12 4096 90
7401 8 4096 58
7501 30 4096 75
7601 7 4096 46
7701 18 4096 75
7801 35 4096 67
7901 20 4096 75
8001 14 4096 85
8101 13 4096 61
8201 3 4096 69
8301 26 4096 78
8401 25 4096 57
8501 4 4096 75
8601 39 4096 72
8701 43 4096 90
8801 12 4096 79
8901 18 4096 66
9001 28 4096 57
9101 31 4096 66
9201 41 4096 57
9301 20 4096 63
9401 19 4096 78
9501 46 4096 90
9601 33 4096 66
9701 5 4096 70
9801 8 4096 79
9901 32 4096 63
10001 24 4096 81
10101 10 4096 64
10201 34 4096 52
10301 40 4096 75
10401 37 4096 64
10501 42 4096 72
10601 15 4096 82
10701 2 4096 70
10801 38 4096 79
10901 45 4096 64
11001 27 4096 93
11101 30 4096 75
11201 29 4096 73
11301 9 4096 99
11401 7 4096 91
11501 6 4096 57
