0 6 4096 64
99 21 4096 67
176 28 4096 70
266 2 4096 75
321 46 4096 70
403 26 4096 64
503 38 4096 63
566 31 4096 63
646 45 4096 60
706 34 4096 78
778 16 4096 69
828 8 4096 67
925 18 4096 69
1021 32 4096 76
1095 30 4096 76
1181 41 4096 64
1232 23 4096 67
1312 44 4096 63
1406 13 4096 93
1487 33 4096 75
1552 15 4096 82
1649 29 4096 69
1708 9 4096 61
1782 40 4096 67
1870 25 4096 45
1941 27 4096 79
2029 35 4096 79
2120 4 4096 79
2188 24 4096 67
2249 1 4096 79
2310 42 4096 61
2372 39 4096 63
2453 22 4096 72
2503 10 4096 67
2563 11 4096 84
2619 5 4096 79
2674 19 4096 78
2768 37 4096 70
2830 3 4096 82
2885 12 4096 66
2964 36 4096 43
3035 7 4096 70
3126 20 4096 85
3216 43 4096 72
3293 17 4096 79
3344 14 4096 91
3442 30 4096 64
3496 7 4096 64
3595 9 4096 69
3656 29 4096 90
3746 27 4096 73
3802 8 4096 73
3852 24 4096 78
3945 12 4096 57
4024 41 4096 81
4086 35 4096 57
4160 26 4096 61
4249 31 4096 72
4310 10 4096 75
4410 45 4096 72
4510 32 4096 76
4571 18 4096 61
4637 1 4096 79
4713 34 4096 69
4805 20 4096 70
4901 15 4096 72
4960 38 4096 72
5034 6 4096 82
5133 13 4096 69
5203 21 4096 61
5274 28 4096 63
5360 11 4096 66
5454 17 4096 63
5511 33 4096 63
5586 42 4096 81
5671 16 4096 90
5732 22 4096 61
5808 4 4096 64
5888 40 4096 60
5950 2 4096 72
6042 3 4096 60
6125 25 4096 61
6176 46 4096 76
6250 44 4096 63
6303 37 4096 67
6371 19 4096 90
6448 36 4096 58
6532 43 4096 75
6591 14 4096 46
6671 5 4096 75
6745 23 4096 67
6840 39 4096 75
6916 1 4096 85
6979 24 4096 61
7030 8 4096 69
7093 16 4096 78
7149 21 4096 57
7231 32 4096 75
7291 25 4096 72
7379 45 4096 90
7459 31 4096 79
7546 35 4096 66
7611 2 4096 57
7696 15 4096 66
7779 22 4096 57
7852 5 4096 63
7903 26 4096 78
7969 10 4096 90
8069 34 4096 66
8123 4 4096 70
8208 14 4096 79
8274 13 4096 63
8364 44 4096 81
8444 30 4096 64
8543 33 4096 52
8594 39 4096 75
8666 36 4096 64
8731 20 4096 72
8794 37 4096 82
8869 9 4096 70
8926 11 4096 79
9019 23 4096 64
9115 38 4096 93
9203 12 4096 75
9270 28 4096 73
9370 43 4096 99
9428 46 4096 91
9522 29 4096 57
