0 31 4096 64
100 15 4096 67
200 13 4096 70
300 8 4096 75
400 17 4096 70
500 41 4096 64
600 7 4096 63
700 25 4096 63
800 43 4096 60
900 29 4096 78
1000 42 4096 69
1100 9 4096 67
1200 11 4096 69
1300 40 4096 76
1400 47 4096 76
1500 21 4096 64
1600 4 4096 67
1699 44 4096 63
1797 45 4096 93
1894 37 4096 75
1989 3 4096 82
2081 16 4096 69
2169 27 4096 61
2251 5 4096 67
2327 20 4096 45
2394 39 4096 79
2452 6 4096 79
2501 18 4096 79
2540 26 4096 67
2571 23 4096 79
2594 10 4096 61
2612 33 4096 63
2628 30 4096 72
2644 22 4096 67
2662 36 4096 84
2685 35 4096 79
2715 38 4096 78
2752 1 4096 70
2798 32 4096 82
2852 46 4096 66
2915 24 4096 43
2985 34 4096 70
3062 19 4096 85
3144 28 4096 72
3231 19 4096 79
3321 31 4096 91
3414 25 4096 64
3509 8 4096 64
3606 18 4096 69
3704 5 4096 90
3803 13 4096 73
3902 36 4096 73
4001 44 4096 78
4101 34 4096 57
4201 37 4096 81
4301 23 4096 57
4401 4 4096 61
4501 17 4096 72
4601 15 4096 75
4701 24 4096 72
4801 43 4096 76
4901 46 4096 61
5001 30 4096 79
5101 1 4096 69
5201 29 4096 70
5301 11 4096 72
5401 45 4096 72
5501 28 4096 82
5601 6 4096 69
5701 16 4096 61
5801 41 4096 63
5901 7 4096 66
6001 40 4096 63
6101 42 4096 63
6201 10 4096 81
6301 3 4096 90
6401 38 4096 61
6501 47 4096 64
6601 26 4096 60
6701 39 4096 72
6801 27 4096 60
6901 21 4096 61
7001 35 4096 76
7101 22 4096 63
7201 32 4096 67
7301 9 4096 90
7401 20 4096 58
7501 33 4096 75
7601 10 4096 46
7701 6 4096 75
7801 26 4096 67
7901 23 4096 75
8001 1 4096 85
8101 25 4096 61
8201 24 4096 69
8301 41 4096 78
8401 33 4096 57
8501 39 4096 75
8601 9 4096 72
8701 47 4096 90
8801 15 4096 79
8901 17 4096 66
9001 16 4096 57
9101 11 4096 66
9201 37 4096 57
9301 44 4096 63
9401 3 4096 78
9501 45 4096 90
9601 5 4096 66
9701 7 4096 70
9801 35 4096 79
9901 34 4096 63
10001 31 4096 81
10101 30 4096 64
10201 36 4096 52
10301 18 4096 75
10401 13 4096 64
10501 32 4096 72
10601 8 4096 82
10701 28 4096 70
10801 43 4096 79
10901 4 4096 64
11001 29 4096 93
11101 27 4096 75
11201 21 4096 73
11301 22 4096 99
11401 46 4096 91
11501 42 4096 57
