0 21 4096 64
100 34 4096 67
200 43 4096 70
300 32 4096 75
400 20 4096 70
500 4 4096 64
600 10 4096 63
700 44 4096 63
800 40 4096 60
900 37 4096 78
1000 30 4096 69
1100 45 4096 67
1200 22 4096 69
1300 16 4096 76
1400 1 4096 76
1500 27 4096 64
1600 12 4096 67
1699 17 4096 63
1797 2 4096 93
1894 18 4096 75
1989 31 4096 82
2081 39 4096 69
2169 13 4096 61
2251 19 4096 67
2327 23 4096 45
2394 36 4096 79
2452 3 4096 79
2501 25 4096 79
2540 14 4096 67
2571 38 4096 79
2594 29 4096 61
2612 6 4096 63
2628 41 4096 72
2644 7 4096 67
2662 15 4096 84
2685 46 4096 79
2715 42 4096 78
2752 33 4096 70
2798 11 4096 82
2852 24 4096 66
2915 9 4096 43
2985 26 4096 70
3062 8 4096 85
3144 35 4096 72
3231 28 4096 79
3321 5 4096 91
3414 12 4096 64
3509 32 4096 64
3606 43 4096 69
3704 27 4096 90
3803 13 4096 73
3902 45 4096 73
4001 1 4096 78
4101 37 4096 57
4201 10 4096 81
4301 7 4096 57
4401 40 4096 61
4501 25 4096 72
4601 3 4096 75
4701 46 4096 72
4801 31 4096 76
4901 33 4096 61
5001 41 4096 79
5101 36 4096 69
5201 11 4096 70
5301 5 4096 72
5401 15 4096 72
5501 18 4096 82
5601 8 4096 69
5701 19 4096 61
5801 21 4096 63
5901 39 4096 66
6001 22 4096 63
6101 34 4096 63
6201 2 4096 81
6301 26 4096 90
6401 28 4096 61
6501 38 4096 64
6601 42 4096 60
6701 35 4096 72
6801 30 4096 60
6901 16 4096 61
7001 20 4096 76
7101 4 4096 63
7201 29 4096 67
7301 44 4096 90
7401 23 4096 58
7501 17 4096 75
7601 14 4096 46
7701 6 4096 75
7801 9 4096 67
7901 24 4096 75
8001 31 4096 85
8101 33 4096 61
8201 2 4096 69
8301 7 4096 78
8401 9 4096 57
8501 4 4096 75
8601 15 4096 72
8701 18 4096 90
8801 40 4096 79
8901 6 4096 66
9001 30 4096 57
9101 5 4096 66
9201 20 4096 57
9301 38 4096 63
9401 10 4096 78
9501 17 4096 90
9601 1 4096 66
9701 27 4096 70
9801 43 4096 79
9901 35 4096 63
10001 11 4096 81
10101 44 4096 64
10201 12 4096 52
10301 26 4096 75
10401 3 4096 64
10501 25 4096 72
10601 29 4096 82
10701 16 4096 70
10801 21 4096 79
10901 36 4096 64
11001 42 4096 93
11101 37 4096 75
11201 22 4096 73
11301 46 4096 99
11401 28 4096 91
11501 32 4096 57
