0 1 4096 32
100 47 4096 33
200 2 4096 35
300 45 4096 37
400 10 4096 35
500 37 4096 32
600 3 4096 31
700 34 4096 31
800 4 4096 30
900 39 4096 39
1000 46 4096 34
1100 5 4096 33
1200 6 4096 34
1300 8 4096 38
1400 25 4096 38
1500 11 4096 32
1600 13 4096 33
1699 22 4096 31
1797 41 4096 46
1894 23 4096 37
1989 27 4096 41
2081 35 4096 34
2169 38 4096 30
2251 43 4096 33
2327 7 4096 22
2394 9 4096 39
2452 14 4096 39
2501 44 4096 39
2540 15 4096 33
2571 16 4096 39
2594 17 4096 30
2612 18 4096 31
2628 20 4096 36
2644 26 4096 33
2662 29 4096 42
2685 31 4096 39
2715 32 4096 39
2752 33 4096 35
2798 40 4096 41
2852 42 4096 33
2915 19 4096 21
2985 21 4096 35
3062 28 4096 42
3144 30 4096 36
3231 1 4096 39
3321 47 4096 45
3414 2 4096 32
3509 45 4096 32
3606 10 4096 34
3704 37 4096 45
3803 3 4096 36
3902 34 4096 36
4001 4 4096 39
4101 39 4096 28
4201 46 4096 40
4301 5 4096 28
4401 6 4096 30
4501 8 4096 36
4601 25 4096 37
4701 11 4096 36
4801 13 4096 38
4901 22 4096 30
5001 41 4096 39
5101 23 4096 34
5201 27 4096 35
5301 35 4096 36
5401 38 4096 36
5501 43 4096 41
5601 7 4096 34
5701 9 4096 30
5801 14 4096 31
5901 44 4096 33
6001 15 4096 31
6101 16 4096 31
6201 17 4096 40
6301 18 4096 45
6401 20 4096 30
6501 26 4096 32
6601 29 4096 30
6701 31 4096 36
6801 32 4096 30
6901 33 4096 30
7001 40 4096 38
7101 42 4096 31
7201 19 4096 33
7301 21 4096 45
7401 28 4096 29
7501 30 4096 37
7601 1 4096 23
7701 47 4096 37
7801 2 4096 33
7901 45 4096 37
8001 10 4096 42
8101 37 4096 30
8201 3 4096 34
8301 34 4096 39
8401 4 4096 28
8501 39 4096 37
8601 46 4096 36
8701 5 4096 45
8801 6 4096 39
8901 8 4096 33
9001 25 4096 28
9101 11 4096 33
9201 13 4096 28
9301 22 4096 31
9401 41 4096 39
9501 23 4096 45
9601 27 4096 33
9701 35 4096 35
9801 38 4096 39
9901 43 4096 31
10001 7 4096 40
10101 9 4096 32
10201 14 4096 26
10301 44 4096 37
10401 15 4096 32
10501 16 4096 36
10601 17 4096 41
10701 18 4096 35
10801 20 4096 39
10901 26 4096 32
11001 29 4096 46
11101 31 4096 37
11201 32 4096 36
11301 33 4096 49
11401 40 4096 45
11501 42 4096 28
