0 15 4096 64
100 22 4096 67
200 44 4096 70
300 42 4096 75
400 39 4096 70
500 25 4096 64
600 14 4096 63
700 35 4096 63
800 37 4096 60
900 9 4096 78
1000 45 4096 69
1100 47 4096 67
1200 29 4096 69
1300 18 4096 76
1400 3 4096 76
1500 30 4096 64
1600 11 4096 67
1699 10 4096 63
1797 40 4096 93
1894 31 4096 75
1989 41 4096 82
2081 19 4096 69
2169 46 4096 61
2251 26 4096 67
2327 17 4096 45
2394 32 4096 79
2452 7 4096 79
2501 43 4096 79
2540 34 4096 67
2571 23 4096 79
2594 21 4096 61
2612 33 4096 63
2628 6 4096 72
2644 13 4096 67
2662 38 4096 84
2685 27 4096 79
2715 36 4096 78
2752 28 4096 70
2798 2 4096 82
2852 1 4096 66
2915 24 4096 43
2985 5 4096 70
3062 36 4096 85
3144 34 4096 72
3231 11 4096 79
3321 15 4096 91
3414 41 4096 64
3509 24 4096 64
3606 28 4096 69
3704 30 4096 90
3803 43 4096 73
3902 3 4096 73
4001 38 4096 78
4101 10 4096 57
4201 21 4096 81
4301 18 4096 57
4401 14 4096 61
4501 37 4096 72
4601 26 4096 75
4701 17 4096 72
4801 44 4096 76
4901 29 4096 61
5001 33 4096 79
5101 42 4096 69
5201 46 4096 70
5301 25 4096 72
5401 2 4096 72
5501 6 4096 82
5601 22 4096 69
5701 7 4096 61
5801 32 4096 63
5901 13 4096 66
6001 35 4096 63
6101 19 4096 63
6201 27 4096 81
6301 23 4096 90
6401 1 4096 61
6501 45 4096 64
6601 40 4096 60
6701 47 4096 72
6801 39 4096 60
6901 5 4096 61
7001 9 4096 76
7101 31 4096 63
7201 6 4096 67
7301 2 4096 90
7401 30 4096 58
7501 14 4096 75
7601 25 4096 46
7701 23 4096 75
7801 15 4096 67
7901 18 4096 75
8001 36 4096 85
8101 26 4096 61
8201 34 4096 69
8301 29 4096 78
8401 46 4096 57
8501 45 4096 75
8601 22 4096 72
8701 35 4096 90
8801 37 4096 79
8901 17 4096 66
9001 33 4096 57
9101 28 4096 66
9201 11 4096 57
9301 40 4096 63
9401 47 4096 78
9501 7 4096 90
9601 41 4096 66
9701 13 4096 70
9801 31 4096 79
9901 27 4096 63
10001 10 4096 81
10101 39 4096 64
10201 3 4096 52
10301 24 4096 75
10401 19 4096 64
10501 44 4096 72
10601 1 4096 82
10701 5 4096 70
10801 32 4096 79
10901 42 4096 64
11001 9 4096 93
11101 38 4096 75
11201 21 4096 73
11301 43 4096 99
11401 45 4096 91
11501 14 4096 57
