0 6 4096 21
100 46 4096 22
200 33 4096 23
300 42 4096 25
400 32 4096 23
500 29 4096 21
600 31 4096 21
700 40 4096 21
800 7 4096 20
900 45 4096 26
1000 26 4096 23
1100 41 4096 22
1200 36 4096 23
1300 15 4096 25
1400 25 4096 25
1500 16 4096 21
1600 44 4096 22
1699 18 4096 21
1797 21 4096 31
1894 39 4096 25
1989 3 4096 27
2081 1 4096 23
2169 43 4096 20
2251 24 4096 22
2327 12 4096 15
2394 11 4096 26
2452 14 4096 26
2501 20 4096 26
2540 2 4096 22
2571 22 4096 26
2594 5 4096 20
2612 8 4096 21
2628 4 4096 24
2644 35 4096 22
2662 23 4096 28
2685 34 4096 26
2715 38 4096 26
2752 27 4096 23
2798 9 4096 27
2852 13 4096 22
2915 23 4096 14
2985 22 4096 23
3062 11 4096 28
3144 24 4096 24
3231 43 4096 26
3321 26 4096 30
3414 45 4096 21
3509 20 4096 21
3606 41 4096 23
3704 1 4096 30
3803 16 4096 24
3902 12 4096 24
4001 25 4096 26
4101 18 4096 19
4201 27 4096 27
4301 39 4096 19
4401 46 4096 20
4501 21 4096 24
4601 34 4096 25
4701 4 4096 24
4801 8 4096 25
4901 13 4096 20
5001 3 4096 26
5101 7 4096 23
5201 32 4096 23
5301 35 4096 24
5401 29 4096 24
5501 44 4096 27
5601 38 4096 23
5701 14 4096 20
5801 36 4096 21
5901 2 4096 22
6001 40 4096 21
6101 31 4096 21
6201 15 4096 27
6301 6 4096 30
6401 5 4096 20
6501 9 4096 21
6601 42 4096 20
6701 33 4096 24
6801 40 4096 20
6901 1 4096 20
7001 33 4096 25
7101 31 4096 21
7201 5 4096 22
7301 35 4096 30
7401 23 4096 19
7501 27 4096 25
7601 21 4096 15
7701 45 4096 25
7801 11 4096 22
7901 42 4096 25
8001 24 4096 28
8101 7 4096 20
8201 29 4096 23
8301 36 4096 26
8401 32 4096 19
8501 34 4096 25
8601 12 4096 24
8701 18 4096 30
8801 4 4096 26
8901 15 4096 22
9001 20 4096 19
9101 46 4096 22
9201 22 4096 19
9301 39 4096 21
9401 13 4096 26
9501 41 4096 30
9601 2 4096 22
9701 6 4096 23
9801 43 4096 26
9901 16 4096 21
10001 44 4096 27
10101 14 4096 21
10201 38 4096 17
10301 9 4096 25
10401 3 4096 21
10501 26 4096 24
10601 8 4096 27
10701 25 4096 23
10801 18 4096 26
10901 42 4096 21
11001 3 4096 31
11101 39 4096 25
11201 43 4096 24
11301 20 4096 33
11401 4 4096 30
11501 31 4096 19
