0 40 4096 32
100 23 4096 33
200 24 4096 35
300 19 4096 37
400 4 4096 35
500 5 4096 32
600 34 4096 31
700 16 4096 31
800 8 4096 30
900 22 4096 39
1000 11 4096 34
1100 41 4096 33
1200 31 4096 34
1300 28 4096 38
1400 36 4096 38
1500 38 4096 32
1600 45 4096 33
1699 26 4096 31
1797 9 4096 46
1894 33 4096 37
1989 35 4096 41
2081 43 4096 34
2169 7 4096 30
2251 39 4096 33
2327 20 4096 22
2394 30 4096 39
2452 27 4096 39
2501 17 4096 39
2540 46 4096 33
2571 32 4096 39
2594 47 4096 30
2612 25 4096 31
2628 44 4096 36
2644 42 4096 33
2662 37 4096 42
2685 6 4096 39
2715 18 4096 39
2752 21 4096 35
2798 29 4096 41
2852 10 4096 33
2915 6 4096 21
2985 5 4096 35
3062 23 4096 42
3144 32 4096 36
3231 31 4096 39
3321 35 4096 45
3414 9 4096 32
3509 28 4096 32
3606 22 4096 34
3704 39 4096 45
3803 45 4096 36
3902 27 4096 36
4001 42 4096 39
4101 26 4096 28
4201 37 4096 40
4301 20 4096 28
4401 43 4096 30
4501 8 4096 36
4601 18 4096 37
4701 7 4096 36
4801 4 4096 38
4901 46 4096 30
5001 25 4096 39
5101 11 4096 34
5201 10 4096 35
5301 21 4096 36
5401 16 4096 36
5501 40 4096 41
5601 47 4096 34
5701 30 4096 30
5801 34 4096 31
5901 44 4096 33
6001 24 4096 31
6101 36 4096 31
6201 41 4096 40
6301 33 4096 45
6401 19 4096 30
6501 17 4096 32
6601 29 4096 30
6701 38 4096 36
6801 39 4096 30
6901 22 4096 30
7001 43 4096 38
7101 47 4096 31
7201 25 4096 33
7301 35 4096 45
7401 6 4096 29
7501 23 4096 37
7601 20 4096 23
7701 37 4096 37
7801 44 4096 33
7901 33 4096 37
8001 17 4096 42
8101 30 4096 30
8201 4 4096 34
8301 31 4096 39
8401 29 4096 28
8501 40 4096 37
8601 24 4096 36
8701 8 4096 45
8801 18 4096 39
8901 42 4096 33
9001 10 4096 28
9101 32 4096 33
9201 11 4096 28
9301 5 4096 31
9401 34 4096 39
9501 21 4096 45
9601 28 4096 33
9701 38 4096 35
9801 7 4096 39
9901 26 4096 31
10001 27 4096 40
10101 46 4096 32
10201 16 4096 26
10301 36 4096 37
10401 9 4096 32
10501 41 4096 36
10601 19 4096 41
10701 45 4096 35
10801 45 4096 39
10901 23 4096 32
11001 44 4096 46
11101 42 4096 37
11201 4 4096 36
11301 40 4096 49
11401 11 4096 45
11501 32 4096 28
