0 1 4096 43
100 47 4096 45
200 3 4096 47
300 33 4096 50
400 37 4096 47
500 11 4096 43
600 12 4096 42
700 45 4096 42
800 5 4096 40
900 22 4096 52
1000 13 4096 46
1100 25 4096 45
1200 23 4096 46
1300 35 4096 51
1400 36 4096 51
1500 9 4096 43
1600 38 4096 45
1699 39 4096 42
1797 7 4096 62
1894 41 4096 50
1989 43 4096 55
2081 46 4096 46
2169 14 4096 41
2251 15 4096 45
2327 16 4096 30
2394 18 4096 53
2452 20 4096 53
2501 21 4096 53
2540 24 4096 45
2571 26 4096 53
2594 27 4096 41
2612 32 4096 42
2628 34 4096 48
2644 40 4096 45
2662 42 4096 56
2685 44 4096 53
2715 17 4096 52
2752 19 4096 47
2798 28 4096 55
2852 29 4096 44
2915 30 4096 29
2985 31 4096 47
3062 1 4096 57
3144 47 4096 48
3231 3 4096 53
3321 33 4096 61
3414 37 4096 43
3509 11 4096 43
3606 12 4096 46
3704 45 4096 60
3803 5 4096 49
3902 22 4096 49
4001 13 4096 52
4101 25 4096 38
4201 23 4096 54
4301 35 4096 38
4401 36 4096 41
4501 9 4096 48
4601 38 4096 50
4701 39 4096 48
4801 7 4096 51
4901 41 4096 41
5001 43 4096 53
5101 46 4096 46
5201 14 4096 47
5301 15 4096 48
5401 16 4096 48
5501 18 4096 55
5601 20 4096 46
5701 21 4096 41
5801 24 4096 42
5901 26 4096 44
6001 27 4096 42
6101 32 4096 42
6201 34 4096 54
6301 40 4096 60
6401 42 4096 41
6501 44 4096 43
6601 17 4096 40
6701 19 4096 48
6801 28 4096 40
6901 29 4096 41
7001 30 4096 51
7101 31 4096 42
7201 1 4096 45
7301 47 4096 60
7401 3 4096 39
7501 33 4096 50
7601 37 4096 31
7701 11 4096 50
7801 12 4096 45
7901 45 4096 50
8001 5 4096 57
8101 22 4096 41
8201 13 4096 46
8301 25 4096 52
8401 23 4096 38
8501 35 4096 50
8601 36 4096 48
8701 9 4096 60
8801 38 4096 53
8901 39 4096 44
9001 7 4096 38
9101 41 4096 44
9201 43 4096 38
9301 46 4096 42
9401 14 4096 52
9501 15 4096 60
9601 16 4096 44
9701 18 4096 47
9801 20 4096 53
9901 21 4096 42
10001 24 4096 54
10101 26 4096 43
10201 27 4096 35
10301 32 4096 50
10401 34 4096 43
10501 40 4096 48
10601 42 4096 55
10701 44 4096 47
10801 17 4096 53
10901 19 4096 43
11001 28 4096 62
11101 29 4096 50
11201 30 4096 49
11301 31 4096 66
11401 1 4096 61
11501 47 4096 38
