0 1 4096 64
99 47 4096 67
176 3 4096 70
266 33 4096 75
321 37 4096 70
403 11 4096 64
503 12 4096 63
566 45 4096 63
646 5 4096 60
706 22 4096 78
778 13 4096 69
828 25 4096 67
925 23 4096 69
1021 35 4096 76
1095 36 4096 76
1181 9 4096 64
1232 38 4096 67
1312 39 4096 63
1406 7 4096 93
1487 41 4096 75
1552 43 4096 82
1649 46 4096 69
1708 14 4096 61
1782 15 4096 67
1870 16 4096 45
1941 18 4096 79
2029 20 4096 79
2120 21 4096 79
2188 24 4096 67
2249 26 4096 79
2310 27 4096 61
2372 32 4096 63
2453 34 4096 72
2503 40 4096 67
2563 42 4096 84
2619 44 4096 79
2674 17 4096 78
2768 19 4096 70
2830 28 4096 82
2885 29 4096 66
2964 30 4096 43
3035 31 4096 70
3126 1 4096 85
3216 47 4096 72
3293 3 4096 79
3344 33 4096 91
3442 37 4096 64
3496 11 4096 64
3595 12 4096 69
3656 45 4096 90
3746 5 4096 73
3802 22 4096 73
3852 13 4096 78
3945 25 4096 57
4024 23 4096 81
4086 35 4096 57
4160 36 4096 61
4249 9 4096 72
4310 38 4096 75
4410 39 4096 72
4510 7 4096 76
4571 41 4096 61
4637 43 4096 79
4713 46 4096 69
4805 14 4096 70
4901 15 4096 72
4960 16 4096 72
5034 18 4096 82
5133 20 4096 69
5203 21 4096 61
5274 24 4096 63
5360 26 4096 66
5454 27 4096 63
5511 32 4096 63
5586 34 4096 81
5671 40 4096 90
5732 42 4096 61
5808 44 4096 64
5888 17 4096 60
5950 19 4096 72
6042 28 4096 60
6125 29 4096 61
6176 30 4096 76
6250 31 4096 63
6303 1 4096 67
6371 47 4096 90
6448 3 4096 58
6532 33 4096 75
6591 37 4096 46
6671 11 4096 75
6745 12 4096 67
6840 45 4096 75
6916 5 4096 85
6979 22 4096 61
7030 13 4096 69
7093 25 4096 78
7149 23 4096 57
7231 35 4096 75
7291 36 4096 72
7379 9 4096 90
7459 38 4096 79
7546 39 4096 66
7611 7 4096 57
7696 41 4096 66
7779 43 4096 57
7852 46 4096 63
7903 14 4096 78
7969 15 4096 90
8069 16 4096 66
8123 18 4096 70
8208 20 4096 79
8274 21 4096 63
8364 24 4096 81
8444 26 4096 64
8543 27 4096 52
8594 32 4096 75
8666 34 4096 64
8731 40 4096 72
8794 42 4096 82
8869 44 4096 70
8926 17 4096 79
9019 19 4096 64
9115 28 4096 93
9203 29 4096 75
9270 30 4096 73
9370 31 4096 99
9428 1 4096 91
9522 47 4096 57
