0 8 4096 21
100 9 4096 22
200 22 4096 23
300 15 4096 25
400 32 4096 23
500 27 4096 21
600 42 4096 21
700 39 4096 21
800 2 4096 20
900 5 4096 26
1000 16 4096 23
1100 17 4096 22
1200 28 4096 23
1300 33 4096 25
1400 46 4096 25
1500 43 4096 21
1600 4 4096 22
1699 11 4096 21
1797 18 4096 31
1894 21 4096 25
1989 30 4096 27
2081 35 4096 23
2169 40 4096 20
2251 41 4096 22
2327 6 4096 15
2394 3 4096 26
2452 20 4096 26
2501 23 4096 26
2540 26 4096 22
2571 31 4096 26
2594 44 4096 20
2612 45 4096 21
2628 10 4096 24
2644 7 4096 22
2662 14 4096 28
2685 19 4096 26
2715 34 4096 26
2752 29 4096 23
2798 38 4096 27
2852 47 4096 22
2915 4 4096 14
2985 11 4096 23
3062 22 4096 28
3144 15 4096 24
3231 28 4096 26
3321 27 4096 30
3414 40 4096 21
3509 47 4096 21
3606 10 4096 23
3704 5 4096 30
3803 14 4096 24
3902 23 4096 24
4001 26 4096 26
4101 29 4096 19
4201 46 4096 27
4301 41 4096 19
4401 8 4096 20
4501 9 4096 24
4601 16 4096 25
4701 17 4096 24
4801 34 4096 25
4901 35 4096 20
5001 42 4096 26
5101 43 4096 23
5201 6 4096 23
5301 3 4096 24
5401 20 4096 24
5501 21 4096 27
5601 32 4096 23
5701 33 4096 20
5801 44 4096 21
5901 45 4096 22
6001 2 4096 21
6101 7 4096 21
6201 18 4096 27
6301 19 4096 30
6401 30 4096 20
6501 31 4096 21
6601 38 4096 20
6701 39 4096 24
6801 10 4096 20
6901 9 4096 20
7001 18 4096 25
7101 15 4096 21
7201 26 4096 22
7301 29 4096 30
7401 44 4096 19
7501 47 4096 25
7601 4 4096 15
7701 5 4096 25
7801 22 4096 22
7901 23 4096 25
8001 30 4096 28
8101 27 4096 20
8201 40 4096 23
8301 39 4096 26
8401 8 4096 19
8501 7 4096 25
8601 16 4096 24
8701 19 4096 30
8801 34 4096 26
8901 31 4096 22
9001 38 4096 19
9101 41 4096 22
9201 6 4096 19
9301 11 4096 21
9401 14 4096 26
9501 21 4096 30
9601 32 4096 22
9701 35 4096 23
9801 46 4096 26
9901 43 4096 21
10001 2 4096 27
10101 3 4096 21
10201 20 4096 17
10301 17 4096 25
10401 28 4096 21
10501 33 4096 24
10601 42 4096 27
10701 45 4096 23
10801 8 4096 26
10901 7 4096 21
11001 22 4096 31
11101 19 4096 25
11201 28 4096 24
11301 33 4096 33
11401 40 4096 30
11501 47 4096 19
