0 8 4096 64
99 9 4096 67
176 22 4096 70
266 15 4096 75
321 32 4096 70
403 27 4096 64
503 42 4096 63
566 39 4096 63
646 2 4096 60
706 5 4096 78
778 16 4096 69
828 17 4096 67
925 28 4096 69
1021 33 4096 76
1095 46 4096 76
1181 43 4096 64
1232 4 4096 67
1312 11 4096 63
1406 18 4096 93
1487 21 4096 75
1552 30 4096 82
1649 35 4096 69
1708 40 4096 61
1782 41 4096 67
1870 6 4096 45
1941 3 4096 79
2029 20 4096 79
2120 23 4096 79
2188 26 4096 67
2249 31 4096 79
2310 44 4096 61
2372 45 4096 63
2453 10 4096 72
2503 7 4096 67
2563 14 4096 84
2619 19 4096 79
2674 34 4096 78
2768 29 4096 70
2830 38 4096 82
2885 47 4096 66
2964 4 4096 43
3035 11 4096 70
3126 22 4096 85
3216 15 4096 72
3293 28 4096 79
3344 27 4096 91
3442 40 4096 64
3496 47 4096 64
3595 10 4096 69
3656 5 4096 90
3746 14 4096 73
3802 23 4096 73
3852 26 4096 78
3945 29 4096 57
4024 46 4096 81
4086 41 4096 57
4160 8 4096 61
4249 9 4096 72
4310 16 4096 75
4410 17 4096 72
4510 34 4096 76
4571 35 4096 61
4637 42 4096 79
4713 43 4096 69
4805 6 4096 70
4901 3 4096 72
4960 20 4096 72
5034 21 4096 82
5133 32 4096 69
5203 33 4096 61
5274 44 4096 63
5360 45 4096 66
5454 2 4096 63
5511 7 4096 63
5586 18 4096 81
5671 19 4096 90
5732 30 4096 61
5808 31 4096 64
5888 38 4096 60
5950 39 4096 72
6042 10 4096 60
6125 9 4096 61
6176 18 4096 76
6250 15 4096 63
6303 26 4096 67
6371 29 4096 90
6448 44 4096 58
6532 47 4096 75
6591 4 4096 46
6671 5 4096 75
6745 22 4096 67
6840 23 4096 75
6916 30 4096 85
6979 27 4096 61
7030 40 4096 69
7093 39 4096 78
7149 8 4096 57
7231 7 4096 75
7291 16 4096 72
7379 19 4096 90
7459 34 4096 79
7546 31 4096 66
7611 38 4096 57
7696 41 4096 66
7779 6 4096 57
7852 11 4096 63
7903 14 4096 78
7969 21 4096 90
8069 32 4096 66
8123 35 4096 70
8208 46 4096 79
8274 43 4096 63
8364 2 4096 81
8444 3 4096 64
8543 20 4096 52
8594 17 4096 75
8666 28 4096 64
8731 33 4096 72
8794 42 4096 82
8869 45 4096 70
8926 8 4096 79
9019 7 4096 64
9115 22 4096 93
9203 19 4096 75
9270 28 4096 73
9370 33 4096 99
9428 40 4096 91
9522 47 4096 57
