0 2 4096 64
100 39 4096 67
200 8 4096 70
300 27 4096 75
400 40 4096 70
500 11 4096 64
600 36 4096 63
700 1 4096 63
800 41 4096 60
900 3 4096 78
1000 44 4096 69
1100 4 4096 67
1200 5 4096 69
1300 6 4096 76
1400 45 4096 76
1500 7 4096 64
1600 12 4096 67
1699 15 4096 63
1797 35 4096 93
1894 20 4096 75
1989 23 4096 82
2081 24 4096 69
2169 37 4096 61
2251 38 4096 67
2327 42 4096 45
2394 46 4096 79
2452 9 4096 79
2501 10 4096 79
2540 13 4096 67
2571 14 4096 79
2594 16 4096 61
2612 17 4096 63
2628 18 4096 72
2644 21 4096 67
2662 26 4096 84
2685 28 4096 79
2715 29 4096 78
2752 30 4096 70
2798 33 4096 82
2852 34 4096 66
2915 43 4096 43
2985 19 4096 70
3062 22 4096 85
3144 25 4096 72
3231 31 4096 79
3321 32 4096 91
3414 38 4096 64
3509 3 4096 64
3606 8 4096 69
3704 39 4096 90
3803 1 4096 73
3902 35 4096 73
4001 45 4096 78
4101 2 4096 57
4201 6 4096 81
4301 36 4096 57
4401 41 4096 61
4501 4 4096 72
4601 5 4096 75
4701 11 4096 72
4801 12 4096 76
4901 44 4096 61
5001 7 4096 79
5101 15 4096 69
5201 20 4096 70
5301 40 4096 72
5401 23 4096 72
5501 24 4096 82
5601 27 4096 69
5701 37 4096 61
5801 42 4096 63
5901 46 4096 66
6001 9 4096 63
6101 10 4096 63
6201 13 4096 81
6301 14 4096 90
6401 16 4096 61
6501 17 4096 64
6601 18 4096 60
6701 21 4096 72
6801 26 4096 60
6901 28 4096 61
7001 29 4096 76
7101 30 4096 63
7201 33 4096 67
7301 34 4096 90
7401 43 4096 58
7501 19 4096 75
7601 22 4096 46
7701 25 4096 75
7801 31 4096 67
7901 32 4096 75
8001 17 4096 85
8101 39 4096 61
8201 8 4096 69
8301 3 4096 78
8401 35 4096 57
8501 36 4096 75
8601 1 4096 72
8701 41 4096 90
8801 2 4096 79
8901 45 4096 66
9001 4 4096 57
9101 6 4096 66
9201 44 4096 57
9301 7 4096 63
9401 11 4096 78
9501 12 4096 90
9601 15 4096 66
9701 46 4096 70
9801 20 4096 79
9901 24 4096 63
10001 27 4096 81
10101 23 4096 64
10201 37 4096 52
10301 38 4096 75
10401 40 4096 64
10501 9 4096 72
10601 5 4096 82
10701 42 4096 70
10801 10 4096 79
10901 13 4096 64
11001 14 4096 93
11101 18 4096 75
11201 21 4096 73
11301 25 4096 99
11401 26 4096 91
11501 28 4096 57
