0 1 4096 64
100 47 4096 67
200 4 4096 70
300 25 4096 75
400 8 4096 70
500 35 4096 64
600 37 4096 63
700 10 4096 63
800 39 4096 60
900 3 4096 78
1000 45 4096 69
1100 5 4096 67
1200 6 4096 69
1300 46 4096 76
1400 11 4096 76
1500 13 4096 64
1600 22 4096 67
1699 27 4096 63
1797 34 4096 93
1894 40 4096 75
1989 41 4096 82
2081 43 4096 69
2169 9 4096 61
2251 7 4096 67
2327 15 4096 45
2394 16 4096 79
2452 17 4096 79
2501 18 4096 79
2540 20 4096 67
2571 21 4096 79
2594 23 4096 61
2612 29 4096 63
2628 31 4096 72
2644 33 4096 67
2662 42 4096 84
2685 44 4096 79
2715 19 4096 78
2752 28 4096 70
2798 30 4096 82
2852 32 4096 66
2915 1 4096 43
2985 47 4096 70
3062 4 4096 85
3144 25 4096 72
3231 8 4096 79
3321 35 4096 91
3414 37 4096 64
3509 10 4096 64
3606 39 4096 69
3704 3 4096 90
3803 45 4096 73
3902 5 4096 73
4001 6 4096 78
4101 46 4096 57
4201 11 4096 81
4301 13 4096 57
4401 22 4096 61
4501 27 4096 72
4601 34 4096 75
4701 40 4096 72
4801 41 4096 76
4901 43 4096 61
5001 9 4096 79
5101 7 4096 69
5201 15 4096 70
5301 16 4096 72
5401 17 4096 72
5501 18 4096 82
5601 20 4096 69
5701 21 4096 61
5801 23 4096 63
5901 29 4096 66
6001 31 4096 63
6101 33 4096 63
6201 42 4096 81
6301 44 4096 90
6401 19 4096 61
6501 28 4096 64
6601 30 4096 60
6701 32 4096 72
6801 1 4096 60
6901 47 4096 61
7001 4 4096 76
7101 25 4096 63
7201 8 4096 67
7301 35 4096 90
7401 37 4096 58
7501 10 4096 75
7601 39 4096 46
7701 3 4096 75
7801 45 4096 67
7901 5 4096 75
8001 6 4096 85
8101 46 4096 61
8201 11 4096 69
8301 13 4096 78
8401 22 4096 57
8501 27 4096 75
8601 34 4096 72
8701 40 4096 90
8801 41 4096 79
8901 43 4096 66
9001 9 4096 57
9101 7 4096 66
9201 15 4096 57
9301 16 4096 63
9401 17 4096 78
9501 18 4096 90
9601 20 4096 66
9701 21 4096 70
9801 23 4096 79
9901 29 4096 63
10001 31 4096 81
10101 33 4096 64
10201 42 4096 52
10301 44 4096 75
10401 19 4096 64
10501 28 4096 72
10601 30 4096 82
10701 32 4096 70
10801 1 4096 79
10901 47 4096 64
11001 4 4096 93
11101 25 4096 75
11201 8 4096 73
11301 35 4096 99
11401 37 4096 91
11501 10 4096 57
