0 19 4096 64
100 8 4096 67
200 34 4096 70
300 6 4096 75
400 35 4096 70
500 16 4096 64
600 38 4096 63
700 40 4096 63
800 10 4096 60
900 2 4096 78
1000 17 4096 69
1100 14 4096 67
1200 23 4096 69
1300 42 4096 76
1400 44 4096 76
1500 45 4096 64
1600 43 4096 67
1699 33 4096 63
1797 3 4096 93
1894 7 4096 75
1989 30 4096 82
2081 28 4096 69
2169 46 4096 61
2251 4 4096 67
2327 31 4096 45
2394 22 4096 79
2452 41 4096 79
2501 18 4096 79
2540 27 4096 67
2571 21 4096 79
2594 47 4096 61
2612 9 4096 63
2628 39 4096 72
2644 32 4096 67
2662 29 4096 84
2685 26 4096 79
2715 20 4096 78
2752 11 4096 70
2798 5 4096 82
2852 15 4096 66
2915 27 4096 43
2985 7 4096 70
3062 6 4096 85
3144 18 4096 72
3231 8 4096 79
3321 31 4096 91
3414 43 4096 64
3509 32 4096 64
3606 14 4096 69
3704 15 4096 90
3803 39 4096 73
3902 30 4096 73
4001 23 4096 78
4101 34 4096 57
4201 16 4096 81
4301 41 4096 57
4401 4 4096 61
4501 10 4096 72
4601 45 4096 75
4701 3 4096 72
4801 11 4096 76
4901 47 4096 61
5001 42 4096 79
5101 21 4096 69
5201 46 4096 70
5301 26 4096 72
5401 5 4096 72
5501 35 4096 82
5601 17 4096 69
5701 20 4096 61
5801 9 4096 63
5901 38 4096 66
6001 22 4096 63
6101 33 4096 63
6201 19 4096 81
6301 29 4096 90
6401 40 4096 61
6501 44 4096 64
6601 2 4096 60
6701 28 4096 72
6801 34 4096 60
6901 29 4096 61
7001 39 4096 76
7101 38 4096 63
7201 26 4096 67
7301 44 4096 90
7401 10 4096 58
7501 21 4096 75
7601 14 4096 46
7701 32 4096 75
7801 28 4096 67
7901 3 4096 75
8001 15 4096 85
8101 20 4096 61
8201 46 4096 69
8301 31 4096 78
8401 16 4096 57
8501 42 4096 75
8601 33 4096 72
8701 47 4096 90
8801 22 4096 79
8901 19 4096 66
9001 27 4096 57
9101 8 4096 66
9201 17 4096 57
9301 23 4096 63
9401 18 4096 78
9501 45 4096 90
9601 2 4096 66
9701 43 4096 70
9801 4 4096 79
9901 5 4096 63
10001 30 4096 81
10101 41 4096 64
10201 40 4096 52
10301 6 4096 75
10401 11 4096 64
10501 35 4096 72
10601 9 4096 82
10701 7 4096 70
10801 15 4096 79
10901 4 4096 64
11001 30 4096 93
11101 14 4096 75
11201 41 4096 73
11301 29 4096 99
11401 9 4096 91
11501 44 4096 57
