0 32 4096 32
100 13 4096 33
200 23 4096 35
300 15 4096 37
400 14 4096 35
500 11 4096 32
600 30 4096 31
700 5 4096 31
800 42 4096 30
900 38 4096 39
1000 12 4096 34
1100 44 4096 33
1200 35 4096 34
1300 21 4096 38
1400 22 4096 38
1500 8 4096 32
1600 1 4096 33
1699 19 4096 31
1797 6 4096 46
1894 3 4096 37
1989 26 4096 41
2081 33 4096 34
2169 4 4096 30
2251 29 4096 33
2327 16 4096 22
2394 45 4096 39
2452 39 4096 39
2501 18 4096 39
2540 10 4096 33
2571 7 4096 39
2594 34 4096 30
2612 28 4096 31
2628 24 4096 36
2644 27 4096 33
2662 36 4096 42
2685 31 4096 39
2715 40 4096 39
2752 46 4096 35
2798 41 4096 41
2852 17 4096 33
2915 2 4096 21
2985 43 4096 35
3062 25 4096 42
3144 37 4096 36
3231 9 4096 39
3321 20 4096 45
3414 28 4096 32
3509 7 4096 32
3606 16 4096 34
3704 40 4096 45
3803 1 4096 36
3902 30 4096 36
4001 24 4096 39
4101 43 4096 28
4201 44 4096 40
4301 23 4096 28
4401 2 4096 30
4501 6 4096 36
4601 20 4096 37
4701 15 4096 36
4801 42 4096 38
4901 12 4096 30
5001 33 4096 39
5101 22 4096 34
5201 27 4096 35
5301 4 4096 36
5401 13 4096 36
5501 5 4096 41
5601 35 4096 34
5701 31 4096 30
5801 21 4096 31
5901 32 4096 33
6001 41 4096 31
6101 19 4096 31
6201 34 4096 40
6301 11 4096 45
6401 17 4096 30
6501 18 4096 32
6601 9 4096 30
6701 39 4096 36
6801 37 4096 30
6901 45 4096 30
7001 3 4096 38
7101 26 4096 31
7201 29 4096 33
7301 10 4096 45
7401 36 4096 29
7501 25 4096 37
7601 14 4096 23
7701 8 4096 37
7801 38 4096 33
7901 46 4096 37
8001 27 4096 42
8101 42 4096 30
8201 29 4096 34
8301 14 4096 39
8401 22 4096 28
8501 40 4096 37
8601 4 4096 36
8701 28 4096 45
8801 46 4096 39
8901 17 4096 33
9001 23 4096 28
9101 9 4096 33
9201 11 4096 28
9301 31 4096 31
9401 19 4096 39
9501 25 4096 45
9601 21 4096 33
9701 37 4096 35
9801 26 4096 39
9901 18 4096 31
10001 16 4096 40
10101 30 4096 32
10201 13 4096 26
10301 34 4096 37
10401 15 4096 32
10501 35 4096 36
10601 1 4096 41
10701 32 4096 35
10801 44 4096 39
10901 10 4096 32
11001 45 4096 46
11101 3 4096 37
11201 24 4096 36
11301 2 4096 49
11401 5 4096 45
11501 6 4096 28
