0 1 4096 64
100 45 4096 67
200 10 4096 70
300 36 4096 75
400 2 4096 70
500 23 4096 64
600 37 4096 63
700 46 4096 63
800 4 4096 60
900 3 4096 78
1000 43 4096 69
1100 6 4096 67
1200 8 4096 69
1300 39 4096 76
1400 11 4096 76
1500 12 4096 64
1600 13 4096 67
1699 22 4096 63
1797 24 4096 93
1894 25 4096 75
1989 33 4096 82
2081 34 4096 69
2169 35 4096 61
2251 38 4096 67
2327 41 4096 45
2394 9 4096 79
2452 5 4096 79
2501 44 4096 79
2540 7 4096 67
2571 14 4096 79
2594 15 4096 61
2612 16 4096 63
2628 18 4096 72
2644 20 4096 67
2662 21 4096 84
2685 26 4096 79
2715 27 4096 78
2752 29 4096 70
2798 31 4096 82
2852 32 4096 66
2915 40 4096 43
2985 42 4096 70
3062 17 4096 85
3144 19 4096 72
3231 28 4096 79
3321 30 4096 91
3414 1 4096 64
3509 45 4096 64
3606 10 4096 69
3704 36 4096 90
3803 2 4096 73
3902 23 4096 73
4001 37 4096 78
4101 46 4096 57
4201 4 4096 81
4301 3 4096 57
4401 43 4096 61
4501 6 4096 72
4601 8 4096 75
4701 39 4096 72
4801 11 4096 76
4901 12 4096 61
5001 13 4096 79
5101 22 4096 69
5201 24 4096 70
5301 25 4096 72
5401 33 4096 72
5501 34 4096 82
5601 35 4096 69
5701 38 4096 61
5801 41 4096 63
5901 9 4096 66
6001 5 4096 63
6101 44 4096 63
6201 7 4096 81
6301 14 4096 90
6401 15 4096 61
6501 16 4096 64
6601 18 4096 60
6701 20 4096 72
6801 21 4096 60
6901 26 4096 61
7001 27 4096 76
7101 29 4096 63
7201 31 4096 67
7301 32 4096 90
7401 40 4096 58
7501 42 4096 75
7601 17 4096 46
7701 19 4096 75
7801 28 4096 67
7901 30 4096 75
8001 1 4096 85
8101 45 4096 61
8201 10 4096 69
8301 36 4096 78
8401 2 4096 57
8501 23 4096 75
8601 37 4096 72
8701 46 4096 90
8801 4 4096 79
8901 3 4096 66
9001 43 4096 57
9101 6 4096 66
9201 8 4096 57
9301 39 4096 63
9401 11 4096 78
9501 12 4096 90
9601 13 4096 66
9701 22 4096 70
9801 24 4096 79
9901 25 4096 63
10001 33 4096 81
10101 34 4096 64
10201 35 4096 52
10301 38 4096 75
10401 41 4096 64
10501 9 4096 72
10601 5 4096 82
10701 44 4096 70
10801 7 4096 79
10901 14 4096 64
11001 15 4096 93
11101 16 4096 75
11201 18 4096 73
11301 20 4096 99
11401 21 4096 91
11501 26 4096 57
