0 45 4096 64
99 42 4096 67
176 34 4096 70
266 15 4096 75
321 25 4096 70
403 24 4096 64
503 32 4096 63
566 27 4096 63
646 21 4096 60
706 37 4096 78
778 20 4096 69
828 44 4096 67
925 29 4096 69
1021 40 4096 76
1095 8 4096 76
1181 33 4096 64
1232 10 4096 67
1312 47 4096 63
1406 18 4096 93
1487 43 4096 75
1552 46 4096 82
1649 28 4096 69
1708 41 4096 61
1782 38 4096 67
1870 39 4096 45
1941 23 4096 79
2029 4 4096 79
2120 9 4096 79
2188 35 4096 67
2249 11 4096 79
2310 14 4096 61
2372 22 4096 63
2453 6 4096 72
2503 5 4096 67
2563 36 4096 84
2619 30 4096 79
2674 26 4096 78
2768 31 4096 70
2830 7 4096 82
2885 19 4096 66
2964 16 4096 43
3035 17 4096 70
3126 29 4096 85
3216 11 4096 72
3293 6 4096 79
3344 4 4096 91
3442 21 4096 64
3496 7 4096 64
3595 34 4096 69
3656 47 4096 90
3746 17 4096 73
3802 10 4096 73
3852 20 4096 78
3945 41 4096 57
4024 16 4096 81
4086 40 4096 57
4160 25 4096 61
4249 27 4096 72
4310 24 4096 75
4410 44 4096 72
4510 14 4096 76
4571 46 4096 61
4637 5 4096 79
4713 30 4096 69
4805 19 4096 70
4901 45 4096 72
4960 33 4096 72
5034 28 4096 82
5133 23 4096 69
5203 8 4096 61
5274 9 4096 63
5360 26 4096 66
5454 22 4096 63
5511 36 4096 63
5586 37 4096 81
5671 39 4096 90
5732 42 4096 61
5808 43 4096 64
5888 31 4096 60
5950 15 4096 72
6042 38 4096 60
6125 18 4096 61
6176 35 4096 76
6250 32 4096 63
6303 20 4096 67
6371 22 4096 90
6448 5 4096 58
6532 38 4096 75
6591 30 4096 46
6671 32 4096 75
6745 28 4096 67
6840 42 4096 75
6916 29 4096 85
6979 27 4096 61
7030 21 4096 69
7093 35 4096 78
7149 17 4096 57
7231 37 4096 75
7291 41 4096 72
7379 10 4096 90
7459 26 4096 79
7546 45 4096 66
7611 39 4096 57
7696 43 4096 66
7779 11 4096 57
7852 25 4096 63
7903 47 4096 78
7969 8 4096 90
8069 19 4096 66
8123 7 4096 70
8208 40 4096 79
8274 24 4096 63
8364 14 4096 81
8444 23 4096 64
8543 18 4096 52
8594 31 4096 75
8666 34 4096 64
8731 9 4096 72
8794 46 4096 82
8869 44 4096 70
8926 6 4096 79
9019 16 4096 64
9115 4 4096 93
9203 15 4096 75
9270 33 4096 73
9370 36 4096 99
9428 35 4096 91
9522 22 4096 57
