0 10 4096 43
99 13 4096 45
176 27 4096 47
266 47 4096 50
321 4 4096 47
403 19 4096 43
503 25 4096 42
566 46 4096 42
646 3 4096 40
706 21 4096 52
778 28 4096 46
828 40 4096 45
925 5 4096 46
1021 16 4096 51
1095 26 4096 51
1181 45 4096 43
1232 7 4096 45
1312 17 4096 42
1406 34 4096 62
1487 39 4096 50
1552 2 4096 55
1649 22 4096 46
1708 32 4096 41
1782 44 4096 45
1870 1 4096 30
1941 20 4096 53
2029 33 4096 53
2120 42 4096 53
2188 9 4096 45
2249 14 4096 53
2310 31 4096 41
2372 41 4096 42
2453 8 4096 48
2503 18 4096 45
2563 30 4096 56
2619 43 4096 53
2674 11 4096 52
2768 15 4096 47
2830 29 4096 55
2885 37 4096 44
2964 6 4096 29
3035 23 4096 47
3126 35 4096 57
3216 38 4096 48
3293 10 4096 53
3344 14 4096 61
3442 26 4096 43
3496 41 4096 43
3595 3 4096 46
3656 13 4096 60
3746 33 4096 49
3802 38 4096 49
3852 9 4096 52
3945 15 4096 38
4024 34 4096 54
4086 45 4096 38
4160 2 4096 41
4249 20 4096 48
4310 29 4096 50
4410 39 4096 48
4510 4 4096 51
4571 18 4096 41
4637 31 4096 53
4713 40 4096 46
4805 6 4096 47
4901 22 4096 48
4960 27 4096 48
5034 46 4096 55
5133 1 4096 46
5203 19 4096 41
5274 35 4096 42
5360 42 4096 44
5454 7 4096 42
5511 16 4096 42
5586 28 4096 54
5671 43 4096 60
5732 8 4096 41
5808 23 4096 43
5888 30 4096 40
5950 47 4096 48
6042 5 4096 40
6125 17 4096 41
6176 25 4096 51
6250 37 4096 42
6303 11 4096 45
6371 21 4096 60
6448 32 4096 39
6532 44 4096 50
6591 11 4096 31
6671 15 4096 50
6745 33 4096 45
6840 45 4096 50
6916 7 4096 57
6979 13 4096 41
7030 30 4096 46
7093 43 4096 52
7149 5 4096 38
7231 21 4096 50
7291 25 4096 48
7379 38 4096 60
7459 4 4096 53
7546 16 4096 44
7611 29 4096 38
7696 47 4096 44
7779 6 4096 38
7852 18 4096 42
7903 32 4096 52
7969 39 4096 60
8069 1 4096 44
8123 17 4096 47
8208 31 4096 53
8274 40 4096 42
8364 3 4096 54
8444 23 4096 43
8543 28 4096 35
8594 46 4096 50
8666 2 4096 43
8731 19 4096 48
8794 26 4096 55
8869 42 4096 47
8926 10 4096 53
9019 20 4096 43
9115 27 4096 62
9203 44 4096 50
9270 8 4096 49
9370 14 4096 66
9428 35 4096 61
9522 41 4096 38
