0 1 4096 64
100 47 4096 67
200 3 4096 70
300 33 4096 75
400 37 4096 70
500 11 4096 64
600 12 4096 63
700 45 4096 63
800 5 4096 60
900 22 4096 78
1000 13 4096 69
1100 25 4096 67
1200 23 4096 69
1300 35 4096 76
1400 36 4096 76
1500 9 4096 64
1600 38 4096 67
1699 39 4096 63
1797 7 4096 93
1894 41 4096 75
1989 43 4096 82
2081 46 4096 69
2169 14 4096 61
2251 15 4096 67
2327 16 4096 45
2394 18 4096 79
2452 20 4096 79
2501 21 4096 79
2540 24 4096 67
2571 26 4096 79
2594 27 4096 61
2612 32 4096 63
2628 34 4096 72
2644 40 4096 67
2662 42 4096 84
2685 44 4096 79
2715 17 4096 78
2752 19 4096 70
2798 28 4096 82
2852 29 4096 66
2915 30 4096 43
2985 31 4096 70
3062 1 4096 85
3144 47 4096 72
3231 3 4096 79
3321 33 4096 91
3414 37 4096 64
3509 11 4096 64
3606 12 4096 69
3704 45 4096 90
3803 5 4096 73
3902 22 4096 73
4001 13 4096 78
4101 25 4096 57
4201 23 4096 81
4301 35 4096 57
4401 36 4096 61
4501 9 4096 72
4601 38 4096 75
4701 39 4096 72
4801 7 4096 76
4901 41 4096 61
5001 43 4096 79
5101 46 4096 69
5201 14 4096 70
5301 15 4096 72
5401 16 4096 72
5501 18 4096 82
5601 20 4096 69
5701 21 4096 61
5801 24 4096 63
5901 26 4096 66
6001 27 4096 63
6101 32 4096 63
6201 34 4096 81
6301 40 4096 90
6401 42 4096 61
6501 44 4096 64
6601 17 4096 60
6701 19 4096 72
6801 28 4096 60
6901 29 4096 61
7001 30 4096 76
7101 31 4096 63
7201 1 4096 67
7301 47 4096 90
7401 3 4096 58
7501 33 4096 75
7601 37 4096 46
7701 11 4096 75
7801 12 4096 67
7901 45 4096 75
8001 5 4096 85
8101 22 4096 61
8201 13 4096 69
8301 25 4096 78
8401 23 4096 57
8501 35 4096 75
8601 36 4096 72
8701 9 4096 90
8801 38 4096 79
8901 39 4096 66
9001 7 4096 57
9101 41 4096 66
9201 43 4096 57
9301 46 4096 63
9401 14 4096 78
9501 15 4096 90
9601 16 4096 66
9701 18 4096 70
9801 20 4096 79
9901 21 4096 63
10001 24 4096 81
10101 26 4096 64
10201 27 4096 52
10301 32 4096 75
10401 34 4096 64
10501 40 4096 72
10601 42 4096 82
10701 44 4096 70
10801 17 4096 79
10901 19 4096 64
11001 28 4096 93
11101 29 4096 75
11201 30 4096 73
11301 31 4096 99
11401 1 4096 91
11501 47 4096 57
