0 1 4096 43
99 47 4096 45
176 4 4096 47
266 25 4096 50
321 8 4096 47
403 35 4096 43
503 37 4096 42
566 10 4096 42
646 39 4096 40
706 3 4096 52
778 45 4096 46
828 5 4096 45
925 6 4096 46
1021 46 4096 51
1095 11 4096 51
1181 13 4096 43
1232 22 4096 45
1312 27 4096 42
1406 34 4096 62
1487 40 4096 50
1552 41 4096 55
1649 43 4096 46
1708 9 4096 41
1782 7 4096 45
1870 15 4096 30
1941 16 4096 53
2029 17 4096 53
2120 18 4096 53
2188 20 4096 45
2249 21 4096 53
2310 23 4096 41
2372 29 4096 42
2453 31 4096 48
2503 33 4096 45
2563 42 4096 56
2619 44 4096 53
2674 19 4096 52
2768 28 4096 47
2830 30 4096 55
2885 32 4096 44
2964 1 4096 29
3035 47 4096 47
3126 4 4096 57
3216 25 4096 48
3293 8 4096 53
3344 35 4096 61
3442 37 4096 43
3496 10 4096 43
3595 39 4096 46
3656 3 4096 60
3746 45 4096 49
3802 5 4096 49
3852 6 4096 52
3945 46 4096 38
4024 11 4096 54
4086 13 4096 38
4160 22 4096 41
4249 27 4096 48
4310 34 4096 50
4410 40 4096 48
4510 41 4096 51
4571 43 4096 41
4637 9 4096 53
4713 7 4096 46
4805 15 4096 47
4901 16 4096 48
4960 17 4096 48
5034 18 4096 55
5133 20 4096 46
5203 21 4096 41
5274 23 4096 42
5360 29 4096 44
5454 31 4096 42
5511 33 4096 42
5586 42 4096 54
5671 44 4096 60
5732 19 4096 41
5808 28 4096 43
5888 30 4096 40
5950 32 4096 48
6042 1 4096 40
6125 47 4096 41
6176 4 4096 51
6250 25 4096 42
6303 8 4096 45
6371 35 4096 60
6448 37 4096 39
6532 10 4096 50
6591 39 4096 31
6671 3 4096 50
6745 45 4096 45
6840 5 4096 50
6916 6 4096 57
6979 46 4096 41
7030 11 4096 46
7093 13 4096 52
7149 22 4096 38
7231 27 4096 50
7291 34 4096 48
7379 40 4096 60
7459 41 4096 53
7546 43 4096 44
7611 9 4096 38
7696 7 4096 44
7779 15 4096 38
7852 16 4096 42
7903 17 4096 52
7969 18 4096 60
8069 20 4096 44
8123 21 4096 47
8208 23 4096 53
8274 29 4096 42
8364 31 4096 54
8444 33 4096 43
8543 42 4096 35
8594 44 4096 50
8666 19 4096 43
8731 28 4096 48
8794 30 4096 55
8869 32 4096 47
8926 1 4096 53
9019 47 4096 43
9115 4 4096 62
9203 25 4096 50
9270 8 4096 49
9370 35 4096 66
9428 37 4096 61
9522 10 4096 38
