0 14 4096 86
100 27 4096 90
200 1 4096 94
300 43 4096 100
400 12 4096 94
500 35 4096 86
600 17 4096 84
700 32 4096 84
800 13 4096 80
900 40 4096 104
1000 7 4096 92
1100 25 4096 90
1200 5 4096 92
1300 34 4096 102
1400 22 4096 102
1500 30 4096 86
1600 2 4096 90
1699 33 4096 84
1797 10 4096 124
1894 24 4096 100
1989 4 4096 110
2081 29 4096 92
2169 11 4096 82
2251 46 4096 90
2327 9 4096 60
2394 28 4096 106
2452 8 4096 106
2501 37 4096 106
2540 19 4096 90
2571 45 4096 106
2594 3 4096 82
2612 36 4096 84
2628 23 4096 96
2644 31 4096 90
2662 18 4096 112
2685 42 4096 106
2715 20 4096 104
2752 44 4096 94
2798 21 4096 110
2852 39 4096 88
2915 16 4096 58
2985 38 4096 94
3062 15 4096 114
3144 41 4096 96
3231 6 4096 106
3321 26 4096 122
3414 22 4096 86
3509 39 4096 86
3606 11 4096 92
3704 42 4096 120
3803 9 4096 98
3902 43 4096 98
4001 1 4096 104
4101 35 4096 76
4201 8 4096 108
4301 24 4096 76
4401 2 4096 82
4501 25 4096 96
4601 12 4096 100
4701 30 4096 96
4801 16 4096 102
4901 36 4096 82
5001 23 4096 106
5101 37 4096 92
5201 7 4096 94
5301 41 4096 96
5401 13 4096 96
5501 31 4096 110
5601 18 4096 92
5701 26 4096 82
5801 5 4096 84
5901 45 4096 88
6001 10 4096 84
6101 33 4096 84
6201 15 4096 108
6301 28 4096 120
6401 6 4096 82
6501 32 4096 86
6601 14 4096 80
6701 34 4096 96
6801 4 4096 80
6901 38 4096 82
7001 17 4096 102
7101 29 4096 84
7201 20 4096 90
7301 27 4096 120
7401 3 4096 78
7501 46 4096 100
7601 19 4096 62
7701 40 4096 100
7801 21 4096 90
7901 44 4096 100
8001 11 4096 114
8101 38 4096 82
8201 8 4096 92
8301 40 4096 104
8401 12 4096 76
8501 41 4096 100
8601 13 4096 96
8701 39 4096 120
8801 9 4096 106
8901 30 4096 88
9001 21 4096 76
9101 24 4096 88
9201 2 4096 76
9301 32 4096 84
9401 4 4096 104
9501 42 4096 120
9601 7 4096 88
9701 34 4096 94
9801 14 4096 106
9901 26 4096 84
10001 10 4096 108
10101 28 4096 86
10201 6 4096 70
10301 35 4096 100
10401 16 4096 86
10501 37 4096 96
10601 1 4096 110
10701 25 4096 94
10801 15 4096 106
10901 31 4096 86
11001 3 4096 124
11101 46 4096 100
11201 18 4096 98
11301 27 4096 132
11401 17 4096 122
11501 33 4096 76
