0 46 4096 32
100 2 4096 33
200 47 4096 35
300 34 4096 37
400 23 4096 35
500 44 4096 32
600 7 4096 31
700 28 4096 31
800 29 4096 30
900 13 4096 39
1000 6 4096 34
1100 41 4096 33
1200 25 4096 34
1300 10 4096 38
1400 27 4096 38
1500 1 4096 32
1600 15 4096 33
1699 3 4096 31
1797 24 4096 46
1894 31 4096 37
1989 32 4096 41
2081 17 4096 34
2169 9 4096 30
2251 18 4096 33
2327 11 4096 22
2394 8 4096 39
2452 33 4096 39
2501 22 4096 39
2540 37 4096 33
2571 40 4096 39
2594 36 4096 30
2612 14 4096 31
2628 21 4096 36
2644 45 4096 33
2662 43 4096 42
2685 39 4096 39
2715 20 4096 39
2752 30 4096 35
2798 42 4096 41
2852 38 4096 33
2915 26 4096 21
2985 19 4096 35
3062 5 4096 42
3144 35 4096 36
3231 46 4096 39
3321 28 4096 45
3414 38 4096 32
3509 5 4096 32
3606 40 4096 34
3704 33 4096 45
3803 13 4096 36
3902 15 4096 36
4001 25 4096 39
4101 11 4096 28
4201 34 4096 40
4301 44 4096 28
4401 24 4096 30
4501 36 4096 36
4601 31 4096 37
4701 8 4096 36
4801 47 4096 38
4901 37 4096 30
5001 1 4096 39
5101 6 4096 34
5201 10 4096 35
5301 39 4096 36
5401 43 4096 36
5501 41 4096 41
5601 21 4096 34
5701 35 4096 30
5801 7 4096 31
5901 29 4096 33
6001 3 4096 31
6101 9 4096 31
6201 32 4096 40
6301 23 4096 45
6401 30 4096 30
6501 22 4096 32
6601 27 4096 30
6701 45 4096 36
6801 20 4096 30
6901 19 4096 30
7001 18 4096 38
7101 26 4096 31
7201 42 4096 33
7301 2 4096 45
7401 17 4096 29
7501 14 4096 37
7601 36 4096 23
7701 31 4096 37
7801 21 4096 33
7901 2 4096 37
8001 14 4096 42
8101 35 4096 30
8201 17 4096 34
8301 1 4096 39
8401 41 4096 28
8501 24 4096 37
8601 47 4096 36
8701 23 4096 45
8801 33 4096 39
8901 3 4096 33
9001 10 4096 28
9101 19 4096 33
9201 9 4096 28
9301 39 4096 31
9401 11 4096 39
9501 29 4096 45
9601 27 4096 33
9701 40 4096 35
9801 25 4096 39
9901 43 4096 31
10001 13 4096 40
10101 44 4096 32
10201 32 4096 26
10301 42 4096 37
10401 28 4096 32
10501 26 4096 36
10601 18 4096 41
10701 5 4096 35
10801 38 4096 39
10901 20 4096 32
11001 34 4096 46
11101 45 4096 37
11201 15 4096 36
11301 6 4096 49
11401 37 4096 45
11501 46 4096 28
