0 6 4096 32
100 46 4096 33
200 33 4096 35
300 42 4096 37
400 32 4096 35
500 29 4096 32
600 31 4096 31
700 40 4096 31
800 7 4096 30
900 45 4096 39
1000 26 4096 34
1100 41 4096 33
1200 36 4096 34
1300 15 4096 38
1400 25 4096 38
1500 16 4096 32
1600 44 4096 33
1699 18 4096 31
1797 21 4096 46
1894 39 4096 37
1989 3 4096 41
2081 1 4096 34
2169 43 4096 30
2251 24 4096 33
2327 12 4096 22
2394 11 4096 39
2452 14 4096 39
2501 20 4096 39
2540 2 4096 33
2571 22 4096 39
2594 5 4096 30
2612 8 4096 31
2628 4 4096 36
2644 35 4096 33
2662 23 4096 42
2685 34 4096 39
2715 38 4096 39
2752 27 4096 35
2798 9 4096 41
2852 13 4096 33
2915 23 4096 21
2985 22 4096 35
3062 11 4096 42
3144 24 4096 36
3231 43 4096 39
3321 26 4096 45
3414 45 4096 32
3509 20 4096 32
3606 41 4096 34
3704 1 4096 45
3803 16 4096 36
3902 12 4096 36
4001 25 4096 39
4101 18 4096 28
4201 27 4096 40
4301 39 4096 28
4401 46 4096 30
4501 21 4096 36
4601 34 4096 37
4701 4 4096 36
4801 8 4096 38
4901 13 4096 30
5001 3 4096 39
5101 7 4096 34
5201 32 4096 35
5301 35 4096 36
5401 29 4096 36
5501 44 4096 41
5601 38 4096 34
5701 14 4096 30
5801 36 4096 31
5901 2 4096 33
6001 40 4096 31
6101 31 4096 31
6201 15 4096 40
6301 6 4096 45
6401 5 4096 30
6501 9 4096 32
6601 42 4096 30
6701 33 4096 36
6801 40 4096 30
6901 1 4096 30
7001 33 4096 38
7101 31 4096 31
7201 5 4096 33
7301 35 4096 45
7401 23 4096 29
7501 27 4096 37
7601 21 4096 23
7701 45 4096 37
7801 11 4096 33
7901 42 4096 37
8001 24 4096 42
8101 7 4096 30
8201 29 4096 34
8301 36 4096 39
8401 32 4096 28
8501 34 4096 37
8601 12 4096 36
8701 18 4096 45
8801 4 4096 39
8901 15 4096 33
9001 20 4096 28
9101 46 4096 33
9201 22 4096 28
9301 39 4096 31
9401 13 4096 39
9501 41 4096 45
9601 2 4096 33
9701 6 4096 35
9801 43 4096 39
9901 16 4096 31
10001 44 4096 40
10101 14 4096 32
10201 38 4096 26
10301 9 4096 37
10401 3 4096 32
10501 26 4096 36
10601 8 4096 41
10701 25 4096 35
10801 18 4096 39
10901 42 4096 32
11001 3 4096 46
11101 39 4096 37
11201 43 4096 36
11301 20 4096 49
11401 4 4096 45
11501 31 4096 28
