0 23 4096 21
100 40 4096 22
200 33 4096 23
300 24 4096 25
400 38 4096 23
500 32 4096 21
600 19 4096 21
700 14 4096 21
800 17 4096 20
900 39 4096 26
1000 2 4096 23
1100 26 4096 22
1200 5 4096 23
1300 10 4096 25
1400 46 4096 25
1500 18 4096 21
1600 1 4096 22
1699 45 4096 21
1797 36 4096 31
1894 42 4096 25
1989 25 4096 27
2081 11 4096 23
2169 35 4096 20
2251 15 4096 22
2327 27 4096 15
2394 22 4096 26
2452 31 4096 26
2501 21 4096 26
2540 44 4096 22
2571 16 4096 26
2594 7 4096 20
2612 28 4096 21
2628 8 4096 24
2644 43 4096 22
2662 6 4096 28
2685 41 4096 26
2715 3 4096 26
2752 34 4096 23
2798 13 4096 27
2852 29 4096 22
2915 30 4096 14
2985 9 4096 23
3062 20 4096 28
3144 12 4096 24
3231 37 4096 26
3321 4 4096 30
3414 27 4096 21
3509 33 4096 21
3606 28 4096 23
3704 25 4096 30
3803 40 4096 24
3902 12 4096 24
4001 24 4096 26
4101 19 4096 19
4201 15 4096 27
4301 3 4096 19
4401 8 4096 20
4501 31 4096 24
4601 39 4096 25
4701 22 4096 24
4801 17 4096 25
4901 5 4096 20
5001 26 4096 26
5101 43 4096 23
5201 23 4096 23
5301 10 4096 24
5401 18 4096 24
5501 21 4096 27
5601 1 4096 23
5701 32 4096 20
5801 37 4096 21
5901 42 4096 22
6001 20 4096 21
6101 30 4096 21
6201 38 4096 27
6301 35 4096 30
6401 13 4096 20
6501 36 4096 21
6601 2 4096 20
6701 14 4096 24
6801 9 4096 20
6901 29 4096 20
7001 41 4096 25
7101 6 4096 21
7201 44 4096 22
7301 16 4096 30
7401 46 4096 19
7501 45 4096 25
7601 11 4096 15
7701 7 4096 25
7801 4 4096 22
7901 34 4096 25
8001 6 4096 28
8101 21 4096 20
8201 19 4096 23
8301 17 4096 26
8401 37 4096 19
8501 45 4096 25
8601 10 4096 24
8701 28 4096 30
8801 35 4096 26
8901 16 4096 22
9001 24 4096 19
9101 40 4096 22
9201 36 4096 19
9301 11 4096 21
9401 39 4096 26
9501 38 4096 30
9601 3 4096 22
9701 18 4096 23
9801 7 4096 26
9901 4 4096 21
10001 34 4096 27
10101 32 4096 21
10201 43 4096 17
10301 20 4096 25
10401 23 4096 21
10501 1 4096 24
10601 33 4096 27
10701 25 4096 23
10801 15 4096 26
10901 9 4096 21
11001 14 4096 31
11101 2 4096 25
11201 29 4096 24
11301 13 4096 33
11401 31 4096 30
11501 27 4096 19
