0 32 4096 64
100 13 4096 67
200 23 4096 70
300 15 4096 75
400 14 4096 70
500 11 4096 64
600 30 4096 63
700 5 4096 63
800 42 4096 60
900 38 4096 78
1000 12 4096 69
1100 44 4096 67
1200 35 4096 69
1300 21 4096 76
1400 22 4096 76
1500 8 4096 64
1600 1 4096 67
1699 19 4096 63
1797 6 4096 93
1894 3 4096 75
1989 26 4096 82
2081 33 4096 69
2169 4 4096 61
2251 29 4096 67
2327 16 4096 45
2394 45 4096 79
2452 39 4096 79
2501 18 4096 79
2540 10 4096 67
2571 7 4096 79
2594 34 4096 61
2612 28 4096 63
2628 24 4096 72
2644 27 4096 67
2662 36 4096 84
2685 31 4096 79
2715 40 4096 78
2752 46 4096 70
2798 41 4096 82
2852 17 4096 66
2915 2 4096 43
2985 43 4096 70
3062 25 4096 85
3144 37 4096 72
3231 9 4096 79
3321 20 4096 91
3414 28 4096 64
3509 7 4096 64
3606 16 4096 69
3704 40 4096 90
3803 1 4096 73
3902 30 4096 73
4001 24 4096 78
4101 43 4096 57
4201 44 4096 81
4301 23 4096 57
4401 2 4096 61
4501 6 4096 72
4601 20 4096 75
4701 15 4096 72
4801 42 4096 76
4901 12 4096 61
5001 33 4096 79
5101 22 4096 69
5201 27 4096 70
5301 4 4096 72
5401 13 4096 72
5501 5 4096 82
5601 35 4096 69
5701 31 4096 61
5801 21 4096 63
5901 32 4096 66
6001 41 4096 63
6101 19 4096 63
6201 34 4096 81
6301 11 4096 90
6401 17 4096 61
6501 18 4096 64
6601 9 4096 60
6701 39 4096 72
6801 37 4096 60
6901 45 4096 61
7001 3 4096 76
7101 26 4096 63
7201 29 4096 67
7301 10 4096 90
7401 36 4096 58
7501 25 4096 75
7601 14 4096 46
7701 8 4096 75
7801 38 4096 67
7901 46 4096 75
8001 27 4096 85
8101 42 4096 61
8201 29 4096 69
8301 14 4096 78
8401 22 4096 57
8501 40 4096 75
8601 4 4096 72
8701 28 4096 90
8801 46 4096 79
8901 17 4096 66
9001 23 4096 57
9101 9 4096 66
9201 11 4096 57
9301 31 4096 63
9401 19 4096 78
9501 25 4096 90
9601 21 4096 66
9701 37 4096 70
9801 26 4096 79
9901 18 4096 63
10001 16 4096 81
10101 30 4096 64
10201 13 4096 52
10301 34 4096 75
10401 15 4096 64
10501 35 4096 72
10601 1 4096 82
10701 32 4096 70
10801 44 4096 79
10901 10 4096 64
11001 45 4096 93
11101 3 4096 75
11201 24 4096 73
11301 2 4096 99
11401 5 4096 91
11501 6 4096 57
