0 14 4096 43
99 27 4096 45
176 1 4096 47
266 43 4096 50
321 12 4096 47
403 35 4096 43
503 17 4096 42
566 32 4096 42
646 13 4096 40
706 40 4096 52
778 7 4096 46
828 25 4096 45
925 5 4096 46
1021 34 4096 51
1095 22 4096 51
1181 30 4096 43
1232 2 4096 45
1312 33 4096 42
1406 10 4096 62
1487 24 4096 50
1552 4 4096 55
1649 29 4096 46
1708 11 4096 41
1782 46 4096 45
1870 9 4096 30
1941 28 4096 53
2029 8 4096 53
2120 37 4096 53
2188 19 4096 45
2249 45 4096 53
2310 3 4096 41
2372 36 4096 42
2453 23 4096 48
2503 31 4096 45
2563 18 4096 56
2619 42 4096 53
2674 20 4096 52
2768 44 4096 47
2830 21 4096 55
2885 39 4096 44
2964 16 4096 29
3035 38 4096 47
3126 15 4096 57
3216 41 4096 48
3293 6 4096 53
3344 26 4096 61
3442 22 4096 43
3496 39 4096 43
3595 11 4096 46
3656 42 4096 60
3746 9 4096 49
3802 43 4096 49
3852 1 4096 52
3945 35 4096 38
4024 8 4096 54
4086 24 4096 38
4160 2 4096 41
4249 25 4096 48
4310 12 4096 50
4410 30 4096 48
4510 16 4096 51
4571 36 4096 41
4637 23 4096 53
4713 37 4096 46
4805 7 4096 47
4901 41 4096 48
4960 13 4096 48
5034 31 4096 55
5133 18 4096 46
5203 26 4096 41
5274 5 4096 42
5360 45 4096 44
5454 10 4096 42
5511 33 4096 42
5586 15 4096 54
5671 28 4096 60
5732 6 4096 41
5808 32 4096 43
5888 14 4096 40
5950 34 4096 48
6042 4 4096 40
6125 38 4096 41
6176 17 4096 51
6250 29 4096 42
6303 20 4096 45
6371 27 4096 60
6448 3 4096 39
6532 46 4096 50
6591 19 4096 31
6671 40 4096 50
6745 21 4096 45
6840 44 4096 50
6916 11 4096 57
6979 38 4096 41
7030 8 4096 46
7093 40 4096 52
7149 12 4096 38
7231 41 4096 50
7291 13 4096 48
7379 39 4096 60
7459 9 4096 53
7546 30 4096 44
7611 21 4096 38
7696 24 4096 44
7779 2 4096 38
7852 32 4096 42
7903 4 4096 52
7969 42 4096 60
8069 7 4096 44
8123 34 4096 47
8208 14 4096 53
8274 26 4096 42
8364 10 4096 54
8444 28 4096 43
8543 6 4096 35
8594 35 4096 50
8666 16 4096 43
8731 37 4096 48
8794 1 4096 55
8869 25 4096 47
8926 15 4096 53
9019 31 4096 43
9115 3 4096 62
9203 46 4096 50
9270 18 4096 49
9370 27 4096 66
9428 17 4096 61
9522 33 4096 38
