0 14 4096 172
100 27 4096 180
200 1 4096 188
300 43 4096 200
400 12 4096 188
500 35 4096 172
600 17 4096 168
700 32 4096 168
800 13 4096 160
900 40 4096 208
1000 7 4096 184
1100 25 4096 180
1200 5 4096 184
1300 34 4096 204
1400 22 4096 204
1500 30 4096 172
1600 2 4096 180
1699 33 4096 168
1797 10 4096 248
1894 24 4096 200
1989 4 4096 220
2081 29 4096 184
2169 11 4096 164
2251 46 4096 180
2327 9 4096 120
2394 28 4096 212
2452 8 4096 212
2501 37 4096 212
2540 19 4096 180
2571 45 4096 212
2594 3 4096 164
2612 36 4096 168
2628 23 4096 192
2644 31 4096 180
2662 18 4096 224
2685 42 4096 212
2715 20 4096 208
2752 44 4096 188
2798 21 4096 220
2852 39 4096 176
2915 16 4096 116
2985 38 4096 188
3062 15 4096 228
3144 41 4096 192
3231 6 4096 212
3321 26 4096 244
3414 22 4096 172
3509 39 4096 172
3606 11 4096 184
3704 42 4096 240
3803 9 4096 196
3902 43 4096 196
4001 1 4096 208
4101 35 4096 152
4201 8 4096 216
4301 24 4096 152
4401 2 4096 164
4501 25 4096 192
4601 12 4096 200
4701 30 4096 192
4801 16 4096 204
4901 36 4096 164
5001 23 4096 212
5101 37 4096 184
5201 7 4096 188
5301 41 4096 192
5401 13 4096 192
5501 31 4096 220
5601 18 4096 184
5701 26 4096 164
5801 5 4096 168
5901 45 4096 176
6001 10 4096 168
6101 33 4096 168
6201 15 4096 216
6301 28 4096 240
6401 6 4096 164
6501 32 4096 172
6601 14 4096 160
6701 34 4096 192
6801 4 4096 160
6901 38 4096 164
7001 17 4096 204
7101 29 4096 168
7201 20 4096 180
7301 27 4096 240
7401 3 4096 156
7501 46 4096 200
7601 19 4096 124
7701 40 4096 200
7801 21 4096 180
7901 44 4096 200
8001 11 4096 228
8101 38 4096 164
8201 8 4096 184
8301 40 4096 208
8401 12 4096 152
8501 41 4096 200
8601 13 4096 192
8701 39 4096 240
8801 9 4096 212
8901 30 4096 176
9001 21 4096 152
9101 24 4096 176
9201 2 4096 152
9301 32 4096 168
9401 4 4096 208
9501 42 4096 240
9601 7 4096 176
9701 34 4096 188
9801 14 4096 212
9901 26 4096 168
10001 10 4096 216
10101 28 4096 172
10201 6 4096 140
10301 35 4096 200
10401 16 4096 172
10501 37 4096 192
10601 1 4096 220
10701 25 4096 188
10801 15 4096 212
10901 31 4096 172
11001 3 4096 248
11101 46 4096 200
11201 18 4096 196
11301 27 4096 264
11401 17 4096 244
11501 33 4096 152
