0 1 4096 43
99 47 4096 45
176 2 4096 47
266 45 4096 50
321 10 4096 47
403 37 4096 43
503 3 4096 42
566 34 4096 42
646 36 4096 40
706 5 4096 52
778 6 4096 46
828 46 4096 45
925 11 4096 46
1021 39 4096 51
1095 13 4096 51
1181 9 4096 43
1232 22 4096 45
1312 24 4096 42
1406 25 4096 62
1487 23 4096 50
1552 35 4096 55
1649 38 4096 46
1708 41 4096 41
1782 43 4096 45
1870 7 4096 30
1941 14 4096 53
2029 15 4096 53
2120 17 4096 53
2188 18 4096 45
2249 21 4096 53
2310 26 4096 41
2372 27 4096 42
2453 29 4096 48
2503 31 4096 45
2563 32 4096 56
2619 33 4096 53
2674 40 4096 52
2768 42 4096 47
2830 44 4096 55
2885 19 4096 44
2964 28 4096 29
3035 30 4096 47
3126 1 4096 57
3216 47 4096 48
3293 2 4096 53
3344 45 4096 61
3442 10 4096 43
3496 37 4096 43
3595 3 4096 46
3656 34 4096 60
3746 36 4096 49
3802 5 4096 49
3852 6 4096 52
3945 46 4096 38
4024 11 4096 54
4086 39 4096 38
4160 13 4096 41
4249 9 4096 48
4310 22 4096 50
4410 24 4096 48
4510 25 4096 51
4571 23 4096 41
4637 35 4096 53
4713 38 4096 46
4805 41 4096 47
4901 43 4096 48
4960 7 4096 48
5034 14 4096 55
5133 15 4096 46
5203 17 4096 41
5274 18 4096 42
5360 21 4096 44
5454 26 4096 42
5511 27 4096 42
5586 29 4096 54
5671 31 4096 60
5732 32 4096 41
5808 33 4096 43
5888 40 4096 40
5950 42 4096 48
6042 44 4096 40
6125 19 4096 41
6176 28 4096 51
6250 30 4096 42
6303 1 4096 45
6371 47 4096 60
6448 2 4096 39
6532 45 4096 50
6591 10 4096 31
6671 37 4096 50
6745 3 4096 45
6840 34 4096 50
6916 36 4096 57
6979 5 4096 41
7030 6 4096 46
7093 46 4096 52
7149 11 4096 38
7231 39 4096 50
7291 13 4096 48
7379 9 4096 60
7459 22 4096 53
7546 24 4096 44
7611 25 4096 38
7696 23 4096 44
7779 35 4096 38
7852 38 4096 42
7903 41 4096 52
7969 43 4096 60
8069 7 4096 44
8123 14 4096 47
8208 15 4096 53
8274 17 4096 42
8364 18 4096 54
8444 21 4096 43
8543 26 4096 35
8594 27 4096 50
8666 29 4096 43
8731 31 4096 48
8794 32 4096 55
8869 33 4096 47
8926 40 4096 53
9019 42 4096 43
9115 44 4096 62
9203 19 4096 50
9270 28 4096 49
9370 30 4096 66
9428 1 4096 61
9522 47 4096 38
