0 4 4096 43
99 11 4096 45
176 15 4096 47
266 18 4096 50
321 29 4096 47
403 31 4096 43
503 40 4096 42
566 45 4096 42
646 3 4096 40
706 8 4096 52
778 14 4096 46
828 21 4096 45
925 28 4096 46
1021 35 4096 51
1095 39 4096 51
1181 42 4096 43
1232 5 4096 45
1312 6 4096 42
1406 13 4096 62
1487 20 4096 50
1552 26 4096 55
1649 30 4096 46
1708 38 4096 41
1782 44 4096 45
1870 2 4096 30
1941 9 4096 53
2029 16 4096 53
2120 23 4096 53
2188 25 4096 45
2249 32 4096 53
2310 41 4096 41
2372 43 4096 42
2453 1 4096 48
2503 7 4096 45
2563 17 4096 56
2619 19 4096 53
2674 27 4096 52
2768 33 4096 47
2830 37 4096 55
2885 47 4096 44
2964 3 4096 29
3035 6 4096 47
3126 15 4096 57
3216 21 4096 48
3293 29 4096 53
3344 32 4096 61
3442 37 4096 43
3496 45 4096 43
3595 5 4096 46
3656 7 4096 60
3746 16 4096 49
3802 20 4096 49
3852 26 4096 52
3945 33 4096 38
4024 40 4096 54
4086 44 4096 38
4160 4 4096 41
4249 9 4096 48
4310 13 4096 50
4410 18 4096 48
4510 28 4096 51
4571 35 4096 41
4637 39 4096 53
4713 47 4096 46
4805 2 4096 47
4901 11 4096 48
4960 14 4096 48
5034 23 4096 55
5133 25 4096 46
5203 30 4096 41
5274 41 4096 42
5360 43 4096 44
5454 1 4096 42
5511 8 4096 42
5586 17 4096 54
5671 19 4096 60
5732 27 4096 41
5808 31 4096 43
5888 38 4096 40
5950 42 4096 48
6042 2 4096 40
6125 6 4096 41
6176 14 4096 51
6250 20 4096 42
6303 27 4096 45
6371 31 4096 60
6448 39 4096 39
6532 44 4096 50
6591 4 4096 31
6671 11 4096 50
6745 16 4096 45
6840 18 4096 50
6916 25 4096 57
6979 33 4096 41
7030 41 4096 46
7093 43 4096 52
7149 3 4096 38
7231 9 4096 50
7291 17 4096 48
7379 23 4096 60
7459 28 4096 53
7546 32 4096 44
7611 38 4096 38
7696 45 4096 44
7779 5 4096 38
7852 7 4096 42
7903 13 4096 52
7969 19 4096 60
8069 29 4096 44
8123 30 4096 47
8208 40 4096 53
8274 47 4096 42
8364 1 4096 54
8444 8 4096 43
8543 15 4096 35
8594 21 4096 50
8666 26 4096 43
8731 35 4096 48
8794 37 4096 55
8869 42 4096 47
8926 4 4096 53
9019 8 4096 43
9115 17 4096 62
9203 23 4096 50
9270 28 4096 49
9370 35 4096 66
9428 38 4096 61
9522 47 4096 38
