0 1 5.0 5 36
100 45 0.01 15 17
200 2 0.1 9 31
300 35 0.5 11 46
400 4 100.0 7 32
500 36 1.11 8 44
600 46 5.0 11 33
700 3 0.01 15 34
800 6 5.0 3 30
900 8 0.1 4 39
1000 39 100.0 14 27
1100 11 0.5 7 41
1200 12 0.01 3 34
1300 41 100.0 15 39
1400 13 0.9 6 30
1500 22 10.0 6 29
1600 23 1.11 13 29
1699 24 10.0 13 33
1797 25 0.9 10 12
1894 34 5.0 14 23
1989 38 100.0 3 22
2081 43 0.01 9 24
2169 9 1.11 15 34
2251 44 1.11 11 40
2327 5 1.11 3 32
2394 7 5.0 16 44
2452 14 0.01 15 32
2501 15 0.1 13 33
2540 18 0.5 10 36
2571 20 1.11 6 29
2594 21 0.01 15 47
2612 26 0.5 15 41
2628 27 100.0 14 39
2644 29 0.5 11 37
2662 31 100.0 13 42
2685 32 5.0 15 32
2715 33 1.11 12 28
2752 40 0.5 13 19
2798 42 1.11 3 34
2852 16 100.0 11 26
2915 17 5.0 7 39
2985 19 10.0 14 24
3062 28 0.9 10 48
3144 30 0.1 16 33
3231 1 100.0 15 34
3321 45 10.0 7 15
3414 2 1.11 8 22
3509 35 5.0 3 27
3606 4 0.01 16 38
3704 36 100.0 3 30
3803 46 0.1 4 26
3902 3 1.11 7 38
4001 6 0.01 10 23
4101 8 0.01 12 28
4201 39 0.1 15 42
4301 11 10.0 5 35
4401 12 1.11 13 29
4501 41 0.9 13 51
4601 13 100.0 5 38
4701 22 0.9 8 28
4801 23 0.9 16 35
4901 24 0.1 5 30
5001 25 0.1 9 36
5101 34 1.11 8 34
