0 18 4096 43
99 23 4096 45
176 31 4096 47
266 34 4096 50
321 21 4096 47
403 24 4096 43
503 19 4096 42
566 44 4096 42
646 32 4096 40
706 3 4096 52
778 6 4096 46
828 22 4096 45
925 41 4096 46
1021 1 4096 51
1095 2 4096 51
1181 30 4096 43
1232 9 4096 45
1312 15 4096 42
1406 8 4096 62
1487 42 4096 50
1552 46 4096 55
1649 26 4096 46
1708 35 4096 41
1782 28 4096 45
1870 38 4096 30
1941 20 4096 53
2029 11 4096 53
2120 39 4096 53
2188 14 4096 45
2249 36 4096 53
2310 5 4096 41
2372 27 4096 42
2453 7 4096 48
2503 12 4096 45
2563 45 4096 56
2619 43 4096 53
2674 29 4096 52
2768 17 4096 47
2830 25 4096 55
2885 33 4096 44
2964 40 4096 29
3035 16 4096 47
3126 13 4096 57
3216 4 4096 48
3293 14 4096 53
3344 44 4096 61
3442 28 4096 43
3496 38 4096 43
3595 1 4096 46
3656 17 4096 60
3746 29 4096 49
3802 16 4096 49
3852 33 4096 52
3945 43 4096 38
4024 12 4096 54
4086 41 4096 38
4160 25 4096 41
4249 18 4096 48
4310 36 4096 50
4410 9 4096 48
4510 42 4096 51
4571 46 4096 41
4637 39 4096 53
4713 34 4096 46
4805 31 4096 47
4901 45 4096 48
4960 5 4096 48
5034 21 4096 55
5133 15 4096 46
5203 24 4096 41
5274 30 4096 42
5360 26 4096 44
5454 27 4096 42
5511 4 4096 42
5586 40 4096 54
5671 22 4096 60
5732 2 4096 41
5808 35 4096 43
5888 8 4096 40
5950 32 4096 48
6042 6 4096 40
6125 7 4096 41
6176 19 4096 51
6250 23 4096 42
6303 3 4096 45
6371 13 4096 60
6448 11 4096 39
6532 20 4096 50
6591 18 4096 31
6671 3 4096 50
6745 1 4096 45
6840 20 4096 50
6916 34 4096 57
6979 4 4096 41
7030 38 4096 46
7093 16 4096 52
7149 22 4096 38
7231 23 4096 50
7291 27 4096 48
7379 25 4096 60
7459 24 4096 53
7546 42 4096 44
7611 5 4096 38
7696 46 4096 44
7779 31 4096 38
7852 9 4096 42
7903 21 4096 52
7969 28 4096 60
8069 13 4096 44
8123 29 4096 47
8208 44 4096 53
8274 43 4096 42
8364 12 4096 54
8444 17 4096 43
8543 11 4096 35
8594 6 4096 50
8666 2 4096 43
8731 7 4096 48
8794 32 4096 55
8869 35 4096 47
8926 8 4096 53
9019 15 4096 43
9115 19 4096 62
9203 30 4096 50
9270 45 4096 49
9370 36 4096 66
9428 39 4096 61
9522 41 4096 38
