0 18 5.0 5 111
99 27 0.01 15 88
176 35 0.1 9 102
266 6 0.5 11 91
321 42 100.0 7 91
403 13 1.11 8 90
503 31 5.0 11 91
566 29 0.01 15 81
646 22 5.0 3 88
706 3 0.1 4 86
778 41 100.0 14 106
828 7 0.5 7 99
925 1 0.01 3 96
1021 19 100.0 15 110
1095 11 0.9 6 90
1181 21 10.0 6 95
1232 43 1.11 13 99
1312 39 10.0 13 96
1406 30 0.9 10 104
1487 23 5.0 14 98
1552 2 100.0 3 93
1649 40 0.01 9 107
1708 10 1.11 15 99
1782 46 1.11 11 97
1870 38 1.11 3 95
1941 24 5.0 16 91
2029 5 0.01 15 101
2120 36 0.1 13 97
2188 44 0.5 10 104
2249 17 1.11 6 104
2310 26 0.01 15 96
2372 9 0.5 15 110
2453 28 100.0 14 105
2503 4 0.5 11 98
2563 8 100.0 13 105
2619 15 5.0 15 91
2674 12 1.11 12 103
2768 33 0.5 13 89
2830 32 1.11 3 96
2885 14 100.0 11 91
2964 34 5.0 7 109
3035 37 10.0 14 93
3126 25 0.9 10 88
3216 45 0.1 16 103
3293 20 100.0 15 87
3344 16 10.0 7 91
3442 31 1.11 8 114
3496 14 5.0 3 105
3595 45 0.01 16 86
3656 10 100.0 3 109
3746 2 0.1 4 92
3802 41 1.11 7 94
3852 23 0.01 10 88
3945 19 0.01 12 100
4024 11 0.1 15 92
4086 35 10.0 5 84
4160 44 1.11 13 80
4249 12 0.9 13 97
4310 25 100.0 5 101
4410 3 0.9 8 93
4510 15 0.9 16 87
4571 29 0.1 5 87
4637 28 0.1 9 88
4713 4 1.11 8 97
4805 27 0.9 14 99
4901 8 5.0 7 112
4960 40 10.0 10 97
5034 21 0.01 7 103
5133 13 5.0 5 97
5203 17 10.0 14 93
5274 46 0.5 13 102
5360 7 100.0 7 95
5454 18 0.9 16 99
5511 1 0.01 11 93
5586 32 0.1 16 96
5671 9 10.0 9 100
5732 37 0.9 12 99
5808 38 0.01 10 99
5888 43 0.1 14 103
5950 34 0.9 3 105
6042 33 0.01 15 83
6125 42 10.0 6 96
6176 22 0.1 9 99
6250 20 5.0 11 97
6303 26 0.01 6 94
6371 16 0.1 9 95
6448 36 5.0 5 91
6532 39 10.0 12 92
6591 24 1.11 15 86
6671 30 0.5 13 93
6745 6 0.9 6 94
6840 5 0.5 11 99
6916 2 5.0 7 99
6979 35 0.5 14 103
7030 25 100.0 16 86
7093 37 10.0 14 105
7149 3 0.1 10 93
7231 5 0.5 10 89
7291 34 0.9 14 93
7379 32 0.9 5 98
7459 16 0.9 15 84
7546 29 0.01 16 88
7611 27 1.11 6 85
7696 30 0.5 11 96
7779 36 5.0 5 97
7852 20 10.0 14 95
7903 39 0.01 14 95
7969 24 100.0 14 95
8069 31 0.9 10 106
8123 7 0.5 5 107
8208 43 1.11 13 92
8274 4 0.5 9 90
8364 13 10.0 13 91
8444 44 5.0 6 86
8543 41 0.1 13 101
8594 38 0.5 14 99
8666 12 100.0 14 95
8731 11 0.1 16 111
8794 14 100.0 6 92
8869 18 10.0 14 98
8926 23 5.0 16 98
9019 6 1.11 13 87
9115 33 0.9 14 95
9203 40 10.0 3 81
9270 26 0.1 10 84
9370 1 10.0 5 102
9428 21 0.5 6 96
9522 45 100.0 14 92
