0 1 5.0 5 8
100 47 0.01 15 28
200 2 0.1 9 17
300 45 0.5 11 17
400 10 100.0 7 17
500 37 1.11 8 10
600 3 5.0 11 11
700 34 0.01 15 12
800 36 5.0 3 12
900 5 0.1 4 23
1000 6 100.0 14 16
1100 46 0.5 7 20
1200 11 0.01 3 9
1300 39 100.0 15 15
1400 12 0.9 6 24
1500 13 10.0 6 18
1600 9 1.11 13 16
1699 22 10.0 13 22
1797 25 0.9 10 14
1894 23 5.0 14 17
1989 35 100.0 3 15
2081 38 0.01 9 22
2169 40 1.11 15 13
2251 41 1.11 11 17
2327 43 1.11 3 17
2394 7 5.0 16 22
2452 14 0.01 15 18
2501 15 0.1 13 16
2540 16 0.5 10 18
2571 18 1.11 6 16
2594 20 0.01 15 14
2612 21 0.5 15 20
2628 26 100.0 14 10
2644 27 0.5 11 13
2662 29 100.0 13 23
2685 31 5.0 15 14
2715 33 1.11 12 15
2752 42 0.5 13 14
2798 44 1.11 3 15
2852 17 100.0 11 24
2915 19 5.0 7 16
2985 30 10.0 14 12
3062 1 0.9 10 17
3144 47 0.1 16 18
3231 2 100.0 15 12
3321 45 10.0 7 12
3414 10 1.11 8 15
3509 37 5.0 3 20
3606 3 0.01 16 16
3704 34 100.0 3 15
3803 36 0.1 4 15
3902 5 1.11 7 21
4001 6 0.01 10 23
4101 46 0.01 12 14
4201 11 0.1 15 9
4301 39 10.0 5 19
4401 12 1.11 13 15
4501 13 0.9 13 15
4601 9 100.0 5 17
4701 22 0.9 8 14
4801 25 0.9 16 23
4901 23 0.1 5 21
5001 35 0.1 9 18
5101 38 1.11 8 15
