0 18 5.0 5 15
100 27 0.01 15 17
200 35 0.1 9 9
300 6 0.5 11 24
400 42 100.0 7 28
500 13 1.11 8 33
600 31 5.0 11 3
700 29 0.01 15 19
800 22 5.0 3 31
900 3 0.1 4 23
1000 41 100.0 14 11
1100 7 0.5 7 21
1200 1 0.01 3 8
1300 19 100.0 15 18
1400 11 0.9 6 7
1500 21 10.0 6 23
1600 43 1.11 13 -3
1699 39 10.0 13 26
1797 30 0.9 10 3
1894 23 5.0 14 22
1989 2 100.0 3 30
2081 40 0.01 9 29
2169 10 1.11 15 18
2251 46 1.11 11 8
2327 38 1.11 3 19
2394 24 5.0 16 21
2452 5 0.01 15 20
2501 36 0.1 13 15
2540 44 0.5 10 5
2571 17 1.11 6 19
2594 26 0.01 15 11
2612 9 0.5 15 4
2628 28 100.0 14 20
2644 4 0.5 11 23
2662 8 100.0 13 12
2685 15 5.0 15 5
2715 12 1.11 12 26
2752 33 0.5 13 12
2798 32 1.11 3 37
2852 14 100.0 11 10
2915 34 5.0 7 34
2985 37 10.0 14 23
3062 25 0.9 10 6
3144 45 0.1 16 14
3231 20 100.0 15 28
3321 16 10.0 7 24
3414 31 1.11 8 8
3509 14 5.0 3 0
3606 45 0.01 16 9
3704 10 100.0 3 18
3803 2 0.1 4 33
3902 41 1.11 7 21
4001 23 0.01 10 25
4101 19 0.01 12 5
4201 11 0.1 15 29
4301 35 10.0 5 6
4401 44 1.11 13 9
4501 12 0.9 13 22
4601 25 100.0 5 15
4701 3 0.9 8 1
4801 15 0.9 16 8
4901 29 0.1 5 20
5001 28 0.1 9 -4
5101 4 1.11 8 7
