0 21 4096 32
100 47 4096 33
200 1 4096 35
300 38 4096 37
400 19 4096 35
500 3 4096 32
600 44 4096 31
700 27 4096 31
800 16 4096 30
900 40 4096 39
1000 37 4096 34
1100 7 4096 33
1200 30 4096 34
1300 8 4096 38
1400 9 4096 38
1500 13 4096 32
1600 6 4096 33
1699 28 4096 31
1797 42 4096 46
1894 2 4096 37
1989 41 4096 41
2081 18 4096 34
2169 4 4096 30
2251 33 4096 33
2327 20 4096 22
2394 5 4096 39
2452 43 4096 39
2501 35 4096 39
2540 32 4096 33
2571 15 4096 39
2594 39 4096 30
2612 31 4096 31
2628 25 4096 36
2644 45 4096 33
2662 26 4096 42
2685 17 4096 39
2715 11 4096 39
2752 29 4096 35
2798 14 4096 41
2852 23 4096 33
2915 31 4096 21
2985 13 4096 35
3062 4 4096 42
3144 1 4096 36
3231 27 4096 39
3321 41 4096 45
3414 17 4096 32
3509 18 4096 32
3606 16 4096 34
3704 15 4096 45
3803 32 4096 36
3902 9 4096 36
4001 39 4096 39
4101 8 4096 28
4201 45 4096 40
4301 20 4096 28
4401 33 4096 30
4501 7 4096 36
4601 42 4096 37
4701 14 4096 36
4801 6 4096 38
4901 38 4096 30
5001 2 4096 39
5101 23 4096 34
5201 35 4096 35
5301 29 4096 36
5401 43 4096 36
5501 21 4096 41
5601 28 4096 34
5701 25 4096 30
5801 3 4096 31
5901 40 4096 33
6001 5 4096 31
6101 37 4096 31
6201 47 4096 40
6301 30 4096 45
6401 44 4096 30
6501 19 4096 32
6601 11 4096 30
6701 26 4096 36
6801 40 4096 30
6901 29 4096 30
7001 17 4096 38
7101 7 4096 31
7201 45 4096 33
7301 9 4096 45
7401 15 4096 29
7501 38 4096 37
7601 35 4096 23
7701 41 4096 37
7801 16 4096 33
7901 4 4096 37
8001 43 4096 42
8101 2 4096 30
8201 30 4096 34
8301 31 4096 39
8401 33 4096 28
8501 14 4096 37
8601 3 4096 36
8701 13 4096 45
8801 6 4096 39
8901 26 4096 33
9001 39 4096 28
9101 21 4096 33
9201 32 4096 28
9301 5 4096 31
9401 19 4096 39
9501 18 4096 45
9601 23 4096 33
9701 44 4096 35
9801 11 4096 39
9901 20 4096 31
10001 27 4096 40
10101 8 4096 32
10201 28 4096 26
10301 37 4096 37
10401 1 4096 32
10501 25 4096 36
10601 42 4096 41
10701 47 4096 35
10801 15 4096 39
10901 13 4096 32
11001 6 4096 46
11101 26 4096 37
11201 1 4096 36
11301 23 4096 49
11401 29 4096 45
11501 30 4096 28
