0 18 5.0 5 83
100 27 0.01 15 76
200 35 0.1 9 88
300 6 0.5 11 80
400 42 100.0 7 78
500 13 1.11 8 73
600 31 5.0 11 75
700 29 0.01 15 95
800 22 5.0 3 82
900 3 0.1 4 97
1000 41 100.0 14 91
1100 7 0.5 7 85
1200 1 0.01 3 94
1300 19 100.0 15 66
1400 11 0.9 6 84
1500 21 10.0 6 80
1600 43 1.11 13 82
1699 39 10.0 13 95
1797 30 0.9 10 68
1894 23 5.0 14 84
1989 2 100.0 3 76
2081 40 0.01 9 78
2169 10 1.11 15 77
2251 46 1.11 11 74
2327 38 1.11 3 81
2394 24 5.0 16 73
2452 5 0.01 15 75
2501 36 0.1 13 79
2540 44 0.5 10 72
2571 17 1.11 6 76
2594 26 0.01 15 73
2612 9 0.5 15 96
2628 28 100.0 14 81
2644 4 0.5 11 77
2662 8 100.0 13 72
2685 15 5.0 15 79
2715 12 1.11 12 67
2752 33 0.5 13 86
2798 32 1.11 3 75
2852 14 100.0 11 88
2915 34 5.0 7 81
2985 37 10.0 14 88
3062 25 0.9 10 84
3144 45 0.1 16 86
3231 20 100.0 15 82
3321 16 10.0 7 73
3414 31 1.11 8 82
3509 14 5.0 3 83
3606 45 0.01 16 76
3704 10 100.0 3 69
3803 2 0.1 4 81
3902 41 1.11 7 96
4001 23 0.01 10 88
4101 19 0.01 12 78
4201 11 0.1 15 71
4301 35 10.0 5 83
4401 44 1.11 13 86
4501 12 0.9 13 84
4601 25 100.0 5 89
4701 3 0.9 8 62
4801 15 0.9 16 92
4901 29 0.1 5 75
5001 28 0.1 9 64
5101 4 1.11 8 71
