0 1 4096 43
100 47 4096 45
200 2 4096 47
300 45 4096 50
400 10 4096 47
500 37 4096 43
600 3 4096 42
700 34 4096 42
800 36 4096 40
900 5 4096 52
1000 6 4096 46
1100 46 4096 45
1200 11 4096 46
1300 39 4096 51
1400 12 4096 51
1500 13 4096 43
1600 9 4096 45
1699 22 4096 42
1797 25 4096 62
1894 23 4096 50
1989 35 4096 55
2081 38 4096 46
2169 40 4096 41
2251 41 4096 45
2327 43 4096 30
2394 7 4096 53
2452 14 4096 53
2501 15 4096 53
2540 16 4096 45
2571 18 4096 53
2594 20 4096 41
2612 21 4096 42
2628 26 4096 48
2644 27 4096 45
2662 29 4096 56
2685 31 4096 53
2715 33 4096 52
2752 42 4096 47
2798 44 4096 55
2852 17 4096 44
2915 19 4096 29
2985 30 4096 47
3062 1 4096 57
3144 47 4096 48
3231 2 4096 53
3321 45 4096 61
3414 10 4096 43
3509 37 4096 43
3606 3 4096 46
3704 34 4096 60
3803 36 4096 49
3902 5 4096 49
4001 6 4096 52
4101 46 4096 38
4201 11 4096 54
4301 39 4096 38
4401 12 4096 41
4501 13 4096 48
4601 9 4096 50
4701 22 4096 48
4801 25 4096 51
4901 23 4096 41
5001 35 4096 53
5101 38 4096 46
5201 40 4096 47
5301 41 4096 48
5401 43 4096 48
5501 7 4096 55
5601 14 4096 46
5701 15 4096 41
5801 16 4096 42
5901 18 4096 44
6001 20 4096 42
6101 21 4096 42
6201 26 4096 54
6301 27 4096 60
6401 29 4096 41
6501 31 4096 43
6601 33 4096 40
6701 42 4096 48
6801 44 4096 40
6901 17 4096 41
7001 19 4096 51
7101 30 4096 42
7201 1 4096 45
7301 47 4096 60
7401 2 4096 39
7501 45 4096 50
7601 10 4096 31
7701 37 4096 50
7801 3 4096 45
7901 34 4096 50
8001 36 4096 57
8101 5 4096 41
8201 6 4096 46
8301 46 4096 52
8401 11 4096 38
8501 39 4096 50
8601 12 4096 48
8701 13 4096 60
8801 9 4096 53
8901 22 4096 44
9001 25 4096 38
9101 23 4096 44
9201 35 4096 38
9301 38 4096 42
9401 40 4096 52
9501 41 4096 60
9601 43 4096 44
9701 7 4096 47
9801 14 4096 53
9901 15 4096 42
10001 16 4096 54
10101 18 4096 43
10201 20 4096 35
10301 21 4096 50
10401 26 4096 43
10501 27 4096 48
10601 29 4096 55
10701 31 4096 47
10801 33 4096 53
10901 42 4096 43
11001 44 4096 62
11101 17 4096 50
11201 19 4096 49
11301 30 4096 66
11401 1 4096 61
11501 47 4096 38
