0 21 4096 43
100 47 4096 45
200 1 4096 47
300 38 4096 50
400 19 4096 47
500 3 4096 43
600 44 4096 42
700 27 4096 42
800 16 4096 40
900 40 4096 52
1000 37 4096 46
1100 7 4096 45
1200 30 4096 46
1300 8 4096 51
1400 9 4096 51
1500 13 4096 43
1600 6 4096 45
1699 28 4096 42
1797 42 4096 62
1894 2 4096 50
1989 41 4096 55
2081 18 4096 46
2169 4 4096 41
2251 33 4096 45
2327 20 4096 30
2394 5 4096 53
2452 43 4096 53
2501 35 4096 53
2540 32 4096 45
2571 15 4096 53
2594 39 4096 41
2612 31 4096 42
2628 25 4096 48
2644 45 4096 45
2662 26 4096 56
2685 17 4096 53
2715 11 4096 52
2752 29 4096 47
2798 14 4096 55
2852 23 4096 44
2915 31 4096 29
2985 13 4096 47
3062 4 4096 57
3144 1 4096 48
3231 27 4096 53
3321 41 4096 61
3414 17 4096 43
3509 18 4096 43
3606 16 4096 46
3704 15 4096 60
3803 32 4096 49
3902 9 4096 49
4001 39 4096 52
4101 8 4096 38
4201 45 4096 54
4301 20 4096 38
4401 33 4096 41
4501 7 4096 48
4601 42 4096 50
4701 14 4096 48
4801 6 4096 51
4901 38 4096 41
5001 2 4096 53
5101 23 4096 46
5201 35 4096 47
5301 29 4096 48
5401 43 4096 48
5501 21 4096 55
5601 28 4096 46
5701 25 4096 41
5801 3 4096 42
5901 40 4096 44
6001 5 4096 42
6101 37 4096 42
6201 47 4096 54
6301 30 4096 60
6401 44 4096 41
6501 19 4096 43
6601 11 4096 40
6701 26 4096 48
6801 40 4096 40
6901 29 4096 41
7001 17 4096 51
7101 7 4096 42
7201 45 4096 45
7301 9 4096 60
7401 15 4096 39
7501 38 4096 50
7601 35 4096 31
7701 41 4096 50
7801 16 4096 45
7901 4 4096 50
8001 43 4096 57
8101 2 4096 41
8201 30 4096 46
8301 31 4096 52
8401 33 4096 38
8501 14 4096 50
8601 3 4096 48
8701 13 4096 60
8801 6 4096 53
8901 26 4096 44
9001 39 4096 38
9101 21 4096 44
9201 32 4096 38
9301 5 4096 42
9401 19 4096 52
9501 18 4096 60
9601 23 4096 44
9701 44 4096 47
9801 11 4096 53
9901 20 4096 42
10001 27 4096 54
10101 8 4096 43
10201 28 4096 35
10301 37 4096 50
10401 1 4096 43
10501 25 4096 48
10601 42 4096 55
10701 47 4096 47
10801 15 4096 53
10901 13 4096 43
11001 6 4096 62
11101 26 4096 50
11201 1 4096 49
11301 23 4096 66
11401 29 4096 61
11501 30 4096 38
