0 1 5.0 5 122
99 45 0.01 15 107
176 10 0.1 9 113
266 36 0.5 11 114
321 2 100.0 7 113
403 23 1.11 8 122
503 37 5.0 11 123
566 46 0.01 15 123
646 4 5.0 3 112
706 3 0.1 4 113
778 43 100.0 14 110
828 6 0.5 7 108
925 8 0.01 3 109
1021 39 100.0 15 107
1095 11 0.9 6 97
1181 12 10.0 6 113
1232 13 1.11 13 106
1312 22 10.0 13 124
1406 24 0.9 10 110
1487 25 5.0 14 106
1552 33 100.0 3 124
1649 34 0.01 9 124
1708 35 1.11 15 105
1782 38 1.11 11 101
1870 41 1.11 3 116
1941 9 5.0 16 109
2029 5 0.01 15 108
2120 44 0.1 13 97
2188 7 0.5 10 109
2249 14 1.11 6 104
2310 15 0.01 15 109
2372 16 0.5 15 107
2453 18 100.0 14 124
2503 20 0.5 11 109
2563 21 100.0 13 121
2619 26 5.0 15 115
2674 27 1.11 12 114
2768 29 0.5 13 112
2830 31 1.11 3 121
2885 32 100.0 11 109
2964 40 5.0 7 119
3035 42 10.0 14 113
3126 17 0.9 10 111
3216 19 0.1 16 110
3293 28 100.0 15 109
3344 30 10.0 7 99
3442 1 1.11 8 120
3496 45 5.0 3 103
3595 10 0.01 16 116
3656 36 100.0 3 101
3746 2 0.1 4 113
3802 23 1.11 7 122
3852 37 0.01 10 127
3945 46 0.01 12 102
4024 4 0.1 15 108
4086 3 10.0 5 113
4160 43 1.11 13 123
4249 6 0.9 13 88
4310 8 100.0 5 111
4410 39 0.9 8 117
4510 11 0.9 16 116
4571 12 0.1 5 103
4637 13 0.1 9 93
4713 22 1.11 8 116
4805 24 0.9 14 93
4901 25 5.0 7 114
4960 33 10.0 10 102
5034 34 0.01 7 113
5133 35 5.0 5 115
5203 38 10.0 14 120
5274 41 0.5 13 114
5360 9 100.0 7 104
5454 5 0.9 16 113
5511 44 0.01 11 95
5586 7 0.1 16 115
5671 14 10.0 9 110
5732 15 0.9 12 117
5808 16 0.01 10 100
5888 18 0.1 14 105
5950 20 0.9 3 99
6042 21 0.01 15 118
6125 26 10.0 6 108
6176 27 0.1 9 92
6250 29 5.0 11 118
6303 31 0.01 6 120
6371 32 0.1 9 118
6448 40 5.0 5 117
6532 42 10.0 12 111
6591 17 1.11 15 96
6671 19 0.5 13 104
6745 28 0.9 6 112
6840 30 0.5 11 119
6916 1 5.0 7 112
6979 45 0.5 14 113
7030 10 100.0 16 109
7093 36 10.0 14 105
7149 2 0.1 10 116
7231 23 0.5 10 115
7291 37 0.9 14 114
7379 46 0.9 5 116
7459 4 0.9 15 120
7546 3 0.01 16 97
7611 43 1.11 6 111
7696 6 0.5 11 108
7779 8 5.0 5 93
7852 39 10.0 14 110
7903 11 0.01 14 115
7969 12 100.0 14 101
8069 13 0.9 10 94
8123 22 0.5 5 119
8208 24 1.11 13 116
8274 25 0.5 9 112
8364 33 10.0 13 122
8444 34 5.0 6 100
8543 35 0.1 13 109
8594 38 0.5 14 109
8666 41 100.0 14 113
8731 9 0.1 16 116
8794 5 100.0 6 113
8869 44 10.0 14 112
8926 7 5.0 16 109
9019 14 1.11 13 106
9115 15 0.9 14 101
9203 16 10.0 3 127
9270 18 0.1 10 111
9370 20 10.0 5 108
9428 21 0.5 6 113
9522 26 100.0 14 123
