0 14 5.0 5 58
100 3 0.01 15 72
200 16 0.1 9 61
300 9 0.5 11 60
400 22 100.0 7 64
500 7 1.11 8 64
600 44 5.0 11 76
700 11 0.01 15 54
800 26 5.0 3 56
900 13 0.1 4 60
1000 4 100.0 14 54
1100 21 0.5 7 55
1200 36 0.01 3 60
1300 25 100.0 15 71
1400 42 0.9 6 63
1500 27 10.0 6 68
1600 12 1.11 13 67
1699 19 10.0 13 69
1797 32 0.9 10 58
1894 17 5.0 14 64
1989 24 100.0 3 78
2081 37 0.01 9 65
2169 6 1.11 15 61
2251 41 1.11 11 75
2327 10 1.11 3 64
2394 35 5.0 16 62
2452 18 0.01 15 71
2501 29 0.1 13 71
2540 2 0.5 10 50
2571 1 1.11 6 61
2594 40 0.01 15 61
2612 23 0.5 15 67
2628 30 100.0 14 69
2644 39 0.5 11 75
2662 20 100.0 13 68
2685 43 5.0 15 66
2715 34 1.11 12 64
2752 33 0.5 13 69
2798 46 1.11 3 60
2852 45 100.0 11 57
2915 38 5.0 7 62
2985 15 10.0 14 78
3062 28 0.9 10 60
3144 31 0.1 16 82
3231 8 100.0 15 60
3321 5 10.0 7 64
3414 2 1.11 8 62
3509 43 5.0 3 64
3606 6 0.01 16 62
3704 9 100.0 3 62
3803 28 0.1 4 45
3902 3 1.11 7 69
4001 40 0.01 10 61
4101 35 0.01 12 58
4201 22 0.1 15 58
4301 13 10.0 5 81
4401 24 1.11 13 51
4501 11 0.9 13 63
4601 20 100.0 5 69
4701 25 0.9 8 72
4801 12 0.9 16 64
4901 21 0.1 5 57
5001 42 0.1 9 76
5101 31 1.11 8 65
5201 36 0.9 14 78
5301 39 5.0 7 69
5401 4 10.0 10 82
5501 45 0.01 7 64
5601 16 5.0 5 57
5701 23 10.0 14 71
5801 14 0.5 13 67
5901 19 100.0 7 82
6001 26 0.9 16 61
6101 29 0.01 11 53
6201 30 0.1 16 74
6301 27 10.0 9 63
6401 34 0.9 12 59
6501 7 0.01 10 76
6601 18 0.1 14 59
6701 41 0.9 3 67
6801 44 0.01 15 56
6901 1 10.0 6 69
7001 10 0.1 9 51
7101 5 5.0 11 82
7201 38 0.01 6 70
7301 33 0.1 9 55
7401 46 5.0 5 67
7501 17 10.0 12 48
7601 32 1.11 15 65
7701 15 0.5 13 64
7801 8 0.9 6 78
7901 37 0.5 11 69
8001 44 5.0 7 58
8101 45 0.5 14 67
8201 26 100.0 16 52
8301 17 10.0 14 55
8401 18 0.1 10 60
8501 1 0.5 10 68
8601 16 0.9 14 75
8701 29 0.9 5 55
8801 34 0.9 15 57
8901 33 0.01 16 72
9001 38 1.11 6 55
9101 5 0.5 11 62
9201 4 5.0 5 67
9301 3 10.0 14 70
9401 6 0.01 14 69
9501 31 100.0 14 81
9601 28 0.9 10 57
9701 19 0.5 5 79
9801 14 1.11 13 61
9901 21 0.5 9 61
10001 20 10.0 13 55
10101 9 5.0 6 58
10201 2 0.1 13 67
10301 35 0.5 14 63
10401 36 100.0 14 60
10501 37 0.1 16 61
10601 22 100.0 6 72
10701 41 10.0 14 57
10801 8 5.0 16 64
10901 43 1.11 13 63
11001 40 0.9 14 80
11101 39 10.0 3 64
11201 24 0.1 10 70
11301 23 10.0 5 52
11401 32 0.5 6 60
11501 27 100.0 14 63
