0 6 5.0 5 58
100 23 0.01 15 72
200 5 0.1 9 61
300 7 0.5 11 60
400 21 100.0 7 64
500 41 1.11 8 64
600 44 5.0 11 76
700 29 0.01 15 54
800 33 5.0 3 56
900 11 0.1 4 60
1000 26 100.0 14 54
1100 9 0.5 7 55
1200 19 0.01 3 60
1300 46 100.0 15 71
1400 16 0.9 6 63
1500 1 10.0 6 68
1600 40 1.11 13 67
1699 38 10.0 13 69
1797 15 0.9 10 58
1894 27 5.0 14 64
1989 2 100.0 3 78
2081 45 0.01 9 65
2169 17 1.11 15 61
2251 43 1.11 11 75
2327 18 1.11 3 64
2394 35 5.0 16 62
2452 3 0.01 15 71
2501 39 0.1 13 71
2540 37 0.5 10 50
2571 20 1.11 6 61
2594 12 0.01 15 61
2612 36 0.5 15 67
2628 34 100.0 14 69
2644 25 0.5 11 75
2662 47 100.0 13 68
2685 14 5.0 15 66
2715 42 1.11 12 64
2752 10 0.5 13 69
2798 31 1.11 3 60
2852 13 100.0 11 57
2915 22 5.0 7 62
2985 30 10.0 14 78
3062 20 0.9 10 60
3144 27 0.1 16 82
3231 40 100.0 15 60
3321 36 10.0 7 64
3414 6 1.11 8 62
3509 11 5.0 3 64
3606 38 0.01 16 62
3704 30 100.0 3 62
3803 10 0.1 4 45
3902 29 1.11 7 69
4001 46 0.01 10 61
4101 12 0.01 12 58
4201 37 0.1 15 58
4301 21 10.0 5 81
4401 43 1.11 13 51
4501 19 0.9 13 63
4601 18 100.0 5 69
4701 33 0.9 8 72
4801 25 0.9 16 64
4901 13 0.1 5 57
5001 9 0.1 9 76
5101 3 1.11 8 65
