0 14 4096 21
100 6 4096 22
200 21 4096 23
300 39 4096 25
400 40 4096 23
500 35 4096 21
600 3 4096 21
700 17 4096 21
800 9 4096 20
900 26 4096 26
1000 42 4096 23
1100 34 4096 22
1200 12 4096 23
1300 5 4096 25
1400 20 4096 25
1500 25 4096 21
1600 43 4096 22
1699 45 4096 21
1797 1 4096 31
1894 7 4096 25
1989 23 4096 27
2081 37 4096 23
2169 29 4096 20
2251 47 4096 22
2327 13 4096 15
2394 19 4096 26
2452 10 4096 26
2501 36 4096 26
2540 30 4096 22
2571 46 4096 26
2594 15 4096 20
2612 18 4096 21
2628 22 4096 24
2644 38 4096 22
2662 31 4096 28
2685 44 4096 26
2715 2 4096 26
2752 16 4096 23
2798 11 4096 27
2852 27 4096 22
2915 41 4096 14
2985 33 4096 23
3062 1 4096 28
3144 7 4096 24
3231 21 4096 26
3321 39 4096 30
3414 31 4096 21
3509 46 4096 21
3606 13 4096 23
3704 6 4096 30
3803 20 4096 24
3902 25 4096 24
4001 29 4096 26
4101 45 4096 19
4201 2 4096 27
4301 5 4096 19
4401 10 4096 20
4501 38 4096 24
4601 30 4096 25
4701 47 4096 24
4801 15 4096 25
4901 19 4096 20
5001 23 4096 26
5101 37 4096 23
5201 40 4096 23
5301 34 4096 24
5401 14 4096 24
5501 18 4096 27
5601 11 4096 23
5701 27 4096 20
5801 43 4096 21
5901 44 4096 22
6001 3 4096 21
6101 16 4096 21
6201 9 4096 27
6301 36 4096 30
6401 42 4096 20
6501 35 4096 21
6601 12 4096 20
6701 17 4096 24
6801 22 4096 20
6901 26 4096 20
7001 41 4096 25
7101 33 4096 21
7201 2 4096 22
7301 6 4096 30
7401 11 4096 19
7501 25 4096 25
7601 29 4096 15
7701 45 4096 25
7801 1 4096 22
7901 17 4096 25
8001 20 4096 28
8101 39 4096 20
8201 41 4096 23
8301 33 4096 26
8401 15 4096 19
8501 5 4096 25
8601 10 4096 24
8701 36 4096 30
8801 42 4096 26
8901 34 4096 22
9001 13 4096 19
9101 7 4096 22
9201 22 4096 19
9301 38 4096 21
9401 30 4096 26
9501 44 4096 30
9601 3 4096 22
9701 19 4096 23
9801 9 4096 26
9901 26 4096 21
10001 40 4096 27
10101 46 4096 21
10201 14 4096 17
10301 18 4096 25
10401 23 4096 21
10501 37 4096 24
10601 43 4096 27
10701 35 4096 23
10801 12 4096 26
10901 16 4096 21
11001 21 4096 31
11101 27 4096 25
11201 31 4096 24
11301 47 4096 33
11401 13 4096 30
11501 6 4096 19
