0 6 4096 32
100 23 4096 33
200 5 4096 35
300 7 4096 37
400 21 4096 35
500 41 4096 32
600 44 4096 31
700 29 4096 31
800 33 4096 30
900 11 4096 39
1000 26 4096 34
1100 9 4096 33
1200 19 4096 34
1300 46 4096 38
1400 16 4096 38
1500 1 4096 32
1600 40 4096 33
1699 38 4096 31
1797 15 4096 46
1894 27 4096 37
1989 2 4096 41
2081 45 4096 34
2169 17 4096 30
2251 43 4096 33
2327 18 4096 22
2394 35 4096 39
2452 3 4096 39
2501 39 4096 39
2540 37 4096 33
2571 20 4096 39
2594 12 4096 30
2612 36 4096 31
2628 34 4096 36
2644 25 4096 33
2662 47 4096 42
2685 14 4096 39
2715 42 4096 39
2752 10 4096 35
2798 31 4096 41
2852 13 4096 33
2915 22 4096 21
2985 30 4096 35
3062 20 4096 42
3144 27 4096 36
3231 40 4096 39
3321 36 4096 45
3414 6 4096 32
3509 11 4096 32
3606 38 4096 34
3704 30 4096 45
3803 10 4096 36
3902 29 4096 36
4001 46 4096 39
4101 12 4096 28
4201 37 4096 40
4301 21 4096 28
4401 43 4096 30
4501 19 4096 36
4601 18 4096 37
4701 33 4096 36
4801 25 4096 38
4901 13 4096 30
5001 9 4096 39
5101 3 4096 34
5201 15 4096 35
5301 39 4096 36
5401 22 4096 36
5501 47 4096 41
5601 7 4096 34
5701 2 4096 30
5801 41 4096 31
5901 16 4096 33
6001 44 4096 31
6101 17 4096 31
6201 14 4096 40
6301 31 4096 45
6401 1 4096 30
6501 34 4096 32
6601 23 4096 30
6701 45 4096 36
6801 35 4096 30
6901 5 4096 30
7001 26 4096 38
7101 42 4096 31
7201 34 4096 33
7301 12 4096 45
7401 31 4096 29
7501 41 4096 37
7601 16 4096 23
7701 40 4096 37
7801 35 4096 33
7901 17 4096 37
8001 43 4096 42
8101 39 4096 30
8201 21 4096 34
8301 26 4096 39
8401 23 4096 28
8501 36 4096 37
8601 1 4096 36
8701 3 4096 45
8801 13 4096 39
8901 14 4096 33
9001 37 4096 28
9101 6 4096 33
9201 46 4096 28
9301 42 4096 31
9401 45 4096 39
9501 15 4096 45
9601 47 4096 33
9701 9 4096 35
9801 29 4096 39
9901 18 4096 31
10001 27 4096 40
10101 10 4096 32
10201 38 4096 26
10301 33 4096 37
10401 30 4096 32
10501 7 4096 36
10601 5 4096 41
10701 11 4096 35
10801 25 4096 39
10901 22 4096 32
11001 20 4096 46
11101 44 4096 37
11201 19 4096 36
11301 2 4096 49
11401 31 4096 45
11501 26 4096 28
