0 14 4096 64
100 39 4096 67
200 8 4096 70
300 24 4096 75
400 40 4096 70
500 2 4096 64
600 1 4096 63
700 36 4096 63
800 44 4096 60
900 3 4096 78
1000 5 4096 69
1100 45 4096 67
1200 6 4096 69
1300 41 4096 76
1400 7 4096 76
1500 11 4096 64
1600 12 4096 67
1699 15 4096 63
1797 20 4096 93
1894 23 4096 75
1989 27 4096 82
2081 29 4096 69
2169 35 4096 61
2251 37 4096 67
2327 42 4096 45
2394 46 4096 79
2452 9 4096 79
2501 4 4096 79
2540 10 4096 67
2571 38 4096 79
2594 13 4096 61
2612 16 4096 63
2628 17 4096 72
2644 18 4096 67
2662 21 4096 84
2685 26 4096 79
2715 28 4096 78
2752 30 4096 70
2798 33 4096 82
2852 34 4096 66
2915 43 4096 43
2985 19 4096 70
3062 22 4096 85
3144 25 4096 72
3231 31 4096 79
3321 32 4096 91
3414 6 4096 64
3509 41 4096 64
3606 3 4096 69
3704 35 4096 90
3803 39 4096 73
3902 8 4096 73
4001 1 4096 78
4101 36 4096 57
4201 44 4096 81
4301 2 4096 57
4401 45 4096 61
4501 4 4096 72
4601 5 4096 75
4701 7 4096 72
4801 11 4096 76
4901 27 4096 61
5001 12 4096 79
5101 46 4096 69
5201 15 4096 70
5301 20 4096 72
5401 23 4096 72
5501 24 4096 82
5601 37 4096 69
5701 38 4096 61
5801 40 4096 63
5901 9 4096 66
6001 10 4096 63
6101 42 4096 63
6201 13 4096 81
6301 14 4096 90
6401 16 4096 61
6501 17 4096 64
6601 18 4096 60
6701 21 4096 72
6801 26 4096 60
6901 28 4096 61
7001 29 4096 76
7101 30 4096 63
7201 33 4096 67
7301 34 4096 90
7401 43 4096 58
7501 19 4096 75
7601 22 4096 46
7701 25 4096 75
7801 31 4096 67
7901 32 4096 75
8001 38 4096 85
8101 3 4096 61
8201 8 4096 69
8301 39 4096 78
8401 1 4096 57
8501 35 4096 75
8601 45 4096 72
8701 2 4096 90
8801 6 4096 79
8901 36 4096 66
9001 41 4096 57
9101 4 4096 66
9201 5 4096 57
9301 11 4096 63
9401 12 4096 78
9501 44 4096 90
9601 7 4096 66
9701 15 4096 70
9801 20 4096 79
9901 40 4096 63
10001 23 4096 81
10101 24 4096 64
10201 27 4096 52
10301 37 4096 75
10401 42 4096 64
10501 46 4096 72
10601 9 4096 82
10701 10 4096 70
10801 13 4096 79
10901 14 4096 64
11001 16 4096 93
11101 17 4096 75
11201 18 4096 73
11301 21 4096 99
11401 26 4096 91
11501 28 4096 57
