0 7 4096 43
100 31 4096 45
200 22 4096 47
300 3 4096 50
400 27 4096 47
500 39 4096 43
600 17 4096 42
700 19 4096 42
800 4 4096 40
900 26 4096 52
1000 16 4096 46
1100 24 4096 45
1200 38 4096 46
1300 28 4096 51
1400 35 4096 51
1500 5 4096 43
1600 9 4096 45
1699 40 4096 42
1797 8 4096 62
1894 1 4096 50
1989 21 4096 55
2081 2 4096 46
2169 13 4096 41
2251 29 4096 45
2327 37 4096 30
2394 10 4096 53
2452 46 4096 53
2501 44 4096 53
2540 14 4096 45
2571 34 4096 53
2594 30 4096 41
2612 15 4096 42
2628 6 4096 48
2644 43 4096 45
2662 18 4096 56
2685 20 4096 53
2715 23 4096 52
2752 45 4096 47
2798 25 4096 55
2852 12 4096 44
2915 42 4096 29
2985 41 4096 47
3062 11 4096 57
3144 36 4096 48
3231 32 4096 53
3321 33 4096 61
3414 4 4096 43
3509 20 4096 43
3606 33 4096 46
3704 22 4096 60
3803 25 4096 49
3902 36 4096 49
4001 34 4096 52
4101 35 4096 38
4201 32 4096 54
4301 40 4096 38
4401 8 4096 41
4501 18 4096 48
4601 11 4096 50
4701 17 4096 48
4801 3 4096 51
4901 43 4096 41
5001 5 4096 53
5101 28 4096 46
5201 24 4096 47
5301 39 4096 48
5401 13 4096 48
5501 19 4096 55
5601 10 4096 46
5701 29 4096 41
5801 27 4096 42
5901 41 4096 44
6001 23 4096 42
6101 26 4096 42
6201 2 4096 54
6301 21 4096 60
6401 31 4096 41
6501 9 4096 43
6601 42 4096 40
6701 16 4096 48
6801 1 4096 40
6901 12 4096 41
7001 14 4096 51
7101 30 4096 42
7201 15 4096 45
7301 45 4096 60
7401 44 4096 39
7501 46 4096 50
7601 38 4096 31
7701 37 4096 50
7801 6 4096 45
7901 7 4096 50
8001 31 4096 57
8101 27 4096 41
8201 11 4096 46
8301 9 4096 52
8401 45 4096 38
8501 32 4096 50
8601 7 4096 48
8701 40 4096 60
8801 18 4096 53
8901 24 4096 44
9001 39 4096 38
9101 41 4096 44
9201 23 4096 38
9301 28 4096 42
9401 4 4096 52
9501 42 4096 60
9601 25 4096 44
9701 6 4096 47
9801 34 4096 53
9901 22 4096 42
10001 13 4096 54
10101 21 4096 43
10201 26 4096 35
10301 43 4096 50
10401 10 4096 43
10501 20 4096 48
10601 30 4096 55
10701 17 4096 47
10801 12 4096 53
10901 1 4096 43
11001 19 4096 62
11101 8 4096 50
11201 38 4096 49
11301 2 4096 66
11401 35 4096 61
11501 36 4096 38
