0 16 5.0 5 36
100 18 0.01 15 17
200 27 0.1 9 31
300 31 0.5 11 46
400 2 100.0 7 32
500 19 1.11 8 44
600 24 5.0 11 33
700 42 0.01 15 34
800 5 5.0 3 30
900 21 0.1 4 39
1000 29 100.0 14 27
1100 34 0.5 7 41
1200 13 0.01 3 34
1300 9 100.0 15 39
1400 38 0.9 6 30
1500 44 10.0 6 29
1600 14 1.11 13 29
1699 6 10.0 13 33
1797 36 0.9 10 12
1894 45 5.0 14 23
1989 17 100.0 3 22
2081 20 0.01 9 24
2169 28 1.11 15 34
2251 46 1.11 11 40
2327 12 1.11 3 32
2394 8 5.0 16 44
2452 25 0.01 15 32
2501 43 0.1 13 33
2540 4 0.5 10 36
2571 11 1.11 6 29
2594 40 0.01 15 47
2612 32 0.5 15 41
2628 1 100.0 14 39
2644 7 0.5 11 37
2662 39 100.0 13 42
2685 30 5.0 15 32
2715 15 1.11 12 28
2752 22 0.5 13 19
2798 26 1.11 3 34
2852 33 100.0 11 26
2915 3 5.0 7 39
2985 23 10.0 14 24
3062 41 0.9 10 48
3144 35 0.1 16 33
3231 12 100.0 15 34
3321 20 10.0 7 15
3414 27 1.11 8 22
3509 42 5.0 3 27
3606 13 0.01 16 38
3704 7 100.0 3 30
3803 29 0.1 4 26
3902 31 1.11 7 38
4001 14 0.01 10 23
4101 6 0.01 12 28
4201 28 0.1 15 42
4301 45 10.0 5 35
4401 15 1.11 13 29
4501 18 0.9 13 51
4601 40 100.0 5 38
4701 44 0.9 8 28
4801 1 0.9 16 35
4901 11 0.1 5 30
5001 39 0.1 9 36
5101 30 1.11 8 34
