0 14 4096 43
100 6 4096 45
200 21 4096 47
300 39 4096 50
400 40 4096 47
500 35 4096 43
600 3 4096 42
700 17 4096 42
800 9 4096 40
900 26 4096 52
1000 42 4096 46
1100 34 4096 45
1200 12 4096 46
1300 5 4096 51
1400 20 4096 51
1500 25 4096 43
1600 43 4096 45
1699 45 4096 42
1797 1 4096 62
1894 7 4096 50
1989 23 4096 55
2081 37 4096 46
2169 29 4096 41
2251 47 4096 45
2327 13 4096 30
2394 19 4096 53
2452 10 4096 53
2501 36 4096 53
2540 30 4096 45
2571 46 4096 53
2594 15 4096 41
2612 18 4096 42
2628 22 4096 48
2644 38 4096 45
2662 31 4096 56
2685 44 4096 53
2715 2 4096 52
2752 16 4096 47
2798 11 4096 55
2852 27 4096 44
2915 41 4096 29
2985 33 4096 47
3062 1 4096 57
3144 7 4096 48
3231 21 4096 53
3321 39 4096 61
3414 31 4096 43
3509 46 4096 43
3606 13 4096 46
3704 6 4096 60
3803 20 4096 49
3902 25 4096 49
4001 29 4096 52
4101 45 4096 38
4201 2 4096 54
4301 5 4096 38
4401 10 4096 41
4501 38 4096 48
4601 30 4096 50
4701 47 4096 48
4801 15 4096 51
4901 19 4096 41
5001 23 4096 53
5101 37 4096 46
5201 40 4096 47
5301 34 4096 48
5401 14 4096 48
5501 18 4096 55
5601 11 4096 46
5701 27 4096 41
5801 43 4096 42
5901 44 4096 44
6001 3 4096 42
6101 16 4096 42
6201 9 4096 54
6301 36 4096 60
6401 42 4096 41
6501 35 4096 43
6601 12 4096 40
6701 17 4096 48
6801 22 4096 40
6901 26 4096 41
7001 41 4096 51
7101 33 4096 42
7201 2 4096 45
7301 6 4096 60
7401 11 4096 39
7501 25 4096 50
7601 29 4096 31
7701 45 4096 50
7801 1 4096 45
7901 17 4096 50
8001 20 4096 57
8101 39 4096 41
8201 41 4096 46
8301 33 4096 52
8401 15 4096 38
8501 5 4096 50
8601 10 4096 48
8701 36 4096 60
8801 42 4096 53
8901 34 4096 44
9001 13 4096 38
9101 7 4096 44
9201 22 4096 38
9301 38 4096 42
9401 30 4096 52
9501 44 4096 60
9601 3 4096 44
9701 19 4096 47
9801 9 4096 53
9901 26 4096 42
10001 40 4096 54
10101 46 4096 43
10201 14 4096 35
10301 18 4096 50
10401 23 4096 43
10501 37 4096 48
10601 43 4096 55
10701 35 4096 47
10801 12 4096 53
10901 16 4096 43
11001 21 4096 62
11101 27 4096 50
11201 31 4096 49
11301 47 4096 66
11401 13 4096 61
11501 6 4096 38
