0 18 5.0 5 8
100 27 0.01 15 28
200 35 0.1 9 17
300 6 0.5 11 17
400 42 100.0 7 17
500 13 1.11 8 10
600 31 5.0 11 11
700 29 0.01 15 12
800 22 5.0 3 12
900 3 0.1 4 23
1000 41 100.0 14 16
1100 7 0.5 7 20
1200 1 0.01 3 9
1300 19 100.0 15 15
1400 11 0.9 6 24
1500 21 10.0 6 18
1600 43 1.11 13 16
1699 39 10.0 13 22
1797 30 0.9 10 14
1894 23 5.0 14 17
1989 2 100.0 3 15
2081 40 0.01 9 22
2169 10 1.11 15 13
2251 46 1.11 11 17
2327 38 1.11 3 17
2394 24 5.0 16 22
2452 5 0.01 15 18
2501 36 0.1 13 16
2540 44 0.5 10 18
2571 17 1.11 6 16
2594 26 0.01 15 14
2612 9 0.5 15 20
2628 28 100.0 14 10
2644 4 0.5 11 13
2662 8 100.0 13 23
2685 15 5.0 15 14
2715 12 1.11 12 15
2752 33 0.5 13 14
2798 32 1.11 3 15
2852 14 100.0 11 24
2915 34 5.0 7 16
2985 37 10.0 14 12
3062 25 0.9 10 17
3144 45 0.1 16 18
3231 20 100.0 15 12
3321 16 10.0 7 12
3414 31 1.11 8 15
3509 14 5.0 3 20
3606 45 0.01 16 16
3704 10 100.0 3 15
3803 2 0.1 4 15
3902 41 1.11 7 21
4001 23 0.01 10 23
4101 19 0.01 12 14
4201 11 0.1 15 9
4301 35 10.0 5 19
4401 44 1.11 13 15
4501 12 0.9 13 15
4601 25 100.0 5 17
4701 3 0.9 8 14
4801 15 0.9 16 23
4901 29 0.1 5 21
5001 28 0.1 9 18
5101 4 1.11 8 15
5201 27 0.9 14 20
5301 8 5.0 7 10
5401 40 10.0 10 21
5501 21 0.01 7 27
5601 13 5.0 5 14
5701 17 10.0 14 18
5801 46 0.5 13 17
5901 7 100.0 7 13
6001 18 0.9 16 19
6101 1 0.01 11 20
6201 32 0.1 16 19
6301 9 10.0 9 13
6401 37 0.9 12 10
6501 38 0.01 10 13
6601 43 0.1 14 11
6701 34 0.9 3 15
6801 33 0.01 15 17
6901 42 10.0 6 17
7001 22 0.1 9 15
7101 20 5.0 11 16
7201 26 0.01 6 22
7301 16 0.1 9 16
7401 36 5.0 5 10
7501 39 10.0 12 20
7601 24 1.11 15 20
7701 30 0.5 13 16
7801 6 0.9 6 21
7901 5 0.5 11 28
8001 2 5.0 7 20
8101 35 0.5 14 19
8201 25 100.0 16 19
8301 37 10.0 14 14
8401 3 0.1 10 14
8501 5 0.5 10 13
8601 34 0.9 14 23
8701 32 0.9 5 13
8801 16 0.9 15 15
8901 29 0.01 16 13
9001 27 1.11 6 23
9101 30 0.5 11 16
9201 36 5.0 5 13
9301 20 10.0 14 17
9401 39 0.01 14 18
9501 24 100.0 14 11
9601 31 0.9 10 18
9701 7 0.5 5 16
9801 43 1.11 13 14
9901 4 0.5 9 18
10001 13 10.0 13 16
10101 44 5.0 6 22
10201 41 0.1 13 14
10301 38 0.5 14 13
10401 12 100.0 14 14
10501 11 0.1 16 20
10601 14 100.0 6 12
10701 18 10.0 14 15
10801 23 5.0 16 15
10901 6 1.11 13 14
11001 33 0.9 14 15
11101 40 10.0 3 17
11201 26 0.1 10 17
11301 1 10.0 5 17
11401 21 0.5 6 15
11501 45 100.0 14 18
