0 10 4096 64
100 37 4096 67
200 1 4096 70
300 46 4096 75
400 19 4096 70
500 4 4096 64
600 43 4096 63
700 24 4096 63
800 29 4096 60
900 9 4096 78
1000 22 4096 69
1100 38 4096 67
1200 14 4096 69
1300 32 4096 76
1400 2 4096 76
1500 8 4096 64
1600 11 4096 67
1699 36 4096 63
1797 25 4096 93
1894 35 4096 75
1989 6 4096 82
2081 39 4096 69
2169 41 4096 61
2251 12 4096 67
2327 23 4096 45
2394 44 4096 79
2452 45 4096 79
2501 3 4096 79
2540 5 4096 67
2571 7 4096 79
2594 13 4096 61
2612 15 4096 63
2628 18 4096 72
2644 20 4096 67
2662 21 4096 84
2685 26 4096 79
2715 27 4096 78
2752 31 4096 70
2798 33 4096 82
2852 34 4096 66
2915 40 4096 43
2985 42 4096 70
3062 16 4096 85
3144 17 4096 72
3231 28 4096 79
3321 30 4096 91
3414 34 4096 64
3509 1 4096 64
3606 39 4096 69
3704 8 4096 90
3803 17 4096 73
3902 45 4096 73
4001 24 4096 78
4101 31 4096 57
4201 2 4096 81
4301 11 4096 57
4401 36 4096 61
4501 46 4096 72
4601 5 4096 75
4701 14 4096 72
4801 18 4096 76
4901 21 4096 61
5001 27 4096 79
5101 40 4096 69
5201 10 4096 70
5301 37 4096 72
5401 4 4096 72
5501 6 4096 82
5601 25 4096 69
5701 22 4096 61
5801 35 4096 63
5901 41 4096 66
6001 43 4096 63
6101 12 4096 63
6201 3 4096 81
6301 7 4096 90
6401 44 4096 61
6501 9 4096 64
6601 13 4096 60
6701 15 4096 72
6801 20 4096 60
6901 23 4096 61
7001 26 4096 76
7101 29 4096 63
7201 32 4096 67
7301 33 4096 90
7401 38 4096 58
7501 42 4096 75
7601 16 4096 46
7701 19 4096 75
7801 28 4096 67
7901 30 4096 75
8001 11 4096 85
8101 37 4096 61
8201 2 4096 69
8301 46 4096 78
8401 28 4096 57
8501 12 4096 75
8601 43 4096 72
8701 18 4096 90
8801 6 4096 79
8901 23 4096 66
9001 24 4096 57
9101 38 4096 66
9201 5 4096 57
9301 31 4096 63
9401 32 4096 78
9501 15 4096 90
9601 10 4096 66
9701 1 4096 70
9801 8 4096 79
9901 45 4096 63
10001 25 4096 81
10101 35 4096 64
10201 4 4096 52
10301 36 4096 75
10401 39 4096 64
10501 22 4096 72
10601 41 4096 82
10701 3 4096 70
10801 7 4096 79
10901 44 4096 64
11001 9 4096 93
11101 13 4096 75
11201 14 4096 73
11301 20 4096 99
11401 21 4096 91
11501 26 4096 57
