0 1 4096 43
99 47 4096 45
176 2 4096 47
266 45 4096 50
321 3 4096 47
403 35 4096 43
503 37 4096 42
566 4 4096 42
646 6 4096 40
706 8 4096 52
778 39 4096 46
828 11 4096 45
925 13 4096 46
1021 23 4096 51
1095 25 4096 51
1181 33 4096 43
1232 38 4096 45
1312 41 4096 42
1406 9 4096 62
1487 43 4096 50
1552 5 4096 55
1649 7 4096 46
1708 44 4096 41
1782 14 4096 45
1870 15 4096 30
1941 16 4096 53
2029 18 4096 53
2120 20 4096 53
2188 21 4096 45
2249 26 4096 53
2310 27 4096 41
2372 29 4096 42
2453 32 4096 48
2503 40 4096 45
2563 42 4096 56
2619 17 4096 53
2674 19 4096 52
2768 28 4096 47
2830 30 4096 55
2885 31 4096 44
2964 1 4096 29
3035 47 4096 47
3126 2 4096 57
3216 45 4096 48
3293 3 4096 53
3344 35 4096 61
3442 37 4096 43
3496 4 4096 43
3595 6 4096 46
3656 8 4096 60
3746 39 4096 49
3802 11 4096 49
3852 13 4096 52
3945 23 4096 38
4024 25 4096 54
4086 33 4096 38
4160 38 4096 41
4249 41 4096 48
4310 9 4096 50
4410 43 4096 48
4510 5 4096 51
4571 7 4096 41
4637 44 4096 53
4713 14 4096 46
4805 15 4096 47
4901 16 4096 48
4960 18 4096 48
5034 20 4096 55
5133 21 4096 46
5203 26 4096 41
5274 27 4096 42
5360 29 4096 44
5454 32 4096 42
5511 40 4096 42
5586 42 4096 54
5671 17 4096 60
5732 19 4096 41
5808 28 4096 43
5888 30 4096 40
5950 31 4096 48
6042 1 4096 40
6125 47 4096 41
6176 2 4096 51
6250 45 4096 42
6303 3 4096 45
6371 35 4096 60
6448 37 4096 39
6532 4 4096 50
6591 6 4096 31
6671 8 4096 50
6745 39 4096 45
6840 11 4096 50
6916 13 4096 57
6979 23 4096 41
7030 25 4096 46
7093 33 4096 52
7149 38 4096 38
7231 41 4096 50
7291 9 4096 48
7379 43 4096 60
7459 5 4096 53
7546 7 4096 44
7611 44 4096 38
7696 14 4096 44
7779 15 4096 38
7852 16 4096 42
7903 18 4096 52
7969 20 4096 60
8069 21 4096 44
8123 26 4096 47
8208 27 4096 53
8274 29 4096 42
8364 32 4096 54
8444 40 4096 43
8543 42 4096 35
8594 17 4096 50
8666 19 4096 43
8731 28 4096 48
8794 30 4096 55
8869 31 4096 47
8926 1 4096 53
9019 47 4096 43
9115 2 4096 62
9203 45 4096 50
9270 3 4096 49
9370 35 4096 66
9428 37 4096 61
9522 4 4096 38
