0 14 5.0 5 83
100 3 0.01 15 76
200 16 0.1 9 88
300 9 0.5 11 80
400 22 100.0 7 78
500 7 1.11 8 73
600 44 5.0 11 75
700 11 0.01 15 95
800 26 5.0 3 82
900 13 0.1 4 97
1000 4 100.0 14 91
1100 21 0.5 7 85
1200 36 0.01 3 94
1300 25 100.0 15 66
1400 42 0.9 6 84
1500 27 10.0 6 80
1600 12 1.11 13 82
1699 19 10.0 13 95
1797 32 0.9 10 68
1894 17 5.0 14 84
1989 24 100.0 3 76
2081 37 0.01 9 78
2169 6 1.11 15 77
2251 41 1.11 11 74
2327 10 1.11 3 81
2394 35 5.0 16 73
2452 18 0.01 15 75
2501 29 0.1 13 79
2540 2 0.5 10 72
2571 1 1.11 6 76
2594 40 0.01 15 73
2612 23 0.5 15 96
2628 30 100.0 14 81
2644 39 0.5 11 77
2662 20 100.0 13 72
2685 43 5.0 15 79
2715 34 1.11 12 67
2752 33 0.5 13 86
2798 46 1.11 3 75
2852 45 100.0 11 88
2915 38 5.0 7 81
2985 15 10.0 14 88
3062 28 0.9 10 84
3144 31 0.1 16 86
3231 8 100.0 15 82
3321 5 10.0 7 73
3414 2 1.11 8 82
3509 43 5.0 3 83
3606 6 0.01 16 76
3704 9 100.0 3 69
3803 28 0.1 4 81
3902 3 1.11 7 96
4001 40 0.01 10 88
4101 35 0.01 12 78
4201 22 0.1 15 71
4301 13 10.0 5 83
4401 24 1.11 13 86
4501 11 0.9 13 84
4601 20 100.0 5 89
4701 25 0.9 8 62
4801 12 0.9 16 92
4901 21 0.1 5 75
5001 42 0.1 9 64
5101 31 1.11 8 71
