0 14 5.0 5 111
100 3 0.01 15 88
200 16 0.1 9 102
300 9 0.5 11 91
400 22 100.0 7 91
500 7 1.11 8 90
600 44 5.0 11 91
700 11 0.01 15 81
800 26 5.0 3 88
900 13 0.1 4 86
1000 4 100.0 14 106
1100 21 0.5 7 99
1200 36 0.01 3 96
1300 25 100.0 15 110
1400 42 0.9 6 90
1500 27 10.0 6 95
1600 12 1.11 13 99
1699 19 10.0 13 96
1797 32 0.9 10 104
1894 17 5.0 14 98
1989 24 100.0 3 93
2081 37 0.01 9 107
2169 6 1.11 15 99
2251 41 1.11 11 97
2327 10 1.11 3 95
2394 35 5.0 16 91
2452 18 0.01 15 101
2501 29 0.1 13 97
2540 2 0.5 10 104
2571 1 1.11 6 104
2594 40 0.01 15 96
2612 23 0.5 15 110
2628 30 100.0 14 105
2644 39 0.5 11 98
2662 20 100.0 13 105
2685 43 5.0 15 91
2715 34 1.11 12 103
2752 33 0.5 13 89
2798 46 1.11 3 96
2852 45 100.0 11 91
2915 38 5.0 7 109
2985 15 10.0 14 93
3062 28 0.9 10 88
3144 31 0.1 16 103
3231 8 100.0 15 87
3321 5 10.0 7 91
3414 2 1.11 8 114
3509 43 5.0 3 105
3606 6 0.01 16 86
3704 9 100.0 3 109
3803 28 0.1 4 92
3902 3 1.11 7 94
4001 40 0.01 10 88
4101 35 0.01 12 100
4201 22 0.1 15 92
4301 13 10.0 5 84
4401 24 1.11 13 80
4501 11 0.9 13 97
4601 20 100.0 5 101
4701 25 0.9 8 93
4801 12 0.9 16 87
4901 21 0.1 5 87
5001 42 0.1 9 88
5101 31 1.11 8 97
5201 36 0.9 14 99
5301 39 5.0 7 112
5401 4 10.0 10 97
5501 45 0.01 7 103
5601 16 5.0 5 97
5701 23 10.0 14 93
5801 14 0.5 13 102
5901 19 100.0 7 95
6001 26 0.9 16 99
6101 29 0.01 11 93
6201 30 0.1 16 96
6301 27 10.0 9 100
6401 34 0.9 12 99
6501 7 0.01 10 99
6601 18 0.1 14 103
6701 41 0.9 3 105
6801 44 0.01 15 83
6901 1 10.0 6 96
7001 10 0.1 9 99
7101 5 5.0 11 97
7201 38 0.01 6 94
7301 33 0.1 9 95
7401 46 5.0 5 91
7501 17 10.0 12 92
7601 32 1.11 15 86
7701 15 0.5 13 93
7801 8 0.9 6 94
7901 37 0.5 11 99
8001 44 5.0 7 99
8101 45 0.5 14 103
8201 26 100.0 16 86
8301 17 10.0 14 105
8401 18 0.1 10 93
8501 1 0.5 10 89
8601 16 0.9 14 93
8701 29 0.9 5 98
8801 34 0.9 15 84
8901 33 0.01 16 88
9001 38 1.11 6 85
9101 5 0.5 11 96
9201 4 5.0 5 97
9301 3 10.0 14 95
9401 6 0.01 14 95
9501 31 100.0 14 95
9601 28 0.9 10 106
9701 19 0.5 5 107
9801 14 1.11 13 92
9901 21 0.5 9 90
10001 20 10.0 13 91
10101 9 5.0 6 86
10201 2 0.1 13 101
10301 35 0.5 14 99
10401 36 100.0 14 95
10501 37 0.1 16 111
10601 22 100.0 6 92
10701 41 10.0 14 98
10801 8 5.0 16 98
10901 43 1.11 13 87
11001 40 0.9 14 95
11101 39 10.0 3 81
11201 24 0.1 10 84
11301 23 10.0 5 102
11401 32 0.5 6 96
11501 27 100.0 14 92
