0 1 5.0 5 83
100 45 0.01 15 76
200 10 0.1 9 88
300 36 0.5 11 80
400 2 100.0 7 78
500 23 1.11 8 73
600 37 5.0 11 75
700 46 0.01 15 95
800 4 5.0 3 82
900 3 0.1 4 97
1000 43 100.0 14 91
1100 6 0.5 7 85
1200 8 0.01 3 94
1300 39 100.0 15 66
1400 11 0.9 6 84
1500 12 10.0 6 80
1600 13 1.11 13 82
1699 22 10.0 13 95
1797 24 0.9 10 68
1894 25 5.0 14 84
1989 33 100.0 3 76
2081 34 0.01 9 78
2169 35 1.11 15 77
2251 38 1.11 11 74
2327 41 1.11 3 81
2394 9 5.0 16 73
2452 5 0.01 15 75
2501 44 0.1 13 79
2540 7 0.5 10 72
2571 14 1.11 6 76
2594 15 0.01 15 73
2612 16 0.5 15 96
2628 18 100.0 14 81
2644 20 0.5 11 77
2662 21 100.0 13 72
2685 26 5.0 15 79
2715 27 1.11 12 67
2752 29 0.5 13 86
2798 31 1.11 3 75
2852 32 100.0 11 88
2915 40 5.0 7 81
2985 42 10.0 14 88
3062 17 0.9 10 84
3144 19 0.1 16 86
3231 28 100.0 15 82
3321 30 10.0 7 73
3414 1 1.11 8 82
3509 45 5.0 3 83
3606 10 0.01 16 76
3704 36 100.0 3 69
3803 2 0.1 4 81
3902 23 1.11 7 96
4001 37 0.01 10 88
4101 46 0.01 12 78
4201 4 0.1 15 71
4301 3 10.0 5 83
4401 43 1.11 13 86
4501 6 0.9 13 84
4601 8 100.0 5 89
4701 39 0.9 8 62
4801 11 0.9 16 92
4901 12 0.1 5 75
5001 13 0.1 9 64
5101 22 1.11 8 71
5201 24 0.9 14 89
5301 25 5.0 7 74
5401 33 10.0 10 82
5501 34 0.01 7 83
5601 35 5.0 5 79
5701 38 10.0 14 98
5801 41 0.5 13 75
5901 9 100.0 7 81
6001 5 0.9 16 82
6101 44 0.01 11 71
6201 7 0.1 16 73
6301 14 10.0 9 81
6401 15 0.9 12 75
6501 16 0.01 10 78
6601 18 0.1 14 70
6701 20 0.9 3 79
6801 21 0.01 15 80
6901 26 10.0 6 80
7001 27 0.1 9 81
7101 29 5.0 11 74
7201 31 0.01 6 84
7301 32 0.1 9 90
7401 40 5.0 5 77
7501 42 10.0 12 85
7601 17 1.11 15 74
7701 19 0.5 13 77
7801 28 0.9 6 89
7901 30 0.5 11 70
8001 1 5.0 7 94
8101 45 0.5 14 81
8201 10 100.0 16 91
8301 36 10.0 14 96
8401 2 0.1 10 85
8501 23 0.5 10 85
8601 37 0.9 14 94
8701 46 0.9 5 77
8801 4 0.9 15 76
8901 3 0.01 16 78
9001 43 1.11 6 84
9101 6 0.5 11 82
9201 8 5.0 5 86
9301 39 10.0 14 86
9401 11 0.01 14 75
9501 12 100.0 14 86
9601 13 0.9 10 88
9701 22 0.5 5 83
9801 24 1.11 13 80
9901 25 0.5 9 92
10001 33 10.0 13 75
10101 34 5.0 6 80
10201 35 0.1 13 94
10301 38 0.5 14 85
10401 41 100.0 14 58
10501 9 0.1 16 99
10601 5 100.0 6 85
10701 44 10.0 14 86
10801 7 5.0 16 79
10901 14 1.11 13 78
11001 15 0.9 14 70
11101 16 10.0 3 84
11201 18 0.1 10 70
11301 20 10.0 5 72
11401 21 0.5 6 86
11501 26 100.0 14 64
