0 18 5.0 5 58
100 27 0.01 15 72
200 35 0.1 9 61
300 6 0.5 11 60
400 42 100.0 7 64
500 13 1.11 8 64
600 31 5.0 11 76
700 29 0.01 15 54
800 22 5.0 3 56
900 3 0.1 4 60
1000 41 100.0 14 54
1100 7 0.5 7 55
1200 1 0.01 3 60
1300 19 100.0 15 71
1400 11 0.9 6 63
1500 21 10.0 6 68
1600 43 1.11 13 67
1699 39 10.0 13 69
1797 30 0.9 10 58
1894 23 5.0 14 64
1989 2 100.0 3 78
2081 40 0.01 9 65
2169 10 1.11 15 61
2251 46 1.11 11 75
2327 38 1.11 3 64
2394 24 5.0 16 62
2452 5 0.01 15 71
2501 36 0.1 13 71
2540 44 0.5 10 50
2571 17 1.11 6 61
2594 26 0.01 15 61
2612 9 0.5 15 67
2628 28 100.0 14 69
2644 4 0.5 11 75
2662 8 100.0 13 68
2685 15 5.0 15 66
2715 12 1.11 12 64
2752 33 0.5 13 69
2798 32 1.11 3 60
2852 14 100.0 11 57
2915 34 5.0 7 62
2985 37 10.0 14 78
3062 25 0.9 10 60
3144 45 0.1 16 82
3231 20 100.0 15 60
3321 16 10.0 7 64
3414 31 1.11 8 62
3509 14 5.0 3 64
3606 45 0.01 16 62
3704 10 100.0 3 62
3803 2 0.1 4 45
3902 41 1.11 7 69
4001 23 0.01 10 61
4101 19 0.01 12 58
4201 11 0.1 15 58
4301 35 10.0 5 81
4401 44 1.11 13 51
4501 12 0.9 13 63
4601 25 100.0 5 69
4701 3 0.9 8 72
4801 15 0.9 16 64
4901 29 0.1 5 57
5001 28 0.1 9 76
5101 4 1.11 8 65
