0 18 5.0 5 8
100 23 0.01 15 28
200 31 0.1 9 17
300 34 0.5 11 17
400 21 100.0 7 17
500 24 1.11 8 10
600 19 5.0 11 11
700 44 0.01 15 12
800 32 5.0 3 12
900 3 0.1 4 23
1000 6 100.0 14 16
1100 22 0.5 7 20
1200 41 0.01 3 9
1300 1 100.0 15 15
1400 2 0.9 6 24
1500 30 10.0 6 18
1600 9 1.11 13 16
1699 15 10.0 13 22
1797 8 0.9 10 14
1894 42 5.0 14 17
1989 46 100.0 3 15
2081 26 0.01 9 22
2169 35 1.11 15 13
2251 28 1.11 11 17
2327 38 1.11 3 17
2394 20 5.0 16 22
2452 11 0.01 15 18
2501 39 0.1 13 16
2540 14 0.5 10 18
2571 36 1.11 6 16
2594 5 0.01 15 14
2612 27 0.5 15 20
2628 7 100.0 14 10
2644 12 0.5 11 13
2662 45 100.0 13 23
2685 43 5.0 15 14
2715 29 1.11 12 15
2752 17 0.5 13 14
2798 25 1.11 3 15
2852 33 100.0 11 24
2915 40 5.0 7 16
2985 16 10.0 14 12
3062 13 0.9 10 17
3144 4 0.1 16 18
3231 14 100.0 15 12
3321 44 10.0 7 12
3414 28 1.11 8 15
3509 38 5.0 3 20
3606 1 0.01 16 16
3704 17 100.0 3 15
3803 29 0.1 4 15
3902 16 1.11 7 21
4001 33 0.01 10 23
4101 43 0.01 12 14
4201 12 0.1 15 9
4301 41 10.0 5 19
4401 25 1.11 13 15
4501 18 0.9 13 15
4601 36 100.0 5 17
4701 9 0.9 8 14
4801 42 0.9 16 23
4901 46 0.1 5 21
5001 39 0.1 9 18
5101 34 1.11 8 15
