0 4 4096 32
100 11 4096 33
200 15 4096 35
300 18 4096 37
400 29 4096 35
500 31 4096 32
600 40 4096 31
700 45 4096 31
800 3 4096 30
900 8 4096 39
1000 14 4096 34
1100 21 4096 33
1200 28 4096 34
1300 35 4096 38
1400 39 4096 38
1500 42 4096 32
1600 5 4096 33
1699 6 4096 31
1797 13 4096 46
1894 20 4096 37
1989 26 4096 41
2081 30 4096 34
2169 38 4096 30
2251 44 4096 33
2327 2 4096 22
2394 9 4096 39
2452 16 4096 39
2501 23 4096 39
2540 25 4096 33
2571 32 4096 39
2594 41 4096 30
2612 43 4096 31
2628 1 4096 36
2644 7 4096 33
2662 17 4096 42
2685 19 4096 39
2715 27 4096 39
2752 33 4096 35
2798 37 4096 41
2852 47 4096 33
2915 3 4096 21
2985 6 4096 35
3062 15 4096 42
3144 21 4096 36
3231 29 4096 39
3321 32 4096 45
3414 37 4096 32
3509 45 4096 32
3606 5 4096 34
3704 7 4096 45
3803 16 4096 36
3902 20 4096 36
4001 26 4096 39
4101 33 4096 28
4201 40 4096 40
4301 44 4096 28
4401 4 4096 30
4501 9 4096 36
4601 13 4096 37
4701 18 4096 36
4801 28 4096 38
4901 35 4096 30
5001 39 4096 39
5101 47 4096 34
5201 2 4096 35
5301 11 4096 36
5401 14 4096 36
5501 23 4096 41
5601 25 4096 34
5701 30 4096 30
5801 41 4096 31
5901 43 4096 33
6001 1 4096 31
6101 8 4096 31
6201 17 4096 40
6301 19 4096 45
6401 27 4096 30
6501 31 4096 32
6601 38 4096 30
6701 42 4096 36
6801 2 4096 30
6901 6 4096 30
7001 14 4096 38
7101 20 4096 31
7201 27 4096 33
7301 31 4096 45
7401 39 4096 29
7501 44 4096 37
7601 4 4096 23
7701 11 4096 37
7801 16 4096 33
7901 18 4096 37
8001 25 4096 42
8101 33 4096 30
8201 41 4096 34
8301 43 4096 39
8401 3 4096 28
8501 9 4096 37
8601 17 4096 36
8701 23 4096 45
8801 28 4096 39
8901 32 4096 33
9001 38 4096 28
9101 45 4096 33
9201 5 4096 28
9301 7 4096 31
9401 13 4096 39
9501 19 4096 45
9601 29 4096 33
9701 30 4096 35
9801 40 4096 39
9901 47 4096 31
10001 1 4096 40
10101 8 4096 32
10201 15 4096 26
10301 21 4096 37
10401 26 4096 32
10501 35 4096 36
10601 37 4096 41
10701 42 4096 35
10801 4 4096 39
10901 8 4096 32
11001 17 4096 46
11101 23 4096 37
11201 28 4096 36
11301 35 4096 49
11401 38 4096 45
11501 47 4096 28
