0 18 5.0 5 58
99 27 0.01 15 72
176 35 0.1 9 61
266 6 0.5 11 60
321 42 100.0 7 64
403 13 1.11 8 64
503 31 5.0 11 76
566 29 0.01 15 54
646 22 5.0 3 56
706 3 0.1 4 60
778 41 100.0 14 54
828 7 0.5 7 55
925 1 0.01 3 60
1021 19 100.0 15 71
1095 11 0.9 6 63
1181 21 10.0 6 68
1232 43 1.11 13 67
1312 39 10.0 13 69
1406 30 0.9 10 58
1487 23 5.0 14 64
1552 2 100.0 3 78
1649 40 0.01 9 65
1708 10 1.11 15 61
1782 46 1.11 11 75
1870 38 1.11 3 64
1941 24 5.0 16 62
2029 5 0.01 15 71
2120 36 0.1 13 71
2188 44 0.5 10 50
2249 17 1.11 6 61
2310 26 0.01 15 61
2372 9 0.5 15 67
2453 28 100.0 14 69
2503 4 0.5 11 75
2563 8 100.0 13 68
2619 15 5.0 15 66
2674 12 1.11 12 64
2768 33 0.5 13 69
2830 32 1.11 3 60
2885 14 100.0 11 57
2964 34 5.0 7 62
3035 37 10.0 14 78
3126 25 0.9 10 60
3216 45 0.1 16 82
3293 20 100.0 15 60
3344 16 10.0 7 64
3442 31 1.11 8 62
3496 14 5.0 3 64
3595 45 0.01 16 62
3656 10 100.0 3 62
3746 2 0.1 4 45
3802 41 1.11 7 69
3852 23 0.01 10 61
3945 19 0.01 12 58
4024 11 0.1 15 58
4086 35 10.0 5 81
4160 44 1.11 13 51
4249 12 0.9 13 63
4310 25 100.0 5 69
4410 3 0.9 8 72
4510 15 0.9 16 64
4571 29 0.1 5 57
4637 28 0.1 9 76
4713 4 1.11 8 65
4805 27 0.9 14 78
4901 8 5.0 7 69
4960 40 10.0 10 82
5034 21 0.01 7 64
5133 13 5.0 5 57
5203 17 10.0 14 71
5274 46 0.5 13 67
5360 7 100.0 7 82
5454 18 0.9 16 61
5511 1 0.01 11 53
5586 32 0.1 16 74
5671 9 10.0 9 63
5732 37 0.9 12 59
5808 38 0.01 10 76
5888 43 0.1 14 59
5950 34 0.9 3 67
6042 33 0.01 15 56
6125 42 10.0 6 69
6176 22 0.1 9 51
6250 20 5.0 11 82
6303 26 0.01 6 70
6371 16 0.1 9 55
6448 36 5.0 5 67
6532 39 10.0 12 48
6591 24 1.11 15 65
6671 30 0.5 13 64
6745 6 0.9 6 78
6840 5 0.5 11 69
6916 2 5.0 7 58
6979 35 0.5 14 67
7030 25 100.0 16 52
7093 37 10.0 14 55
7149 3 0.1 10 60
7231 5 0.5 10 68
7291 34 0.9 14 75
7379 32 0.9 5 55
7459 16 0.9 15 57
7546 29 0.01 16 72
7611 27 1.11 6 55
7696 30 0.5 11 62
7779 36 5.0 5 67
7852 20 10.0 14 70
7903 39 0.01 14 69
7969 24 100.0 14 81
8069 31 0.9 10 57
8123 7 0.5 5 79
8208 43 1.11 13 61
8274 4 0.5 9 61
8364 13 10.0 13 55
8444 44 5.0 6 58
8543 41 0.1 13 67
8594 38 0.5 14 63
8666 12 100.0 14 60
8731 11 0.1 16 61
8794 14 100.0 6 72
8869 18 10.0 14 57
8926 23 5.0 16 64
9019 6 1.11 13 63
9115 33 0.9 14 80
9203 40 10.0 3 64
9270 26 0.1 10 70
9370 1 10.0 5 52
9428 21 0.5 6 60
9522 45 100.0 14 63
