0 7 4096 129
100 31 4096 135
200 22 4096 141
300 3 4096 150
400 27 4096 141
500 39 4096 129
600 17 4096 126
700 19 4096 126
800 4 4096 120
900 26 4096 156
1000 16 4096 138
1100 24 4096 135
1200 38 4096 138
1300 28 4096 153
1400 35 4096 153
1500 5 4096 129
1600 9 4096 135
1699 40 4096 126
1797 8 4096 186
1894 1 4096 150
1989 21 4096 165
2081 2 4096 138
2169 13 4096 123
2251 29 4096 135
2327 37 4096 90
2394 10 4096 159
2452 46 4096 159
2501 44 4096 159
2540 14 4096 135
2571 34 4096 159
2594 30 4096 123
2612 15 4096 126
2628 6 4096 144
2644 43 4096 135
2662 18 4096 168
2685 20 4096 159
2715 23 4096 156
2752 45 4096 141
2798 25 4096 165
2852 12 4096 132
2915 42 4096 87
2985 41 4096 141
3062 11 4096 171
3144 36 4096 144
3231 32 4096 159
3321 33 4096 183
3414 4 4096 129
3509 20 4096 129
3606 33 4096 138
3704 22 4096 180
3803 25 4096 147
3902 36 4096 147
4001 34 4096 156
4101 35 4096 114
4201 32 4096 162
4301 40 4096 114
4401 8 4096 123
4501 18 4096 144
4601 11 4096 150
4701 17 4096 144
4801 3 4096 153
4901 43 4096 123
5001 5 4096 159
5101 28 4096 138
5201 24 4096 141
5301 39 4096 144
5401 13 4096 144
5501 19 4096 165
5601 10 4096 138
5701 29 4096 123
5801 27 4096 126
5901 41 4096 132
6001 23 4096 126
6101 26 4096 126
6201 2 4096 162
6301 21 4096 180
6401 31 4096 123
6501 9 4096 129
6601 42 4096 120
6701 16 4096 144
6801 1 4096 120
6901 12 4096 123
7001 14 4096 153
7101 30 4096 126
7201 15 4096 135
7301 45 4096 180
7401 44 4096 117
7501 46 4096 150
7601 38 4096 93
7701 37 4096 150
7801 6 4096 135
7901 7 4096 150
8001 31 4096 171
8101 27 4096 123
8201 11 4096 138
8301 9 4096 156
8401 45 4096 114
8501 32 4096 150
8601 7 4096 144
8701 40 4096 180
8801 18 4096 159
8901 24 4096 132
9001 39 4096 114
9101 41 4096 132
9201 23 4096 114
9301 28 4096 126
9401 4 4096 156
9501 42 4096 180
9601 25 4096 132
9701 6 4096 141
9801 34 4096 159
9901 22 4096 126
10001 13 4096 162
10101 21 4096 129
10201 26 4096 105
10301 43 4096 150
10401 10 4096 129
10501 20 4096 144
10601 30 4096 165
10701 17 4096 141
10801 12 4096 159
10901 1 4096 129
11001 19 4096 186
11101 8 4096 150
11201 38 4096 147
11301 2 4096 198
11401 35 4096 183
11501 36 4096 114
