0 18 4096 32
100 23 4096 33
200 31 4096 35
300 34 4096 37
400 21 4096 35
500 24 4096 32
600 19 4096 31
700 44 4096 31
800 32 4096 30
900 3 4096 39
1000 6 4096 34
1100 22 4096 33
1200 41 4096 34
1300 1 4096 38
1400 2 4096 38
1500 30 4096 32
1600 9 4096 33
1699 15 4096 31
1797 8 4096 46
1894 42 4096 37
1989 46 4096 41
2081 26 4096 34
2169 35 4096 30
2251 28 4096 33
2327 38 4096 22
2394 20 4096 39
2452 11 4096 39
2501 39 4096 39
2540 14 4096 33
2571 36 4096 39
2594 5 4096 30
2612 27 4096 31
2628 7 4096 36
2644 12 4096 33
2662 45 4096 42
2685 43 4096 39
2715 29 4096 39
2752 17 4096 35
2798 25 4096 41
2852 33 4096 33
2915 40 4096 21
2985 16 4096 35
3062 13 4096 42
3144 4 4096 36
3231 14 4096 39
3321 44 4096 45
3414 28 4096 32
3509 38 4096 32
3606 1 4096 34
3704 17 4096 45
3803 29 4096 36
3902 16 4096 36
4001 33 4096 39
4101 43 4096 28
4201 12 4096 40
4301 41 4096 28
4401 25 4096 30
4501 18 4096 36
4601 36 4096 37
4701 9 4096 36
4801 42 4096 38
4901 46 4096 30
5001 39 4096 39
5101 34 4096 34
5201 31 4096 35
5301 45 4096 36
5401 5 4096 36
5501 21 4096 41
5601 15 4096 34
5701 24 4096 30
5801 30 4096 31
5901 26 4096 33
6001 27 4096 31
6101 4 4096 31
6201 40 4096 40
6301 22 4096 45
6401 2 4096 30
6501 35 4096 32
6601 8 4096 30
6701 32 4096 36
6801 6 4096 30
6901 7 4096 30
7001 19 4096 38
7101 23 4096 31
7201 3 4096 33
7301 13 4096 45
7401 11 4096 29
7501 20 4096 37
7601 18 4096 23
7701 3 4096 37
7801 1 4096 33
7901 20 4096 37
8001 34 4096 42
8101 4 4096 30
8201 38 4096 34
8301 16 4096 39
8401 22 4096 28
8501 23 4096 37
8601 27 4096 36
8701 25 4096 45
8801 24 4096 39
8901 42 4096 33
9001 5 4096 28
9101 46 4096 33
9201 31 4096 28
9301 9 4096 31
9401 21 4096 39
9501 28 4096 45
9601 13 4096 33
9701 29 4096 35
9801 44 4096 39
9901 43 4096 31
10001 12 4096 40
10101 17 4096 32
10201 11 4096 26
10301 6 4096 37
10401 2 4096 32
10501 7 4096 36
10601 32 4096 41
10701 35 4096 35
10801 8 4096 39
10901 15 4096 32
11001 19 4096 46
11101 30 4096 37
11201 45 4096 36
11301 36 4096 49
11401 39 4096 45
11501 41 4096 28
