0 18 5.0 5 36
100 23 0.01 15 17
200 31 0.1 9 31
300 34 0.5 11 46
400 21 100.0 7 32
500 24 1.11 8 44
600 19 5.0 11 33
700 44 0.01 15 34
800 32 5.0 3 30
900 3 0.1 4 39
1000 6 100.0 14 27
1100 22 0.5 7 41
1200 41 0.01 3 34
1300 1 100.0 15 39
1400 2 0.9 6 30
1500 30 10.0 6 29
1600 9 1.11 13 29
1699 15 10.0 13 33
1797 8 0.9 10 12
1894 42 5.0 14 23
1989 46 100.0 3 22
2081 26 0.01 9 24
2169 35 1.11 15 34
2251 28 1.11 11 40
2327 38 1.11 3 32
2394 20 5.0 16 44
2452 11 0.01 15 32
2501 39 0.1 13 33
2540 14 0.5 10 36
2571 36 1.11 6 29
2594 5 0.01 15 47
2612 27 0.5 15 41
2628 7 100.0 14 39
2644 12 0.5 11 37
2662 45 100.0 13 42
2685 43 5.0 15 32
2715 29 1.11 12 28
2752 17 0.5 13 19
2798 25 1.11 3 34
2852 33 100.0 11 26
2915 40 5.0 7 39
2985 16 10.0 14 24
3062 13 0.9 10 48
3144 4 0.1 16 33
3231 14 100.0 15 34
3321 44 10.0 7 15
3414 28 1.11 8 22
3509 38 5.0 3 27
3606 1 0.01 16 38
3704 17 100.0 3 30
3803 29 0.1 4 26
3902 16 1.11 7 38
4001 33 0.01 10 23
4101 43 0.01 12 28
4201 12 0.1 15 42
4301 41 10.0 5 35
4401 25 1.11 13 29
4501 18 0.9 13 51
4601 36 100.0 5 38
4701 9 0.9 8 28
4801 42 0.9 16 35
4901 46 0.1 5 30
5001 39 0.1 9 36
5101 34 1.11 8 34
