0 18 5.0 5 131
99 27 0.01 15 141
176 35 0.1 9 132
266 6 0.5 11 134
321 42 100.0 7 122
403 13 1.11 8 129
503 31 5.0 11 137
566 29 0.01 15 136
646 22 5.0 3 128
706 3 0.1 4 129
778 41 100.0 14 135
828 7 0.5 7 132
925 1 0.01 3 136
1021 19 100.0 15 117
1095 11 0.9 6 134
1181 21 10.0 6 134
1232 43 1.11 13 129
1312 39 10.0 13 144
1406 30 0.9 10 130
1487 23 5.0 14 140
1552 2 100.0 3 139
1649 40 0.01 9 137
1708 10 1.11 15 133
1782 46 1.11 11 126
1870 38 1.11 3 121
1941 24 5.0 16 128
2029 5 0.01 15 131
2120 36 0.1 13 128
2188 44 0.5 10 139
2249 17 1.11 6 132
2310 26 0.01 15 135
2372 9 0.5 15 138
2453 28 100.0 14 135
2503 4 0.5 11 122
2563 8 100.0 13 111
2619 15 5.0 15 127
2674 12 1.11 12 118
2768 33 0.5 13 123
2830 32 1.11 3 130
2885 14 100.0 11 142
2964 34 5.0 7 118
3035 37 10.0 14 127
3126 25 0.9 10 127
3216 45 0.1 16 127
3293 20 100.0 15 122
3344 16 10.0 7 128
3442 31 1.11 8 129
3496 14 5.0 3 132
3595 45 0.01 16 139
3656 10 100.0 3 133
3746 2 0.1 4 138
3802 41 1.11 7 128
3852 23 0.01 10 132
3945 19 0.01 12 126
4024 11 0.1 15 114
4086 35 10.0 5 133
4160 44 1.11 13 143
4249 12 0.9 13 149
4310 25 100.0 5 136
4410 3 0.9 8 134
4510 15 0.9 16 123
4571 29 0.1 5 141
4637 28 0.1 9 122
4713 4 1.11 8 138
4805 27 0.9 14 127
4901 8 5.0 7 142
4960 40 10.0 10 136
5034 21 0.01 7 134
5133 13 5.0 5 147
5203 17 10.0 14 125
5274 46 0.5 13 129
5360 7 100.0 7 142
5454 18 0.9 16 116
5511 1 0.01 11 126
5586 32 0.1 16 126
5671 9 10.0 9 119
5732 37 0.9 12 130
5808 38 0.01 10 131
5888 43 0.1 14 127
5950 34 0.9 3 123
6042 33 0.01 15 139
6125 42 10.0 6 131
6176 22 0.1 9 131
6250 20 5.0 11 134
6303 26 0.01 6 123
6371 16 0.1 9 139
6448 36 5.0 5 113
6532 39 10.0 12 136
6591 24 1.11 15 124
6671 30 0.5 13 129
6745 6 0.9 6 131
6840 5 0.5 11 116
6916 2 5.0 7 132
6979 35 0.5 14 137
7030 25 100.0 16 125
7093 37 10.0 14 119
7149 3 0.1 10 122
7231 5 0.5 10 122
7291 34 0.9 14 136
7379 32 0.9 5 123
7459 16 0.9 15 137
7546 29 0.01 16 129
7611 27 1.11 6 127
7696 30 0.5 11 117
7779 36 5.0 5 133
7852 20 10.0 14 130
7903 39 0.01 14 131
7969 24 100.0 14 142
8069 31 0.9 10 126
8123 7 0.5 5 136
8208 43 1.11 13 127
8274 4 0.5 9 137
8364 13 10.0 13 133
8444 44 5.0 6 119
8543 41 0.1 13 120
8594 38 0.5 14 127
8666 12 100.0 14 123
8731 11 0.1 16 154
8794 14 100.0 6 139
8869 18 10.0 14 131
8926 23 5.0 16 141
9019 6 1.11 13 144
9115 33 0.9 14 121
9203 40 10.0 3 128
9270 26 0.1 10 127
9370 1 10.0 5 126
9428 21 0.5 6 109
9522 45 100.0 14 132
