0 18 5.0 5 36
100 27 0.01 15 17
200 35 0.1 9 31
300 6 0.5 11 46
400 42 100.0 7 32
500 13 1.11 8 44
600 31 5.0 11 33
700 29 0.01 15 34
800 22 5.0 3 30
900 3 0.1 4 39
1000 41 100.0 14 27
1100 7 0.5 7 41
1200 1 0.01 3 34
1300 19 100.0 15 39
1400 11 0.9 6 30
1500 21 10.0 6 29
1600 43 1.11 13 29
1699 39 10.0 13 33
1797 30 0.9 10 12
1894 23 5.0 14 23
1989 2 100.0 3 22
2081 40 0.01 9 24
2169 10 1.11 15 34
2251 46 1.11 11 40
2327 38 1.11 3 32
2394 24 5.0 16 44
2452 5 0.01 15 32
2501 36 0.1 13 33
2540 44 0.5 10 36
2571 17 1.11 6 29
2594 26 0.01 15 47
2612 9 0.5 15 41
2628 28 100.0 14 39
2644 4 0.5 11 37
2662 8 100.0 13 42
2685 15 5.0 15 32
2715 12 1.11 12 28
2752 33 0.5 13 19
2798 32 1.11 3 34
2852 14 100.0 11 26
2915 34 5.0 7 39
2985 37 10.0 14 24
3062 25 0.9 10 48
3144 45 0.1 16 33
3231 20 100.0 15 34
3321 16 10.0 7 15
3414 31 1.11 8 22
3509 14 5.0 3 27
3606 45 0.01 16 38
3704 10 100.0 3 30
3803 2 0.1 4 26
3902 41 1.11 7 38
4001 23 0.01 10 23
4101 19 0.01 12 28
4201 11 0.1 15 42
4301 35 10.0 5 35
4401 44 1.11 13 29
4501 12 0.9 13 51
4601 25 100.0 5 38
4701 3 0.9 8 28
4801 15 0.9 16 35
4901 29 0.1 5 30
5001 28 0.1 9 36
5101 4 1.11 8 34
5201 27 0.9 14 31
5301 8 5.0 7 22
5401 40 10.0 10 23
5501 21 0.01 7 44
5601 13 5.0 5 23
5701 17 10.0 14 15
5801 46 0.5 13 29
5901 7 100.0 7 25
6001 18 0.9 16 17
6101 1 0.01 11 36
6201 32 0.1 16 26
6301 9 10.0 9 25
6401 37 0.9 12 32
6501 38 0.01 10 41
6601 43 0.1 14 39
6701 34 0.9 3 31
6801 33 0.01 15 34
6901 42 10.0 6 26
7001 22 0.1 9 38
7101 20 5.0 11 34
7201 26 0.01 6 35
7301 16 0.1 9 32
7401 36 5.0 5 41
7501 39 10.0 12 40
7601 24 1.11 15 41
7701 30 0.5 13 25
7801 6 0.9 6 57
7901 5 0.5 11 34
8001 2 5.0 7 42
8101 35 0.5 14 37
8201 25 100.0 16 27
8301 37 10.0 14 44
8401 3 0.1 10 37
8501 5 0.5 10 23
8601 34 0.9 14 27
8701 32 0.9 5 33
8801 16 0.9 15 45
8901 29 0.01 16 44
9001 27 1.11 6 36
9101 30 0.5 11 44
9201 36 5.0 5 42
9301 20 10.0 14 27
9401 39 0.01 14 32
9501 24 100.0 14 34
9601 31 0.9 10 22
9701 7 0.5 5 24
9801 43 1.11 13 47
9901 4 0.5 9 44
10001 13 10.0 13 29
10101 44 5.0 6 36
10201 41 0.1 13 31
10301 38 0.5 14 34
10401 12 100.0 14 37
10501 11 0.1 16 43
10601 14 100.0 6 22
10701 18 10.0 14 21
10801 23 5.0 16 32
10901 6 1.11 13 43
11001 33 0.9 14 37
11101 40 10.0 3 52
11201 26 0.1 10 20
11301 1 10.0 5 26
11401 21 0.5 6 34
11501 45 100.0 14 28
