0 14 4096 43
99 6 4096 45
176 21 4096 47
266 39 4096 50
321 40 4096 47
403 35 4096 43
503 3 4096 42
566 17 4096 42
646 9 4096 40
706 26 4096 52
778 42 4096 46
828 34 4096 45
925 12 4096 46
1021 5 4096 51
1095 20 4096 51
1181 25 4096 43
1232 43 4096 45
1312 45 4096 42
1406 1 4096 62
1487 7 4096 50
1552 23 4096 55
1649 37 4096 46
1708 29 4096 41
1782 47 4096 45
1870 13 4096 30
1941 19 4096 53
2029 10 4096 53
2120 36 4096 53
2188 30 4096 45
2249 46 4096 53
2310 15 4096 41
2372 18 4096 42
2453 22 4096 48
2503 38 4096 45
2563 31 4096 56
2619 44 4096 53
2674 2 4096 52
2768 16 4096 47
2830 11 4096 55
2885 27 4096 44
2964 41 4096 29
3035 33 4096 47
3126 1 4096 57
3216 7 4096 48
3293 21 4096 53
3344 39 4096 61
3442 31 4096 43
3496 46 4096 43
3595 13 4096 46
3656 6 4096 60
3746 20 4096 49
3802 25 4096 49
3852 29 4096 52
3945 45 4096 38
4024 2 4096 54
4086 5 4096 38
4160 10 4096 41
4249 38 4096 48
4310 30 4096 50
4410 47 4096 48
4510 15 4096 51
4571 19 4096 41
4637 23 4096 53
4713 37 4096 46
4805 40 4096 47
4901 34 4096 48
4960 14 4096 48
5034 18 4096 55
5133 11 4096 46
5203 27 4096 41
5274 43 4096 42
5360 44 4096 44
5454 3 4096 42
5511 16 4096 42
5586 9 4096 54
5671 36 4096 60
5732 42 4096 41
5808 35 4096 43
5888 12 4096 40
5950 17 4096 48
6042 22 4096 40
6125 26 4096 41
6176 41 4096 51
6250 33 4096 42
6303 2 4096 45
6371 6 4096 60
6448 11 4096 39
6532 25 4096 50
6591 29 4096 31
6671 45 4096 50
6745 1 4096 45
6840 17 4096 50
6916 20 4096 57
6979 39 4096 41
7030 41 4096 46
7093 33 4096 52
7149 15 4096 38
7231 5 4096 50
7291 10 4096 48
7379 36 4096 60
7459 42 4096 53
7546 34 4096 44
7611 13 4096 38
7696 7 4096 44
7779 22 4096 38
7852 38 4096 42
7903 30 4096 52
7969 44 4096 60
8069 3 4096 44
8123 19 4096 47
8208 9 4096 53
8274 26 4096 42
8364 40 4096 54
8444 46 4096 43
8543 14 4096 35
8594 18 4096 50
8666 23 4096 43
8731 37 4096 48
8794 43 4096 55
8869 35 4096 47
8926 12 4096 53
9019 16 4096 43
9115 21 4096 62
9203 27 4096 50
9270 31 4096 49
9370 47 4096 66
9428 13 4096 61
9522 6 4096 38
