0 18 4096 21
100 23 4096 22
200 31 4096 23
300 34 4096 25
400 21 4096 23
500 24 4096 21
600 19 4096 21
700 44 4096 21
800 32 4096 20
900 3 4096 26
1000 6 4096 23
1100 22 4096 22
1200 41 4096 23
1300 1 4096 25
1400 2 4096 25
1500 30 4096 21
1600 9 4096 22
1699 15 4096 21
1797 8 4096 31
1894 42 4096 25
1989 46 4096 27
2081 26 4096 23
2169 35 4096 20
2251 28 4096 22
2327 38 4096 15
2394 20 4096 26
2452 11 4096 26
2501 39 4096 26
2540 14 4096 22
2571 36 4096 26
2594 5 4096 20
2612 27 4096 21
2628 7 4096 24
2644 12 4096 22
2662 45 4096 28
2685 43 4096 26
2715 29 4096 26
2752 17 4096 23
2798 25 4096 27
2852 33 4096 22
2915 40 4096 14
2985 16 4096 23
3062 13 4096 28
3144 4 4096 24
3231 14 4096 26
3321 44 4096 30
3414 28 4096 21
3509 38 4096 21
3606 1 4096 23
3704 17 4096 30
3803 29 4096 24
3902 16 4096 24
4001 33 4096 26
4101 43 4096 19
4201 12 4096 27
4301 41 4096 19
4401 25 4096 20
4501 18 4096 24
4601 36 4096 25
4701 9 4096 24
4801 42 4096 25
4901 46 4096 20
5001 39 4096 26
5101 34 4096 23
5201 31 4096 23
5301 45 4096 24
5401 5 4096 24
5501 21 4096 27
5601 15 4096 23
5701 24 4096 20
5801 30 4096 21
5901 26 4096 22
6001 27 4096 21
6101 4 4096 21
6201 40 4096 27
6301 22 4096 30
6401 2 4096 20
6501 35 4096 21
6601 8 4096 20
6701 32 4096 24
6801 6 4096 20
6901 7 4096 20
7001 19 4096 25
7101 23 4096 21
7201 3 4096 22
7301 13 4096 30
7401 11 4096 19
7501 20 4096 25
7601 18 4096 15
7701 3 4096 25
7801 1 4096 22
7901 20 4096 25
8001 34 4096 28
8101 4 4096 20
8201 38 4096 23
8301 16 4096 26
8401 22 4096 19
8501 23 4096 25
8601 27 4096 24
8701 25 4096 30
8801 24 4096 26
8901 42 4096 22
9001 5 4096 19
9101 46 4096 22
9201 31 4096 19
9301 9 4096 21
9401 21 4096 26
9501 28 4096 30
9601 13 4096 22
9701 29 4096 23
9801 44 4096 26
9901 43 4096 21
10001 12 4096 27
10101 17 4096 21
10201 11 4096 17
10301 6 4096 25
10401 2 4096 21
10501 7 4096 24
10601 32 4096 27
10701 35 4096 23
10801 8 4096 26
10901 15 4096 21
11001 19 4096 31
11101 30 4096 25
11201 45 4096 24
11301 36 4096 33
11401 39 4096 30
11501 41 4096 19
