0 18 5.0 5 36
99 27 0.01 15 17
176 35 0.1 9 31
266 6 0.5 11 46
321 42 100.0 7 32
403 13 1.11 8 44
503 31 5.0 11 33
566 29 0.01 15 34
646 22 5.0 3 30
706 3 0.1 4 39
778 41 100.0 14 27
828 7 0.5 7 41
925 1 0.01 3 34
1021 19 100.0 15 39
1095 11 0.9 6 30
1181 21 10.0 6 29
1232 43 1.11 13 29
1312 39 10.0 13 33
1406 30 0.9 10 12
1487 23 5.0 14 23
1552 2 100.0 3 22
1649 40 0.01 9 24
1708 10 1.11 15 34
1782 46 1.11 11 40
1870 38 1.11 3 32
1941 24 5.0 16 44
2029 5 0.01 15 32
2120 36 0.1 13 33
2188 44 0.5 10 36
2249 17 1.11 6 29
2310 26 0.01 15 47
2372 9 0.5 15 41
2453 28 100.0 14 39
2503 4 0.5 11 37
2563 8 100.0 13 42
2619 15 5.0 15 32
2674 12 1.11 12 28
2768 33 0.5 13 19
2830 32 1.11 3 34
2885 14 100.0 11 26
2964 34 5.0 7 39
3035 37 10.0 14 24
3126 25 0.9 10 48
3216 45 0.1 16 33
3293 20 100.0 15 34
3344 16 10.0 7 15
3442 31 1.11 8 22
3496 14 5.0 3 27
3595 45 0.01 16 38
3656 10 100.0 3 30
3746 2 0.1 4 26
3802 41 1.11 7 38
3852 23 0.01 10 23
3945 19 0.01 12 28
4024 11 0.1 15 42
4086 35 10.0 5 35
4160 44 1.11 13 29
4249 12 0.9 13 51
4310 25 100.0 5 38
4410 3 0.9 8 28
4510 15 0.9 16 35
4571 29 0.1 5 30
4637 28 0.1 9 36
4713 4 1.11 8 34
4805 27 0.9 14 31
4901 8 5.0 7 22
4960 40 10.0 10 23
5034 21 0.01 7 44
5133 13 5.0 5 23
5203 17 10.0 14 15
5274 46 0.5 13 29
5360 7 100.0 7 25
5454 18 0.9 16 17
5511 1 0.01 11 36
5586 32 0.1 16 26
5671 9 10.0 9 25
5732 37 0.9 12 32
5808 38 0.01 10 41
5888 43 0.1 14 39
5950 34 0.9 3 31
6042 33 0.01 15 34
6125 42 10.0 6 26
6176 22 0.1 9 38
6250 20 5.0 11 34
6303 26 0.01 6 35
6371 16 0.1 9 32
6448 36 5.0 5 41
6532 39 10.0 12 40
6591 24 1.11 15 41
6671 30 0.5 13 25
6745 6 0.9 6 57
6840 5 0.5 11 34
6916 2 5.0 7 42
6979 35 0.5 14 37
7030 25 100.0 16 27
7093 37 10.0 14 44
7149 3 0.1 10 37
7231 5 0.5 10 23
7291 34 0.9 14 27
7379 32 0.9 5 33
7459 16 0.9 15 45
7546 29 0.01 16 44
7611 27 1.11 6 36
7696 30 0.5 11 44
7779 36 5.0 5 42
7852 20 10.0 14 27
7903 39 0.01 14 32
7969 24 100.0 14 34
8069 31 0.9 10 22
8123 7 0.5 5 24
8208 43 1.11 13 47
8274 4 0.5 9 44
8364 13 10.0 13 29
8444 44 5.0 6 36
8543 41 0.1 13 31
8594 38 0.5 14 34
8666 12 100.0 14 37
8731 11 0.1 16 43
8794 14 100.0 6 22
8869 18 10.0 14 21
8926 23 5.0 16 32
9019 6 1.11 13 43
9115 33 0.9 14 37
9203 40 10.0 3 52
9270 26 0.1 10 20
9370 1 10.0 5 26
9428 21 0.5 6 34
9522 45 100.0 14 28
