0 21 4096 21
100 47 4096 22
200 1 4096 23
300 38 4096 25
400 19 4096 23
500 3 4096 21
600 44 4096 21
700 27 4096 21
800 16 4096 20
900 40 4096 26
1000 37 4096 23
1100 7 4096 22
1200 30 4096 23
1300 8 4096 25
1400 9 4096 25
1500 13 4096 21
1600 6 4096 22
1699 28 4096 21
1797 42 4096 31
1894 2 4096 25
1989 41 4096 27
2081 18 4096 23
2169 4 4096 20
2251 33 4096 22
2327 20 4096 15
2394 5 4096 26
2452 43 4096 26
2501 35 4096 26
2540 32 4096 22
2571 15 4096 26
2594 39 4096 20
2612 31 4096 21
2628 25 4096 24
2644 45 4096 22
2662 26 4096 28
2685 17 4096 26
2715 11 4096 26
2752 29 4096 23
2798 14 4096 27
2852 23 4096 22
2915 31 4096 14
2985 13 4096 23
3062 4 4096 28
3144 1 4096 24
3231 27 4096 26
3321 41 4096 30
3414 17 4096 21
3509 18 4096 21
3606 16 4096 23
3704 15 4096 30
3803 32 4096 24
3902 9 4096 24
4001 39 4096 26
4101 8 4096 19
4201 45 4096 27
4301 20 4096 19
4401 33 4096 20
4501 7 4096 24
4601 42 4096 25
4701 14 4096 24
4801 6 4096 25
4901 38 4096 20
5001 2 4096 26
5101 23 4096 23
5201 35 4096 23
5301 29 4096 24
5401 43 4096 24
5501 21 4096 27
5601 28 4096 23
5701 25 4096 20
5801 3 4096 21
5901 40 4096 22
6001 5 4096 21
6101 37 4096 21
6201 47 4096 27
6301 30 4096 30
6401 44 4096 20
6501 19 4096 21
6601 11 4096 20
6701 26 4096 24
6801 40 4096 20
6901 29 4096 20
7001 17 4096 25
7101 7 4096 21
7201 45 4096 22
7301 9 4096 30
7401 15 4096 19
7501 38 4096 25
7601 35 4096 15
7701 41 4096 25
7801 16 4096 22
7901 4 4096 25
8001 43 4096 28
8101 2 4096 20
8201 30 4096 23
8301 31 4096 26
8401 33 4096 19
8501 14 4096 25
8601 3 4096 24
8701 13 4096 30
8801 6 4096 26
8901 26 4096 22
9001 39 4096 19
9101 21 4096 22
9201 32 4096 19
9301 5 4096 21
9401 19 4096 26
9501 18 4096 30
9601 23 4096 22
9701 44 4096 23
9801 11 4096 26
9901 20 4096 21
10001 27 4096 27
10101 8 4096 21
10201 28 4096 17
10301 37 4096 25
10401 1 4096 21
10501 25 4096 24
10601 42 4096 27
10701 47 4096 23
10801 15 4096 26
10901 13 4096 21
11001 6 4096 31
11101 26 4096 25
11201 1 4096 24
11301 23 4096 33
11401 29 4096 30
11501 30 4096 19
