0 18 4096 64
100 23 4096 67
200 31 4096 70
300 34 4096 75
400 21 4096 70
500 24 4096 64
600 19 4096 63
700 44 4096 63
800 32 4096 60
900 3 4096 78
1000 6 4096 69
1100 22 4096 67
1200 41 4096 69
1300 1 4096 76
1400 2 4096 76
1500 30 4096 64
1600 9 4096 67
1699 15 4096 63
1797 8 4096 93
1894 42 4096 75
1989 46 4096 82
2081 26 4096 69
2169 35 4096 61
2251 28 4096 67
2327 38 4096 45
2394 20 4096 79
2452 11 4096 79
2501 39 4096 79
2540 14 4096 67
2571 36 4096 79
2594 5 4096 61
2612 27 4096 63
2628 7 4096 72
2644 12 4096 67
2662 45 4096 84
2685 43 4096 79
2715 29 4096 78
2752 17 4096 70
2798 25 4096 82
2852 33 4096 66
2915 40 4096 43
2985 16 4096 70
3062 13 4096 85
3144 4 4096 72
3231 14 4096 79
3321 44 4096 91
3414 28 4096 64
3509 38 4096 64
3606 1 4096 69
3704 17 4096 90
3803 29 4096 73
3902 16 4096 73
4001 33 4096 78
4101 43 4096 57
4201 12 4096 81
4301 41 4096 57
4401 25 4096 61
4501 18 4096 72
4601 36 4096 75
4701 9 4096 72
4801 42 4096 76
4901 46 4096 61
5001 39 4096 79
5101 34 4096 69
5201 31 4096 70
5301 45 4096 72
5401 5 4096 72
5501 21 4096 82
5601 15 4096 69
5701 24 4096 61
5801 30 4096 63
5901 26 4096 66
6001 27 4096 63
6101 4 4096 63
6201 40 4096 81
6301 22 4096 90
6401 2 4096 61
6501 35 4096 64
6601 8 4096 60
6701 32 4096 72
6801 6 4096 60
6901 7 4096 61
7001 19 4096 76
7101 23 4096 63
7201 3 4096 67
7301 13 4096 90
7401 11 4096 58
7501 20 4096 75
7601 18 4096 46
7701 3 4096 75
7801 1 4096 67
7901 20 4096 75
8001 34 4096 85
8101 4 4096 61
8201 38 4096 69
8301 16 4096 78
8401 22 4096 57
8501 23 4096 75
8601 27 4096 72
8701 25 4096 90
8801 24 4096 79
8901 42 4096 66
9001 5 4096 57
9101 46 4096 66
9201 31 4096 57
9301 9 4096 63
9401 21 4096 78
9501 28 4096 90
9601 13 4096 66
9701 29 4096 70
9801 44 4096 79
9901 43 4096 63
10001 12 4096 81
10101 17 4096 64
10201 11 4096 52
10301 6 4096 75
10401 2 4096 64
10501 7 4096 72
10601 32 4096 82
10701 35 4096 70
10801 8 4096 79
10901 15 4096 64
11001 19 4096 93
11101 30 4096 75
11201 45 4096 73
11301 36 4096 99
11401 39 4096 91
11501 41 4096 57
