0 4 5.0 5 58
100 11 0.01 15 72
200 15 0.1 9 61
300 18 0.5 11 60
400 29 100.0 7 64
500 31 1.11 8 64
600 40 5.0 11 76
700 45 0.01 15 54
800 3 5.0 3 56
900 8 0.1 4 60
1000 14 100.0 14 54
1100 21 0.5 7 55
1200 28 0.01 3 60
1300 35 100.0 15 71
1400 39 0.9 6 63
1500 42 10.0 6 68
1600 5 1.11 13 67
1699 6 10.0 13 69
1797 13 0.9 10 58
1894 20 5.0 14 64
1989 26 100.0 3 78
2081 30 0.01 9 65
2169 38 1.11 15 61
2251 44 1.11 11 75
2327 2 1.11 3 64
2394 9 5.0 16 62
2452 16 0.01 15 71
2501 23 0.1 13 71
2540 25 0.5 10 50
2571 32 1.11 6 61
2594 41 0.01 15 61
2612 43 0.5 15 67
2628 1 100.0 14 69
2644 7 0.5 11 75
2662 17 100.0 13 68
2685 19 5.0 15 66
2715 27 1.11 12 64
2752 33 0.5 13 69
2798 37 1.11 3 60
2852 47 100.0 11 57
2915 3 5.0 7 62
2985 6 10.0 14 78
3062 15 0.9 10 60
3144 21 0.1 16 82
3231 29 100.0 15 60
3321 32 10.0 7 64
3414 37 1.11 8 62
3509 45 5.0 3 64
3606 5 0.01 16 62
3704 7 100.0 3 62
3803 16 0.1 4 45
3902 20 1.11 7 69
4001 26 0.01 10 61
4101 33 0.01 12 58
4201 40 0.1 15 58
4301 44 10.0 5 81
4401 4 1.11 13 51
4501 9 0.9 13 63
4601 13 100.0 5 69
4701 18 0.9 8 72
4801 28 0.9 16 64
4901 35 0.1 5 57
5001 39 0.1 9 76
5101 47 1.11 8 65
