0 6 4096 21
100 23 4096 22
200 5 4096 23
300 7 4096 25
400 21 4096 23
500 41 4096 21
600 44 4096 21
700 29 4096 21
800 33 4096 20
900 11 4096 26
1000 26 4096 23
1100 9 4096 22
1200 19 4096 23
1300 46 4096 25
1400 16 4096 25
1500 1 4096 21
1600 40 4096 22
1699 38 4096 21
1797 15 4096 31
1894 27 4096 25
1989 2 4096 27
2081 45 4096 23
2169 17 4096 20
2251 43 4096 22
2327 18 4096 15
2394 35 4096 26
2452 3 4096 26
2501 39 4096 26
2540 37 4096 22
2571 20 4096 26
2594 12 4096 20
2612 36 4096 21
2628 34 4096 24
2644 25 4096 22
2662 47 4096 28
2685 14 4096 26
2715 42 4096 26
2752 10 4096 23
2798 31 4096 27
2852 13 4096 22
2915 22 4096 14
2985 30 4096 23
3062 20 4096 28
3144 27 4096 24
3231 40 4096 26
3321 36 4096 30
3414 6 4096 21
3509 11 4096 21
3606 38 4096 23
3704 30 4096 30
3803 10 4096 24
3902 29 4096 24
4001 46 4096 26
4101 12 4096 19
4201 37 4096 27
4301 21 4096 19
4401 43 4096 20
4501 19 4096 24
4601 18 4096 25
4701 33 4096 24
4801 25 4096 25
4901 13 4096 20
5001 9 4096 26
5101 3 4096 23
5201 15 4096 23
5301 39 4096 24
5401 22 4096 24
5501 47 4096 27
5601 7 4096 23
5701 2 4096 20
5801 41 4096 21
5901 16 4096 22
6001 44 4096 21
6101 17 4096 21
6201 14 4096 27
6301 31 4096 30
6401 1 4096 20
6501 34 4096 21
6601 23 4096 20
6701 45 4096 24
6801 35 4096 20
6901 5 4096 20
7001 26 4096 25
7101 42 4096 21
7201 34 4096 22
7301 12 4096 30
7401 31 4096 19
7501 41 4096 25
7601 16 4096 15
7701 40 4096 25
7801 35 4096 22
7901 17 4096 25
8001 43 4096 28
8101 39 4096 20
8201 21 4096 23
8301 26 4096 26
8401 23 4096 19
8501 36 4096 25
8601 1 4096 24
8701 3 4096 30
8801 13 4096 26
8901 14 4096 22
9001 37 4096 19
9101 6 4096 22
9201 46 4096 19
9301 42 4096 21
9401 45 4096 26
9501 15 4096 30
9601 47 4096 22
9701 9 4096 23
9801 29 4096 26
9901 18 4096 21
10001 27 4096 27
10101 10 4096 21
10201 38 4096 17
10301 33 4096 25
10401 30 4096 21
10501 7 4096 24
10601 5 4096 27
10701 11 4096 23
10801 25 4096 26
10901 22 4096 21
11001 20 4096 31
11101 44 4096 25
11201 19 4096 24
11301 2 4096 33
11401 31 4096 30
11501 26 4096 19
