0 1 5.0 5 8
100 45 0.01 15 28
200 2 0.1 9 17
300 35 0.5 11 17
400 4 100.0 7 17
500 36 1.11 8 10
600 46 5.0 11 11
700 3 0.01 15 12
800 6 5.0 3 12
900 8 0.1 4 23
1000 39 100.0 14 16
1100 11 0.5 7 20
1200 12 0.01 3 9
1300 41 100.0 15 15
1400 13 0.9 6 24
1500 22 10.0 6 18
1600 23 1.11 13 16
1699 24 10.0 13 22
1797 25 0.9 10 14
1894 34 5.0 14 17
1989 38 100.0 3 15
2081 43 0.01 9 22
2169 9 1.11 15 13
2251 44 1.11 11 17
2327 5 1.11 3 17
2394 7 5.0 16 22
2452 14 0.01 15 18
2501 15 0.1 13 16
2540 18 0.5 10 18
2571 20 1.11 6 16
2594 21 0.01 15 14
2612 26 0.5 15 20
2628 27 100.0 14 10
2644 29 0.5 11 13
2662 31 100.0 13 23
2685 32 5.0 15 14
2715 33 1.11 12 15
2752 40 0.5 13 14
2798 42 1.11 3 15
2852 16 100.0 11 24
2915 17 5.0 7 16
2985 19 10.0 14 12
3062 28 0.9 10 17
3144 30 0.1 16 18
3231 1 100.0 15 12
3321 45 10.0 7 12
3414 2 1.11 8 15
3509 35 5.0 3 20
3606 4 0.01 16 16
3704 36 100.0 3 15
3803 46 0.1 4 15
3902 3 1.11 7 21
4001 6 0.01 10 23
4101 8 0.01 12 14
4201 39 0.1 15 9
4301 11 10.0 5 19
4401 12 1.11 13 15
4501 41 0.9 13 15
4601 13 100.0 5 17
4701 22 0.9 8 14
4801 23 0.9 16 23
4901 24 0.1 5 21
5001 25 0.1 9 18
5101 34 1.11 8 15
5201 38 0.9 14 20
5301 43 5.0 7 10
5401 9 10.0 10 21
5501 44 0.01 7 27
5601 5 5.0 5 14
5701 7 10.0 14 18
5801 14 0.5 13 17
5901 15 100.0 7 13
6001 18 0.9 16 19
6101 20 0.01 11 20
6201 21 0.1 16 19
6301 26 10.0 9 13
6401 27 0.9 12 10
6501 29 0.01 10 13
6601 31 0.1 14 11
6701 32 0.9 3 15
6801 33 0.01 15 17
6901 40 10.0 6 17
7001 42 0.1 9 15
7101 16 5.0 11 16
7201 17 0.01 6 22
7301 19 0.1 9 16
7401 28 5.0 5 10
7501 30 10.0 12 20
7601 1 1.11 15 20
7701 45 0.5 13 16
7801 2 0.9 6 21
7901 35 0.5 11 28
8001 4 5.0 7 20
8101 36 0.5 14 19
8201 46 100.0 16 19
8301 3 10.0 14 14
8401 6 0.1 10 14
8501 8 0.5 10 13
8601 39 0.9 14 23
8701 11 0.9 5 13
8801 12 0.9 15 15
8901 41 0.01 16 13
9001 13 1.11 6 23
9101 22 0.5 11 16
9201 23 5.0 5 13
9301 24 10.0 14 17
9401 25 0.01 14 18
9501 34 100.0 14 11
9601 38 0.9 10 18
9701 43 0.5 5 16
9801 9 1.11 13 14
9901 44 0.5 9 18
10001 5 10.0 13 16
10101 7 5.0 6 22
10201 14 0.1 13 14
10301 15 0.5 14 13
10401 18 100.0 14 14
10501 20 0.1 16 20
10601 21 100.0 6 12
10701 26 10.0 14 15
10801 27 5.0 16 15
10901 29 1.11 13 14
11001 31 0.9 14 15
11101 32 10.0 3 17
11201 33 0.1 10 17
11301 40 10.0 5 17
11401 42 0.5 6 15
11501 16 100.0 14 18
