0 14 4096 64
99 3 4096 67
176 16 4096 70
266 9 4096 75
321 22 4096 70
403 7 4096 64
503 44 4096 63
566 11 4096 63
646 26 4096 60
706 13 4096 78
778 4 4096 69
828 21 4096 67
925 36 4096 69
1021 25 4096 76
1095 42 4096 76
1181 27 4096 64
1232 12 4096 67
1312 19 4096 63
1406 32 4096 93
1487 17 4096 75
1552 24 4096 82
1649 37 4096 69
1708 6 4096 61
1782 41 4096 67
1870 10 4096 45
1941 35 4096 79
2029 18 4096 79
2120 29 4096 79
2188 2 4096 67
2249 1 4096 79
2310 40 4096 61
2372 23 4096 63
2453 30 4096 72
2503 39 4096 67
2563 20 4096 84
2619 43 4096 79
2674 34 4096 78
2768 33 4096 70
2830 46 4096 82
2885 45 4096 66
2964 38 4096 43
3035 15 4096 70
3126 28 4096 85
3216 31 4096 72
3293 8 4096 79
3344 5 4096 91
3442 2 4096 64
3496 43 4096 64
3595 6 4096 69
3656 9 4096 90
3746 28 4096 73
3802 3 4096 73
3852 40 4096 78
3945 35 4096 57
4024 22 4096 81
4086 13 4096 57
4160 24 4096 61
4249 11 4096 72
4310 20 4096 75
4410 25 4096 72
4510 12 4096 76
4571 21 4096 61
4637 42 4096 79
4713 31 4096 69
4805 36 4096 70
4901 39 4096 72
4960 4 4096 72
5034 45 4096 82
5133 16 4096 69
5203 23 4096 61
5274 14 4096 63
5360 19 4096 66
5454 26 4096 63
5511 29 4096 63
5586 30 4096 81
5671 27 4096 90
5732 34 4096 61
5808 7 4096 64
5888 18 4096 60
5950 41 4096 72
6042 44 4096 60
6125 1 4096 61
6176 10 4096 76
6250 5 4096 63
6303 38 4096 67
6371 33 4096 90
6448 46 4096 58
6532 17 4096 75
6591 32 4096 46
6671 15 4096 75
6745 8 4096 67
6840 37 4096 75
6916 44 4096 85
6979 45 4096 61
7030 26 4096 69
7093 17 4096 78
7149 18 4096 57
7231 1 4096 75
7291 16 4096 72
7379 29 4096 90
7459 34 4096 79
7546 33 4096 66
7611 38 4096 57
7696 5 4096 66
7779 4 4096 57
7852 3 4096 63
7903 6 4096 78
7969 31 4096 90
8069 28 4096 66
8123 19 4096 70
8208 14 4096 79
8274 21 4096 63
8364 20 4096 81
8444 9 4096 64
8543 2 4096 52
8594 35 4096 75
8666 36 4096 64
8731 37 4096 72
8794 22 4096 82
8869 41 4096 70
8926 8 4096 79
9019 43 4096 64
9115 40 4096 93
9203 39 4096 75
9270 24 4096 73
9370 23 4096 99
9428 32 4096 91
9522 27 4096 57
