0 18 4096 64
100 27 4096 67
200 35 4096 70
300 6 4096 75
400 42 4096 70
500 13 4096 64
600 31 4096 63
700 29 4096 63
800 22 4096 60
900 3 4096 78
1000 41 4096 69
1100 7 4096 67
1200 1 4096 69
1300 19 4096 76
1400 11 4096 76
1500 21 4096 64
1600 43 4096 67
1699 39 4096 63
1797 30 4096 93
1894 23 4096 75
1989 2 4096 82
2081 40 4096 69
2169 10 4096 61
2251 46 4096 67
2327 38 4096 45
2394 24 4096 79
2452 5 4096 79
2501 36 4096 79
2540 44 4096 67
2571 17 4096 79
2594 26 4096 61
2612 9 4096 63
2628 28 4096 72
2644 4 4096 67
2662 8 4096 84
2685 15 4096 79
2715 12 4096 78
2752 33 4096 70
2798 32 4096 82
2852 14 4096 66
2915 34 4096 43
2985 37 4096 70
3062 25 4096 85
3144 45 4096 72
3231 20 4096 79
3321 16 4096 91
3414 31 4096 64
3509 14 4096 64
3606 45 4096 69
3704 10 4096 90
3803 2 4096 73
3902 41 4096 73
4001 23 4096 78
4101 19 4096 57
4201 11 4096 81
4301 35 4096 57
4401 44 4096 61
4501 12 4096 72
4601 25 4096 75
4701 3 4096 72
4801 15 4096 76
4901 29 4096 61
5001 28 4096 79
5101 4 4096 69
5201 27 4096 70
5301 8 4096 72
5401 40 4096 72
5501 21 4096 82
5601 13 4096 69
5701 17 4096 61
5801 46 4096 63
5901 7 4096 66
6001 18 4096 63
6101 1 4096 63
6201 32 4096 81
6301 9 4096 90
6401 37 4096 61
6501 38 4096 64
6601 43 4096 60
6701 34 4096 72
6801 33 4096 60
6901 42 4096 61
7001 22 4096 76
7101 20 4096 63
7201 26 4096 67
7301 16 4096 90
7401 36 4096 58
7501 39 4096 75
7601 24 4096 46
7701 30 4096 75
7801 6 4096 67
7901 5 4096 75
8001 2 4096 85
8101 35 4096 61
8201 25 4096 69
8301 37 4096 78
8401 3 4096 57
8501 5 4096 75
8601 34 4096 72
8701 32 4096 90
8801 16 4096 79
8901 29 4096 66
9001 27 4096 57
9101 30 4096 66
9201 36 4096 57
9301 20 4096 63
9401 39 4096 78
9501 24 4096 90
9601 31 4096 66
9701 7 4096 70
9801 43 4096 79
9901 4 4096 63
10001 13 4096 81
10101 44 4096 64
10201 41 4096 52
10301 38 4096 75
10401 12 4096 64
10501 11 4096 72
10601 14 4096 82
10701 18 4096 70
10801 23 4096 79
10901 6 4096 64
11001 33 4096 93
11101 40 4096 75
11201 26 4096 73
11301 1 4096 99
11401 21 4096 91
11501 45 4096 57
