0 4 5.0 5 36
100 11 0.01 15 17
200 15 0.1 9 31
300 18 0.5 11 46
400 29 100.0 7 32
500 31 1.11 8 44
600 40 5.0 11 33
700 45 0.01 15 34
800 3 5.0 3 30
900 8 0.1 4 39
1000 14 100.0 14 27
1100 21 0.5 7 41
1200 28 0.01 3 34
1300 35 100.0 15 39
1400 39 0.9 6 30
1500 42 10.0 6 29
1600 5 1.11 13 29
1699 6 10.0 13 33
1797 13 0.9 10 12
1894 20 5.0 14 23
1989 26 100.0 3 22
2081 30 0.01 9 24
2169 38 1.11 15 34
2251 44 1.11 11 40
2327 2 1.11 3 32
2394 9 5.0 16 44
2452 16 0.01 15 32
2501 23 0.1 13 33
2540 25 0.5 10 36
2571 32 1.11 6 29
2594 41 0.01 15 47
2612 43 0.5 15 41
2628 1 100.0 14 39
2644 7 0.5 11 37
2662 17 100.0 13 42
2685 19 5.0 15 32
2715 27 1.11 12 28
2752 33 0.5 13 19
2798 37 1.11 3 34
2852 47 100.0 11 26
2915 3 5.0 7 39
2985 6 10.0 14 24
3062 15 0.9 10 48
3144 21 0.1 16 33
3231 29 100.0 15 34
3321 32 10.0 7 15
3414 37 1.11 8 22
3509 45 5.0 3 27
3606 5 0.01 16 38
3704 7 100.0 3 30
3803 16 0.1 4 26
3902 20 1.11 7 38
4001 26 0.01 10 23
4101 33 0.01 12 28
4201 40 0.1 15 42
4301 44 10.0 5 35
4401 4 1.11 13 29
4501 9 0.9 13 51
4601 13 100.0 5 38
4701 18 0.9 8 28
4801 28 0.9 16 35
4901 35 0.1 5 30
5001 39 0.1 9 36
5101 47 1.11 8 34
