0 18 5.0 5 15
100 23 0.01 15 17
200 31 0.1 9 9
300 34 0.5 11 24
400 21 100.0 7 28
500 24 1.11 8 33
600 19 5.0 11 3
700 44 0.01 15 19
800 32 5.0 3 31
900 3 0.1 4 23
1000 6 100.0 14 11
1100 22 0.5 7 21
1200 41 0.01 3 8
1300 1 100.0 15 18
1400 2 0.9 6 7
1500 30 10.0 6 23
1600 9 1.11 13 -3
1699 15 10.0 13 26
1797 8 0.9 10 3
1894 42 5.0 14 22
1989 46 100.0 3 30
2081 26 0.01 9 29
2169 35 1.11 15 18
2251 28 1.11 11 8
2327 38 1.11 3 19
2394 20 5.0 16 21
2452 11 0.01 15 20
2501 39 0.1 13 15
2540 14 0.5 10 5
2571 36 1.11 6 19
2594 5 0.01 15 11
2612 27 0.5 15 4
2628 7 100.0 14 20
2644 12 0.5 11 23
2662 45 100.0 13 12
2685 43 5.0 15 5
2715 29 1.11 12 26
2752 17 0.5 13 12
2798 25 1.11 3 37
2852 33 100.0 11 10
2915 40 5.0 7 34
2985 16 10.0 14 23
3062 13 0.9 10 6
3144 4 0.1 16 14
3231 14 100.0 15 28
3321 44 10.0 7 24
3414 28 1.11 8 8
3509 38 5.0 3 0
3606 1 0.01 16 9
3704 17 100.0 3 18
3803 29 0.1 4 33
3902 16 1.11 7 21
4001 33 0.01 10 25
4101 43 0.01 12 5
4201 12 0.1 15 29
4301 41 10.0 5 6
4401 25 1.11 13 9
4501 18 0.9 13 22
4601 36 100.0 5 15
4701 9 0.9 8 1
4801 42 0.9 16 8
4901 46 0.1 5 20
5001 39 0.1 9 -4
5101 34 1.11 8 7
