0 18 5.0 5 46
99 27 0.01 15 47
176 35 0.1 9 54
266 6 0.5 11 56
321 42 100.0 7 36
403 13 1.11 8 39
503 31 5.0 11 50
566 29 0.01 15 44
646 22 5.0 3 42
706 3 0.1 4 53
778 41 100.0 14 35
828 7 0.5 7 47
925 1 0.01 3 46
1021 19 100.0 15 56
1095 11 0.9 6 33
1181 21 10.0 6 32
1232 43 1.11 13 41
1312 39 10.0 13 42
1406 30 0.9 10 51
1487 23 5.0 14 28
1552 2 100.0 3 57
1649 40 0.01 9 56
1708 10 1.11 15 58
1782 46 1.11 11 51
1870 38 1.11 3 40
1941 24 5.0 16 46
2029 5 0.01 15 43
2120 36 0.1 13 40
2188 44 0.5 10 38
2249 17 1.11 6 52
2310 26 0.01 15 42
2372 9 0.5 15 54
2453 28 100.0 14 43
2503 4 0.5 11 43
2563 8 100.0 13 49
2619 15 5.0 15 40
2674 12 1.11 12 50
2768 33 0.5 13 63
2830 32 1.11 3 62
2885 14 100.0 11 46
2964 34 5.0 7 36
3035 37 10.0 14 50
3126 25 0.9 10 44
3216 45 0.1 16 40
3293 20 100.0 15 57
3344 16 10.0 7 53
3442 31 1.11 8 46
3496 14 5.0 3 43
3595 45 0.01 16 47
3656 10 100.0 3 42
3746 2 0.1 4 47
3802 41 1.11 7 60
3852 23 0.01 10 51
3945 19 0.01 12 43
4024 11 0.1 15 52
4086 35 10.0 5 61
4160 44 1.11 13 36
4249 12 0.9 13 49
4310 25 100.0 5 54
4410 3 0.9 8 42
4510 15 0.9 16 58
4571 29 0.1 5 51
4637 28 0.1 9 36
4713 4 1.11 8 62
4805 27 0.9 14 30
4901 8 5.0 7 57
4960 40 10.0 10 44
5034 21 0.01 7 50
5133 13 5.0 5 48
5203 17 10.0 14 44
5274 46 0.5 13 49
5360 7 100.0 7 59
5454 18 0.9 16 43
5511 1 0.01 11 27
5586 32 0.1 16 42
5671 9 10.0 9 43
5732 37 0.9 12 56
5808 38 0.01 10 41
5888 43 0.1 14 59
5950 34 0.9 3 40
6042 33 0.01 15 51
6125 42 10.0 6 60
6176 22 0.1 9 60
6250 20 5.0 11 41
6303 26 0.01 6 45
6371 16 0.1 9 50
6448 36 5.0 5 44
6532 39 10.0 12 43
6591 24 1.11 15 60
6671 30 0.5 13 34
6745 6 0.9 6 62
6840 5 0.5 11 49
6916 2 5.0 7 49
6979 35 0.5 14 52
7030 25 100.0 16 45
7093 37 10.0 14 65
7149 3 0.1 10 62
7231 5 0.5 10 50
7291 34 0.9 14 34
7379 32 0.9 5 55
7459 16 0.9 15 48
7546 29 0.01 16 66
7611 27 1.11 6 49
7696 30 0.5 11 43
7779 36 5.0 5 33
7852 20 10.0 14 50
7903 39 0.01 14 42
7969 24 100.0 14 63
8069 31 0.9 10 56
8123 7 0.5 5 42
8208 43 1.11 13 33
8274 4 0.5 9 51
8364 13 10.0 13 34
8444 44 5.0 6 42
8543 41 0.1 13 48
8594 38 0.5 14 49
8666 12 100.0 14 44
8731 11 0.1 16 46
8794 14 100.0 6 40
8869 18 10.0 14 51
8926 23 5.0 16 35
9019 6 1.11 13 53
9115 33 0.9 14 44
9203 40 10.0 3 50
9270 26 0.1 10 49
9370 1 10.0 5 56
9428 21 0.5 6 64
9522 45 100.0 14 49
