0 18 5.0 5 58
100 23 0.01 15 72
200 31 0.1 9 61
300 34 0.5 11 60
400 21 100.0 7 64
500 24 1.11 8 64
600 19 5.0 11 76
700 44 0.01 15 54
800 32 5.0 3 56
900 3 0.1 4 60
1000 6 100.0 14 54
1100 22 0.5 7 55
1200 41 0.01 3 60
1300 1 100.0 15 71
1400 2 0.9 6 63
1500 30 10.0 6 68
1600 9 1.11 13 67
1699 15 10.0 13 69
1797 8 0.9 10 58
1894 42 5.0 14 64
1989 46 100.0 3 78
2081 26 0.01 9 65
2169 35 1.11 15 61
2251 28 1.11 11 75
2327 38 1.11 3 64
2394 20 5.0 16 62
2452 11 0.01 15 71
2501 39 0.1 13 71
2540 14 0.5 10 50
2571 36 1.11 6 61
2594 5 0.01 15 61
2612 27 0.5 15 67
2628 7 100.0 14 69
2644 12 0.5 11 75
2662 45 100.0 13 68
2685 43 5.0 15 66
2715 29 1.11 12 64
2752 17 0.5 13 69
2798 25 1.11 3 60
2852 33 100.0 11 57
2915 40 5.0 7 62
2985 16 10.0 14 78
3062 13 0.9 10 60
3144 4 0.1 16 82
3231 14 100.0 15 60
3321 44 10.0 7 64
3414 28 1.11 8 62
3509 38 5.0 3 64
3606 1 0.01 16 62
3704 17 100.0 3 62
3803 29 0.1 4 45
3902 16 1.11 7 69
4001 33 0.01 10 61
4101 43 0.01 12 58
4201 12 0.1 15 58
4301 41 10.0 5 81
4401 25 1.11 13 51
4501 18 0.9 13 63
4601 36 100.0 5 69
4701 9 0.9 8 72
4801 42 0.9 16 64
4901 46 0.1 5 57
5001 39 0.1 9 76
5101 34 1.11 8 65
