0 7 4096 172
100 31 4096 180
200 22 4096 188
300 3 4096 200
400 27 4096 188
500 39 4096 172
600 17 4096 168
700 19 4096 168
800 4 4096 160
900 26 4096 208
1000 16 4096 184
1100 24 4096 180
1200 38 4096 184
1300 28 4096 204
1400 35 4096 204
1500 5 4096 172
1600 9 4096 180
1699 40 4096 168
1797 8 4096 248
1894 1 4096 200
1989 21 4096 220
2081 2 4096 184
2169 13 4096 164
2251 29 4096 180
2327 37 4096 120
2394 10 4096 212
2452 46 4096 212
2501 44 4096 212
2540 14 4096 180
2571 34 4096 212
2594 30 4096 164
2612 15 4096 168
2628 6 4096 192
2644 43 4096 180
2662 18 4096 224
2685 20 4096 212
2715 23 4096 208
2752 45 4096 188
2798 25 4096 220
2852 12 4096 176
2915 42 4096 116
2985 41 4096 188
3062 11 4096 228
3144 36 4096 192
3231 32 4096 212
3321 33 4096 244
3414 4 4096 172
3509 20 4096 172
3606 33 4096 184
3704 22 4096 240
3803 25 4096 196
3902 36 4096 196
4001 34 4096 208
4101 35 4096 152
4201 32 4096 216
4301 40 4096 152
4401 8 4096 164
4501 18 4096 192
4601 11 4096 200
4701 17 4096 192
4801 3 4096 204
4901 43 4096 164
5001 5 4096 212
5101 28 4096 184
5201 24 4096 188
5301 39 4096 192
5401 13 4096 192
5501 19 4096 220
5601 10 4096 184
5701 29 4096 164
5801 27 4096 168
5901 41 4096 176
6001 23 4096 168
6101 26 4096 168
6201 2 4096 216
6301 21 4096 240
6401 31 4096 164
6501 9 4096 172
6601 42 4096 160
6701 16 4096 192
6801 1 4096 160
6901 12 4096 164
7001 14 4096 204
7101 30 4096 168
7201 15 4096 180
7301 45 4096 240
7401 44 4096 156
7501 46 4096 200
7601 38 4096 124
7701 37 4096 200
7801 6 4096 180
7901 7 4096 200
8001 31 4096 228
8101 27 4096 164
8201 11 4096 184
8301 9 4096 208
8401 45 4096 152
8501 32 4096 200
8601 7 4096 192
8701 40 4096 240
8801 18 4096 212
8901 24 4096 176
9001 39 4096 152
9101 41 4096 176
9201 23 4096 152
9301 28 4096 168
9401 4 4096 208
9501 42 4096 240
9601 25 4096 176
9701 6 4096 188
9801 34 4096 212
9901 22 4096 168
10001 13 4096 216
10101 21 4096 172
10201 26 4096 140
10301 43 4096 200
10401 10 4096 172
10501 20 4096 192
10601 30 4096 220
10701 17 4096 188
10801 12 4096 212
10901 1 4096 172
11001 19 4096 248
11101 8 4096 200
11201 38 4096 196
11301 2 4096 264
11401 35 4096 244
11501 36 4096 152
