0 18 5.0 5 58
100 27 0.01 15 72
200 35 0.1 9 61
300 6 0.5 11 60
400 42 100.0 7 64
500 13 1.11 8 64
600 31 5.0 11 76
700 29 0.01 15 54
800 22 5.0 3 56
900 3 0.1 4 60
1000 41 100.0 14 54
1100 7 0.5 7 55
1200 1 0.01 3 60
1300 19 100.0 15 71
1400 11 0.9 6 63
1500 21 10.0 6 68
1600 43 1.11 13 67
1699 39 10.0 13 69
1797 30 0.9 10 58
1894 23 5.0 14 64
1989 2 100.0 3 78
2081 40 0.01 9 65
2169 10 1.11 15 61
2251 46 1.11 11 75
2327 38 1.11 3 64
2394 24 5.0 16 62
2452 5 0.01 15 71
2501 36 0.1 13 71
2540 44 0.5 10 50
2571 17 1.11 6 61
2594 26 0.01 15 61
2612 9 0.5 15 67
2628 28 100.0 14 69
2644 4 0.5 11 75
2662 8 100.0 13 68
2685 15 5.0 15 66
2715 12 1.11 12 64
2752 33 0.5 13 69
2798 32 1.11 3 60
2852 14 100.0 11 57
2915 34 5.0 7 62
2985 37 10.0 14 78
3062 25 0.9 10 60
3144 45 0.1 16 82
3231 20 100.0 15 60
3321 16 10.0 7 64
3414 31 1.11 8 62
3509 14 5.0 3 64
3606 45 0.01 16 62
3704 10 100.0 3 62
3803 2 0.1 4 45
3902 41 1.11 7 69
4001 23 0.01 10 61
4101 19 0.01 12 58
4201 11 0.1 15 58
4301 35 10.0 5 81
4401 44 1.11 13 51
4501 12 0.9 13 63
4601 25 100.0 5 69
4701 3 0.9 8 72
4801 15 0.9 16 64
4901 29 0.1 5 57
5001 28 0.1 9 76
5101 4 1.11 8 65
5201 27 0.9 14 78
5301 8 5.0 7 69
5401 40 10.0 10 82
5501 21 0.01 7 64
5601 13 5.0 5 57
5701 17 10.0 14 71
5801 46 0.5 13 67
5901 7 100.0 7 82
6001 18 0.9 16 61
6101 1 0.01 11 53
6201 32 0.1 16 74
6301 9 10.0 9 63
6401 37 0.9 12 59
6501 38 0.01 10 76
6601 43 0.1 14 59
6701 34 0.9 3 67
6801 33 0.01 15 56
6901 42 10.0 6 69
7001 22 0.1 9 51
7101 20 5.0 11 82
7201 26 0.01 6 70
7301 16 0.1 9 55
7401 36 5.0 5 67
7501 39 10.0 12 48
7601 24 1.11 15 65
7701 30 0.5 13 64
7801 6 0.9 6 78
7901 5 0.5 11 69
8001 2 5.0 7 58
8101 35 0.5 14 67
8201 25 100.0 16 52
8301 37 10.0 14 55
8401 3 0.1 10 60
8501 5 0.5 10 68
8601 34 0.9 14 75
8701 32 0.9 5 55
8801 16 0.9 15 57
8901 29 0.01 16 72
9001 27 1.11 6 55
9101 30 0.5 11 62
9201 36 5.0 5 67
9301 20 10.0 14 70
9401 39 0.01 14 69
9501 24 100.0 14 81
9601 31 0.9 10 57
9701 7 0.5 5 79
9801 43 1.11 13 61
9901 4 0.5 9 61
10001 13 10.0 13 55
10101 44 5.0 6 58
10201 41 0.1 13 67
10301 38 0.5 14 63
10401 12 100.0 14 60
10501 11 0.1 16 61
10601 14 100.0 6 72
10701 18 10.0 14 57
10801 23 5.0 16 64
10901 6 1.11 13 63
11001 33 0.9 14 80
11101 40 10.0 3 64
11201 26 0.1 10 70
11301 1 10.0 5 52
11401 21 0.5 6 60
11501 45 100.0 14 63
