0 18 5.0 5 83
99 27 0.01 15 76
176 35 0.1 9 88
266 6 0.5 11 80
321 42 100.0 7 78
403 13 1.11 8 73
503 31 5.0 11 75
566 29 0.01 15 95
646 22 5.0 3 82
706 3 0.1 4 97
778 41 100.0 14 91
828 7 0.5 7 85
925 1 0.01 3 94
1021 19 100.0 15 66
1095 11 0.9 6 84
1181 21 10.0 6 80
1232 43 1.11 13 82
1312 39 10.0 13 95
1406 30 0.9 10 68
1487 23 5.0 14 84
1552 2 100.0 3 76
1649 40 0.01 9 78
1708 10 1.11 15 77
1782 46 1.11 11 74
1870 38 1.11 3 81
1941 24 5.0 16 73
2029 5 0.01 15 75
2120 36 0.1 13 79
2188 44 0.5 10 72
2249 17 1.11 6 76
2310 26 0.01 15 73
2372 9 0.5 15 96
2453 28 100.0 14 81
2503 4 0.5 11 77
2563 8 100.0 13 72
2619 15 5.0 15 79
2674 12 1.11 12 67
2768 33 0.5 13 86
2830 32 1.11 3 75
2885 14 100.0 11 88
2964 34 5.0 7 81
3035 37 10.0 14 88
3126 25 0.9 10 84
3216 45 0.1 16 86
3293 20 100.0 15 82
3344 16 10.0 7 73
3442 31 1.11 8 82
3496 14 5.0 3 83
3595 45 0.01 16 76
3656 10 100.0 3 69
3746 2 0.1 4 81
3802 41 1.11 7 96
3852 23 0.01 10 88
3945 19 0.01 12 78
4024 11 0.1 15 71
4086 35 10.0 5 83
4160 44 1.11 13 86
4249 12 0.9 13 84
4310 25 100.0 5 89
4410 3 0.9 8 62
4510 15 0.9 16 92
4571 29 0.1 5 75
4637 28 0.1 9 64
4713 4 1.11 8 71
4805 27 0.9 14 89
4901 8 5.0 7 74
4960 40 10.0 10 82
5034 21 0.01 7 83
5133 13 5.0 5 79
5203 17 10.0 14 98
5274 46 0.5 13 75
5360 7 100.0 7 81
5454 18 0.9 16 82
5511 1 0.01 11 71
5586 32 0.1 16 73
5671 9 10.0 9 81
5732 37 0.9 12 75
5808 38 0.01 10 78
5888 43 0.1 14 70
5950 34 0.9 3 79
6042 33 0.01 15 80
6125 42 10.0 6 80
6176 22 0.1 9 81
6250 20 5.0 11 74
6303 26 0.01 6 84
6371 16 0.1 9 90
6448 36 5.0 5 77
6532 39 10.0 12 85
6591 24 1.11 15 74
6671 30 0.5 13 77
6745 6 0.9 6 89
6840 5 0.5 11 70
6916 2 5.0 7 94
6979 35 0.5 14 81
7030 25 100.0 16 91
7093 37 10.0 14 96
7149 3 0.1 10 85
7231 5 0.5 10 85
7291 34 0.9 14 94
7379 32 0.9 5 77
7459 16 0.9 15 76
7546 29 0.01 16 78
7611 27 1.11 6 84
7696 30 0.5 11 82
7779 36 5.0 5 86
7852 20 10.0 14 86
7903 39 0.01 14 75
7969 24 100.0 14 86
8069 31 0.9 10 88
8123 7 0.5 5 83
8208 43 1.11 13 80
8274 4 0.5 9 92
8364 13 10.0 13 75
8444 44 5.0 6 80
8543 41 0.1 13 94
8594 38 0.5 14 85
8666 12 100.0 14 58
8731 11 0.1 16 99
8794 14 100.0 6 85
8869 18 10.0 14 86
8926 23 5.0 16 79
9019 6 1.11 13 78
9115 33 0.9 14 70
9203 40 10.0 3 84
9270 26 0.1 10 70
9370 1 10.0 5 72
9428 21 0.5 6 86
9522 45 100.0 14 64
