0 7 4096 64
99 31 4096 67
176 22 4096 70
266 3 4096 75
321 27 4096 70
403 39 4096 64
503 17 4096 63
566 19 4096 63
646 4 4096 60
706 26 4096 78
778 16 4096 69
828 24 4096 67
925 38 4096 69
1021 28 4096 76
1095 35 4096 76
1181 5 4096 64
1232 9 4096 67
1312 40 4096 63
1406 8 4096 93
1487 1 4096 75
1552 21 4096 82
1649 2 4096 69
1708 13 4096 61
1782 29 4096 67
1870 37 4096 45
1941 10 4096 79
2029 46 4096 79
2120 44 4096 79
2188 14 4096 67
2249 34 4096 79
2310 30 4096 61
2372 15 4096 63
2453 6 4096 72
2503 43 4096 67
2563 18 4096 84
2619 20 4096 79
2674 23 4096 78
2768 45 4096 70
2830 25 4096 82
2885 12 4096 66
2964 42 4096 43
3035 41 4096 70
3126 11 4096 85
3216 36 4096 72
3293 32 4096 79
3344 33 4096 91
3442 4 4096 64
3496 20 4096 64
3595 33 4096 69
3656 22 4096 90
3746 25 4096 73
3802 36 4096 73
3852 34 4096 78
3945 35 4096 57
4024 32 4096 81
4086 40 4096 57
4160 8 4096 61
4249 18 4096 72
4310 11 4096 75
4410 17 4096 72
4510 3 4096 76
4571 43 4096 61
4637 5 4096 79
4713 28 4096 69
4805 24 4096 70
4901 39 4096 72
4960 13 4096 72
5034 19 4096 82
5133 10 4096 69
5203 29 4096 61
5274 27 4096 63
5360 41 4096 66
5454 23 4096 63
5511 26 4096 63
5586 2 4096 81
5671 21 4096 90
5732 31 4096 61
5808 9 4096 64
5888 42 4096 60
5950 16 4096 72
6042 1 4096 60
6125 12 4096 61
6176 14 4096 76
6250 30 4096 63
6303 15 4096 67
6371 45 4096 90
6448 44 4096 58
6532 46 4096 75
6591 38 4096 46
6671 37 4096 75
6745 6 4096 67
6840 7 4096 75
6916 31 4096 85
6979 27 4096 61
7030 11 4096 69
7093 9 4096 78
7149 45 4096 57
7231 32 4096 75
7291 7 4096 72
7379 40 4096 90
7459 18 4096 79
7546 24 4096 66
7611 39 4096 57
7696 41 4096 66
7779 23 4096 57
7852 28 4096 63
7903 4 4096 78
7969 42 4096 90
8069 25 4096 66
8123 6 4096 70
8208 34 4096 79
8274 22 4096 63
8364 13 4096 81
8444 21 4096 64
8543 26 4096 52
8594 43 4096 75
8666 10 4096 64
8731 20 4096 72
8794 30 4096 82
8869 17 4096 70
8926 12 4096 79
9019 1 4096 64
9115 19 4096 93
9203 8 4096 75
9270 38 4096 73
9370 2 4096 99
9428 35 4096 91
9522 36 4096 57
