0 6 4096 64
99 23 4096 67
176 5 4096 70
266 7 4096 75
321 21 4096 70
403 41 4096 64
503 44 4096 63
566 29 4096 63
646 33 4096 60
706 11 4096 78
778 26 4096 69
828 9 4096 67
925 19 4096 69
1021 46 4096 76
1095 16 4096 76
1181 1 4096 64
1232 40 4096 67
1312 38 4096 63
1406 15 4096 93
1487 27 4096 75
1552 2 4096 82
1649 45 4096 69
1708 17 4096 61
1782 43 4096 67
1870 18 4096 45
1941 35 4096 79
2029 3 4096 79
2120 39 4096 79
2188 37 4096 67
2249 20 4096 79
2310 12 4096 61
2372 36 4096 63
2453 34 4096 72
2503 25 4096 67
2563 47 4096 84
2619 14 4096 79
2674 42 4096 78
2768 10 4096 70
2830 31 4096 82
2885 13 4096 66
2964 22 4096 43
3035 30 4096 70
3126 20 4096 85
3216 27 4096 72
3293 40 4096 79
3344 36 4096 91
3442 6 4096 64
3496 11 4096 64
3595 38 4096 69
3656 30 4096 90
3746 10 4096 73
3802 29 4096 73
3852 46 4096 78
3945 12 4096 57
4024 37 4096 81
4086 21 4096 57
4160 43 4096 61
4249 19 4096 72
4310 18 4096 75
4410 33 4096 72
4510 25 4096 76
4571 13 4096 61
4637 9 4096 79
4713 3 4096 69
4805 15 4096 70
4901 39 4096 72
4960 22 4096 72
5034 47 4096 82
5133 7 4096 69
5203 2 4096 61
5274 41 4096 63
5360 16 4096 66
5454 44 4096 63
5511 17 4096 63
5586 14 4096 81
5671 31 4096 90
5732 1 4096 61
5808 34 4096 64
5888 23 4096 60
5950 45 4096 72
6042 35 4096 60
6125 5 4096 61
6176 26 4096 76
6250 42 4096 63
6303 34 4096 67
6371 12 4096 90
6448 31 4096 58
6532 41 4096 75
6591 16 4096 46
6671 40 4096 75
6745 35 4096 67
6840 17 4096 75
6916 43 4096 85
6979 39 4096 61
7030 21 4096 69
7093 26 4096 78
7149 23 4096 57
7231 36 4096 75
7291 1 4096 72
7379 3 4096 90
7459 13 4096 79
7546 14 4096 66
7611 37 4096 57
7696 6 4096 66
7779 46 4096 57
7852 42 4096 63
7903 45 4096 78
7969 15 4096 90
8069 47 4096 66
8123 9 4096 70
8208 29 4096 79
8274 18 4096 63
8364 27 4096 81
8444 10 4096 64
8543 38 4096 52
8594 33 4096 75
8666 30 4096 64
8731 7 4096 72
8794 5 4096 82
8869 11 4096 70
8926 25 4096 79
9019 22 4096 64
9115 20 4096 93
9203 44 4096 75
9270 19 4096 73
9370 2 4096 99
9428 31 4096 91
9522 26 4096 57
