0 21 4096 64
99 47 4096 67
176 1 4096 70
266 38 4096 75
321 19 4096 70
403 3 4096 64
503 44 4096 63
566 27 4096 63
646 16 4096 60
706 40 4096 78
778 37 4096 69
828 7 4096 67
925 30 4096 69
1021 8 4096 76
1095 9 4096 76
1181 13 4096 64
1232 6 4096 67
1312 28 4096 63
1406 42 4096 93
1487 2 4096 75
1552 41 4096 82
1649 18 4096 69
1708 4 4096 61
1782 33 4096 67
1870 20 4096 45
1941 5 4096 79
2029 43 4096 79
2120 35 4096 79
2188 32 4096 67
2249 15 4096 79
2310 39 4096 61
2372 31 4096 63
2453 25 4096 72
2503 45 4096 67
2563 26 4096 84
2619 17 4096 79
2674 11 4096 78
2768 29 4096 70
2830 14 4096 82
2885 23 4096 66
2964 31 4096 43
3035 13 4096 70
3126 4 4096 85
3216 1 4096 72
3293 27 4096 79
3344 41 4096 91
3442 17 4096 64
3496 18 4096 64
3595 16 4096 69
3656 15 4096 90
3746 32 4096 73
3802 9 4096 73
3852 39 4096 78
3945 8 4096 57
4024 45 4096 81
4086 20 4096 57
4160 33 4096 61
4249 7 4096 72
4310 42 4096 75
4410 14 4096 72
4510 6 4096 76
4571 38 4096 61
4637 2 4096 79
4713 23 4096 69
4805 35 4096 70
4901 29 4096 72
4960 43 4096 72
5034 21 4096 82
5133 28 4096 69
5203 25 4096 61
5274 3 4096 63
5360 40 4096 66
5454 5 4096 63
5511 37 4096 63
5586 47 4096 81
5671 30 4096 90
5732 44 4096 61
5808 19 4096 64
5888 11 4096 60
5950 26 4096 72
6042 40 4096 60
6125 29 4096 61
6176 17 4096 76
6250 7 4096 63
6303 45 4096 67
6371 9 4096 90
6448 15 4096 58
6532 38 4096 75
6591 35 4096 46
6671 41 4096 75
6745 16 4096 67
6840 4 4096 75
6916 43 4096 85
6979 2 4096 61
7030 30 4096 69
7093 31 4096 78
7149 33 4096 57
7231 14 4096 75
7291 3 4096 72
7379 13 4096 90
7459 6 4096 79
7546 26 4096 66
7611 39 4096 57
7696 21 4096 66
7779 32 4096 57
7852 5 4096 63
7903 19 4096 78
7969 18 4096 90
8069 23 4096 66
8123 44 4096 70
8208 11 4096 79
8274 20 4096 63
8364 27 4096 81
8444 8 4096 64
8543 28 4096 52
8594 37 4096 75
8666 1 4096 64
8731 25 4096 72
8794 42 4096 82
8869 47 4096 70
8926 15 4096 79
9019 13 4096 64
9115 6 4096 93
9203 26 4096 75
9270 1 4096 73
9370 23 4096 99
9428 29 4096 91
9522 30 4096 57
