0 7 4096 21
100 31 4096 22
200 22 4096 23
300 3 4096 25
400 27 4096 23
500 39 4096 21
600 17 4096 21
700 19 4096 21
800 4 4096 20
900 26 4096 26
1000 16 4096 23
1100 24 4096 22
1200 38 4096 23
1300 28 4096 25
1400 35 4096 25
1500 5 4096 21
1600 9 4096 22
1699 40 4096 21
1797 8 4096 31
1894 1 4096 25
1989 21 4096 27
2081 2 4096 23
2169 13 4096 20
2251 29 4096 22
2327 37 4096 15
2394 10 4096 26
2452 46 4096 26
2501 44 4096 26
2540 14 4096 22
2571 34 4096 26
2594 30 4096 20
2612 15 4096 21
2628 6 4096 24
2644 43 4096 22
2662 18 4096 28
2685 20 4096 26
2715 23 4096 26
2752 45 4096 23
2798 25 4096 27
2852 12 4096 22
2915 42 4096 14
2985 41 4096 23
3062 11 4096 28
3144 36 4096 24
3231 32 4096 26
3321 33 4096 30
3414 4 4096 21
3509 20 4096 21
3606 33 4096 23
3704 22 4096 30
3803 25 4096 24
3902 36 4096 24
4001 34 4096 26
4101 35 4096 19
4201 32 4096 27
4301 40 4096 19
4401 8 4096 20
4501 18 4096 24
4601 11 4096 25
4701 17 4096 24
4801 3 4096 25
4901 43 4096 20
5001 5 4096 26
5101 28 4096 23
5201 24 4096 23
5301 39 4096 24
5401 13 4096 24
5501 19 4096 27
5601 10 4096 23
5701 29 4096 20
5801 27 4096 21
5901 41 4096 22
6001 23 4096 21
6101 26 4096 21
6201 2 4096 27
6301 21 4096 30
6401 31 4096 20
6501 9 4096 21
6601 42 4096 20
6701 16 4096 24
6801 1 4096 20
6901 12 4096 20
7001 14 4096 25
7101 30 4096 21
7201 15 4096 22
7301 45 4096 30
7401 44 4096 19
7501 46 4096 25
7601 38 4096 15
7701 37 4096 25
7801 6 4096 22
7901 7 4096 25
8001 31 4096 28
8101 27 4096 20
8201 11 4096 23
8301 9 4096 26
8401 45 4096 19
8501 32 4096 25
8601 7 4096 24
8701 40 4096 30
8801 18 4096 26
8901 24 4096 22
9001 39 4096 19
9101 41 4096 22
9201 23 4096 19
9301 28 4096 21
9401 4 4096 26
9501 42 4096 30
9601 25 4096 22
9701 6 4096 23
9801 34 4096 26
9901 22 4096 21
10001 13 4096 27
10101 21 4096 21
10201 26 4096 17
10301 43 4096 25
10401 10 4096 21
10501 20 4096 24
10601 30 4096 27
10701 17 4096 23
10801 12 4096 26
10901 1 4096 21
11001 19 4096 31
11101 8 4096 25
11201 38 4096 24
11301 2 4096 33
11401 35 4096 30
11501 36 4096 19
