0 16 5.0 5 46
100 18 0.01 15 47
200 27 0.1 9 54
300 31 0.5 11 56
400 2 100.0 7 36
500 19 1.11 8 39
600 24 5.0 11 50
700 42 0.01 15 44
800 5 5.0 3 42
900 21 0.1 4 53
1000 29 100.0 14 35
1100 34 0.5 7 47
1200 13 0.01 3 46
1300 9 100.0 15 56
1400 38 0.9 6 33
1500 44 10.0 6 32
1600 14 1.11 13 41
1699 6 10.0 13 42
1797 36 0.9 10 51
1894 45 5.0 14 28
1989 17 100.0 3 57
2081 20 0.01 9 56
2169 28 1.11 15 58
2251 46 1.11 11 51
2327 12 1.11 3 40
2394 8 5.0 16 46
2452 25 0.01 15 43
2501 43 0.1 13 40
2540 4 0.5 10 38
2571 11 1.11 6 52
2594 40 0.01 15 42
2612 32 0.5 15 54
2628 1 100.0 14 43
2644 7 0.5 11 43
2662 39 100.0 13 49
2685 30 5.0 15 40
2715 15 1.11 12 50
2752 22 0.5 13 63
2798 26 1.11 3 62
2852 33 100.0 11 46
2915 3 5.0 7 36
2985 23 10.0 14 50
3062 41 0.9 10 44
3144 35 0.1 16 40
3231 12 100.0 15 57
3321 20 10.0 7 53
3414 27 1.11 8 46
3509 42 5.0 3 43
3606 13 0.01 16 47
3704 7 100.0 3 42
3803 29 0.1 4 47
3902 31 1.11 7 60
4001 14 0.01 10 51
4101 6 0.01 12 43
4201 28 0.1 15 52
4301 45 10.0 5 61
4401 15 1.11 13 36
4501 18 0.9 13 49
4601 40 100.0 5 54
4701 44 0.9 8 42
4801 1 0.9 16 58
4901 11 0.1 5 51
5001 39 0.1 9 36
5101 30 1.11 8 62
