0 14 5.0 5 131
100 3 0.01 15 141
200 16 0.1 9 132
300 9 0.5 11 134
400 22 100.0 7 122
500 7 1.11 8 129
600 44 5.0 11 137
700 11 0.01 15 136
800 26 5.0 3 128
900 13 0.1 4 129
1000 4 100.0 14 135
1100 21 0.5 7 132
1200 36 0.01 3 136
1300 25 100.0 15 117
1400 42 0.9 6 134
1500 27 10.0 6 134
1600 12 1.11 13 129
1699 19 10.0 13 144
1797 32 0.9 10 130
1894 17 5.0 14 140
1989 24 100.0 3 139
2081 37 0.01 9 137
2169 6 1.11 15 133
2251 41 1.11 11 126
2327 10 1.11 3 121
2394 35 5.0 16 128
2452 18 0.01 15 131
2501 29 0.1 13 128
2540 2 0.5 10 139
2571 1 1.11 6 132
2594 40 0.01 15 135
2612 23 0.5 15 138
2628 30 100.0 14 135
2644 39 0.5 11 122
2662 20 100.0 13 111
2685 43 5.0 15 127
2715 34 1.11 12 118
2752 33 0.5 13 123
2798 46 1.11 3 130
2852 45 100.0 11 142
2915 38 5.0 7 118
2985 15 10.0 14 127
3062 28 0.9 10 127
3144 31 0.1 16 127
3231 8 100.0 15 122
3321 5 10.0 7 128
3414 2 1.11 8 129
3509 43 5.0 3 132
3606 6 0.01 16 139
3704 9 100.0 3 133
3803 28 0.1 4 138
3902 3 1.11 7 128
4001 40 0.01 10 132
4101 35 0.01 12 126
4201 22 0.1 15 114
4301 13 10.0 5 133
4401 24 1.11 13 143
4501 11 0.9 13 149
4601 20 100.0 5 136
4701 25 0.9 8 134
4801 12 0.9 16 123
4901 21 0.1 5 141
5001 42 0.1 9 122
5101 31 1.11 8 138
5201 36 0.9 14 127
5301 39 5.0 7 142
5401 4 10.0 10 136
5501 45 0.01 7 134
5601 16 5.0 5 147
5701 23 10.0 14 125
5801 14 0.5 13 129
5901 19 100.0 7 142
6001 26 0.9 16 116
6101 29 0.01 11 126
6201 30 0.1 16 126
6301 27 10.0 9 119
6401 34 0.9 12 130
6501 7 0.01 10 131
6601 18 0.1 14 127
6701 41 0.9 3 123
6801 44 0.01 15 139
6901 1 10.0 6 131
7001 10 0.1 9 131
7101 5 5.0 11 134
7201 38 0.01 6 123
7301 33 0.1 9 139
7401 46 5.0 5 113
7501 17 10.0 12 136
7601 32 1.11 15 124
7701 15 0.5 13 129
7801 8 0.9 6 131
7901 37 0.5 11 116
8001 44 5.0 7 132
8101 45 0.5 14 137
8201 26 100.0 16 125
8301 17 10.0 14 119
8401 18 0.1 10 122
8501 1 0.5 10 122
8601 16 0.9 14 136
8701 29 0.9 5 123
8801 34 0.9 15 137
8901 33 0.01 16 129
9001 38 1.11 6 127
9101 5 0.5 11 117
9201 4 5.0 5 133
9301 3 10.0 14 130
9401 6 0.01 14 131
9501 31 100.0 14 142
9601 28 0.9 10 126
9701 19 0.5 5 136
9801 14 1.11 13 127
9901 21 0.5 9 137
10001 20 10.0 13 133
10101 9 5.0 6 119
10201 2 0.1 13 120
10301 35 0.5 14 127
10401 36 100.0 14 123
10501 37 0.1 16 154
10601 22 100.0 6 139
10701 41 10.0 14 131
10801 8 5.0 16 141
10901 43 1.11 13 144
11001 40 0.9 14 121
11101 39 10.0 3 128
11201 24 0.1 10 127
11301 23 10.0 5 126
11401 32 0.5 6 109
11501 27 100.0 14 132
