0 16 5.0 5 58
100 18 0.01 15 72
200 27 0.1 9 61
300 31 0.5 11 60
400 2 100.0 7 64
500 19 1.11 8 64
600 24 5.0 11 76
700 42 0.01 15 54
800 5 5.0 3 56
900 21 0.1 4 60
1000 29 100.0 14 54
1100 34 0.5 7 55
1200 13 0.01 3 60
1300 9 100.0 15 71
1400 38 0.9 6 63
1500 44 10.0 6 68
1600 14 1.11 13 67
1699 6 10.0 13 69
1797 36 0.9 10 58
1894 45 5.0 14 64
1989 17 100.0 3 78
2081 20 0.01 9 65
2169 28 1.11 15 61
2251 46 1.11 11 75
2327 12 1.11 3 64
2394 8 5.0 16 62
2452 25 0.01 15 71
2501 43 0.1 13 71
2540 4 0.5 10 50
2571 11 1.11 6 61
2594 40 0.01 15 61
2612 32 0.5 15 67
2628 1 100.0 14 69
2644 7 0.5 11 75
2662 39 100.0 13 68
2685 30 5.0 15 66
2715 15 1.11 12 64
2752 22 0.5 13 69
2798 26 1.11 3 60
2852 33 100.0 11 57
2915 3 5.0 7 62
2985 23 10.0 14 78
3062 41 0.9 10 60
3144 35 0.1 16 82
3231 12 100.0 15 60
3321 20 10.0 7 64
3414 27 1.11 8 62
3509 42 5.0 3 64
3606 13 0.01 16 62
3704 7 100.0 3 62
3803 29 0.1 4 45
3902 31 1.11 7 69
4001 14 0.01 10 61
4101 6 0.01 12 58
4201 28 0.1 15 58
4301 45 10.0 5 81
4401 15 1.11 13 51
4501 18 0.9 13 63
4601 40 100.0 5 69
4701 44 0.9 8 72
4801 1 0.9 16 64
4901 11 0.1 5 57
5001 39 0.1 9 76
5101 30 1.11 8 65
