0 7 4096 64
100 31 4096 67
200 22 4096 70
300 3 4096 75
400 27 4096 70
500 39 4096 64
600 17 4096 63
700 19 4096 63
800 4 4096 60
900 26 4096 78
1000 16 4096 69
1100 24 4096 67
1200 38 4096 69
1300 28 4096 76
1400 35 4096 76
1500 5 4096 64
1600 9 4096 67
1699 40 4096 63
1797 8 4096 93
1894 1 4096 75
1989 21 4096 82
2081 2 4096 69
2169 13 4096 61
2251 29 4096 67
2327 37 4096 45
2394 10 4096 79
2452 46 4096 79
2501 44 4096 79
2540 14 4096 67
2571 34 4096 79
2594 30 4096 61
2612 15 4096 63
2628 6 4096 72
2644 43 4096 67
2662 18 4096 84
2685 20 4096 79
2715 23 4096 78
2752 45 4096 70
2798 25 4096 82
2852 12 4096 66
2915 42 4096 43
2985 41 4096 70
3062 11 4096 85
3144 36 4096 72
3231 32 4096 79
3321 33 4096 91
3414 4 4096 64
3509 20 4096 64
3606 33 4096 69
3704 22 4096 90
3803 25 4096 73
3902 36 4096 73
4001 34 4096 78
4101 35 4096 57
4201 32 4096 81
4301 40 4096 57
4401 8 4096 61
4501 18 4096 72
4601 11 4096 75
4701 17 4096 72
4801 3 4096 76
4901 43 4096 61
5001 5 4096 79
5101 28 4096 69
5201 24 4096 70
5301 39 4096 72
5401 13 4096 72
5501 19 4096 82
5601 10 4096 69
5701 29 4096 61
5801 27 4096 63
5901 41 4096 66
6001 23 4096 63
6101 26 4096 63
6201 2 4096 81
6301 21 4096 90
6401 31 4096 61
6501 9 4096 64
6601 42 4096 60
6701 16 4096 72
6801 1 4096 60
6901 12 4096 61
7001 14 4096 76
7101 30 4096 63
7201 15 4096 67
7301 45 4096 90
7401 44 4096 58
7501 46 4096 75
7601 38 4096 46
7701 37 4096 75
7801 6 4096 67
7901 7 4096 75
8001 31 4096 85
8101 27 4096 61
8201 11 4096 69
8301 9 4096 78
8401 45 4096 57
8501 32 4096 75
8601 7 4096 72
8701 40 4096 90
8801 18 4096 79
8901 24 4096 66
9001 39 4096 57
9101 41 4096 66
9201 23 4096 57
9301 28 4096 63
9401 4 4096 78
9501 42 4096 90
9601 25 4096 66
9701 6 4096 70
9801 34 4096 79
9901 22 4096 63
10001 13 4096 81
10101 21 4096 64
10201 26 4096 52
10301 43 4096 75
10401 10 4096 64
10501 20 4096 72
10601 30 4096 82
10701 17 4096 70
10801 12 4096 79
10901 1 4096 64
11001 19 4096 93
11101 8 4096 75
11201 38 4096 73
11301 2 4096 99
11401 35 4096 91
11501 36 4096 57
