0 18 4096 64
99 27 4096 67
176 35 4096 70
266 6 4096 75
321 42 4096 70
403 13 4096 64
503 31 4096 63
566 29 4096 63
646 22 4096 60
706 3 4096 78
778 41 4096 69
828 7 4096 67
925 1 4096 69
1021 19 4096 76
1095 11 4096 76
1181 21 4096 64
1232 43 4096 67
1312 39 4096 63
1406 30 4096 93
1487 23 4096 75
1552 2 4096 82
1649 40 4096 69
1708 10 4096 61
1782 46 4096 67
1870 38 4096 45
1941 24 4096 79
2029 5 4096 79
2120 36 4096 79
2188 44 4096 67
2249 17 4096 79
2310 26 4096 61
2372 9 4096 63
2453 28 4096 72
2503 4 4096 67
2563 8 4096 84
2619 15 4096 79
2674 12 4096 78
2768 33 4096 70
2830 32 4096 82
2885 14 4096 66
2964 34 4096 43
3035 37 4096 70
3126 25 4096 85
3216 45 4096 72
3293 20 4096 79
3344 16 4096 91
3442 31 4096 64
3496 14 4096 64
3595 45 4096 69
3656 10 4096 90
3746 2 4096 73
3802 41 4096 73
3852 23 4096 78
3945 19 4096 57
4024 11 4096 81
4086 35 4096 57
4160 44 4096 61
4249 12 4096 72
4310 25 4096 75
4410 3 4096 72
4510 15 4096 76
4571 29 4096 61
4637 28 4096 79
4713 4 4096 69
4805 27 4096 70
4901 8 4096 72
4960 40 4096 72
5034 21 4096 82
5133 13 4096 69
5203 17 4096 61
5274 46 4096 63
5360 7 4096 66
5454 18 4096 63
5511 1 4096 63
5586 32 4096 81
5671 9 4096 90
5732 37 4096 61
5808 38 4096 64
5888 43 4096 60
5950 34 4096 72
6042 33 4096 60
6125 42 4096 61
6176 22 4096 76
6250 20 4096 63
6303 26 4096 67
6371 16 4096 90
6448 36 4096 58
6532 39 4096 75
6591 24 4096 46
6671 30 4096 75
6745 6 4096 67
6840 5 4096 75
6916 2 4096 85
6979 35 4096 61
7030 25 4096 69
7093 37 4096 78
7149 3 4096 57
7231 5 4096 75
7291 34 4096 72
7379 32 4096 90
7459 16 4096 79
7546 29 4096 66
7611 27 4096 57
7696 30 4096 66
7779 36 4096 57
7852 20 4096 63
7903 39 4096 78
7969 24 4096 90
8069 31 4096 66
8123 7 4096 70
8208 43 4096 79
8274 4 4096 63
8364 13 4096 81
8444 44 4096 64
8543 41 4096 52
8594 38 4096 75
8666 12 4096 64
8731 11 4096 72
8794 14 4096 82
8869 18 4096 70
8926 23 4096 79
9019 6 4096 64
9115 33 4096 93
9203 40 4096 75
9270 26 4096 73
9370 1 4096 99
9428 21 4096 91
9522 45 4096 57
