0 16 4096 43
99 18 4096 45
176 27 4096 47
266 31 4096 50
321 2 4096 47
403 19 4096 43
503 24 4096 42
566 42 4096 42
646 5 4096 40
706 21 4096 52
778 29 4096 46
828 34 4096 45
925 13 4096 46
1021 9 4096 51
1095 38 4096 51
1181 44 4096 43
1232 14 4096 45
1312 6 4096 42
1406 36 4096 62
1487 45 4096 50
1552 17 4096 55
1649 20 4096 46
1708 28 4096 41
1782 46 4096 45
1870 12 4096 30
1941 8 4096 53
2029 25 4096 53
2120 43 4096 53
2188 4 4096 45
2249 11 4096 53
2310 40 4096 41
2372 32 4096 42
2453 1 4096 48
2503 7 4096 45
2563 39 4096 56
2619 30 4096 53
2674 15 4096 52
2768 22 4096 47
2830 26 4096 55
2885 33 4096 44
2964 3 4096 29
3035 23 4096 47
3126 41 4096 57
3216 35 4096 48
3293 12 4096 53
3344 20 4096 61
3442 27 4096 43
3496 42 4096 43
3595 13 4096 46
3656 7 4096 60
3746 29 4096 49
3802 31 4096 49
3852 14 4096 52
3945 6 4096 38
4024 28 4096 54
4086 45 4096 38
4160 15 4096 41
4249 18 4096 48
4310 40 4096 50
4410 44 4096 48
4510 1 4096 51
4571 11 4096 41
4637 39 4096 53
4713 30 4096 46
4805 16 4096 47
4901 23 4096 48
4960 24 4096 48
5034 33 4096 55
5133 5 4096 46
5203 8 4096 41
5274 36 4096 42
5360 32 4096 44
5454 4 4096 42
5511 9 4096 42
5586 26 4096 54
5671 35 4096 60
5732 3 4096 41
5808 21 4096 43
5888 41 4096 40
5950 46 4096 48
6042 2 4096 40
6125 22 4096 41
6176 38 4096 51
6250 43 4096 42
6303 17 4096 45
6371 19 4096 60
6448 25 4096 39
6532 34 4096 50
6591 16 4096 31
6671 20 4096 50
6745 41 4096 45
6840 33 4096 50
6916 14 4096 57
6979 18 4096 41
7030 28 4096 46
7093 46 4096 52
7149 1 4096 38
7231 19 4096 50
7291 27 4096 48
7379 43 4096 60
7459 17 4096 53
7546 21 4096 44
7611 40 4096 38
7696 44 4096 44
7779 13 4096 38
7852 6 4096 42
7903 24 4096 52
7969 30 4096 60
8069 12 4096 44
8123 7 4096 47
8208 39 4096 53
8274 31 4096 42
8364 5 4096 54
8444 9 4096 43
8543 29 4096 35
8594 45 4096 50
8666 15 4096 43
8731 23 4096 48
8794 26 4096 55
8869 42 4096 47
8926 2 4096 53
9019 22 4096 43
9115 25 4096 62
9203 35 4096 50
9270 3 4096 49
9370 11 4096 66
9428 36 4096 61
9522 32 4096 38
