0 18 4096 43
100 23 4096 45
200 31 4096 47
300 34 4096 50
400 21 4096 47
500 24 4096 43
600 19 4096 42
700 44 4096 42
800 32 4096 40
900 3 4096 52
1000 6 4096 46
1100 22 4096 45
1200 41 4096 46
1300 1 4096 51
1400 2 4096 51
1500 30 4096 43
1600 9 4096 45
1699 15 4096 42
1797 8 4096 62
1894 42 4096 50
1989 46 4096 55
2081 26 4096 46
2169 35 4096 41
2251 28 4096 45
2327 38 4096 30
2394 20 4096 53
2452 11 4096 53
2501 39 4096 53
2540 14 4096 45
2571 36 4096 53
2594 5 4096 41
2612 27 4096 42
2628 7 4096 48
2644 12 4096 45
2662 45 4096 56
2685 43 4096 53
2715 29 4096 52
2752 17 4096 47
2798 25 4096 55
2852 33 4096 44
2915 40 4096 29
2985 16 4096 47
3062 13 4096 57
3144 4 4096 48
3231 14 4096 53
3321 44 4096 61
3414 28 4096 43
3509 38 4096 43
3606 1 4096 46
3704 17 4096 60
3803 29 4096 49
3902 16 4096 49
4001 33 4096 52
4101 43 4096 38
4201 12 4096 54
4301 41 4096 38
4401 25 4096 41
4501 18 4096 48
4601 36 4096 50
4701 9 4096 48
4801 42 4096 51
4901 46 4096 41
5001 39 4096 53
5101 34 4096 46
5201 31 4096 47
5301 45 4096 48
5401 5 4096 48
5501 21 4096 55
5601 15 4096 46
5701 24 4096 41
5801 30 4096 42
5901 26 4096 44
6001 27 4096 42
6101 4 4096 42
6201 40 4096 54
6301 22 4096 60
6401 2 4096 41
6501 35 4096 43
6601 8 4096 40
6701 32 4096 48
6801 6 4096 40
6901 7 4096 41
7001 19 4096 51
7101 23 4096 42
7201 3 4096 45
7301 13 4096 60
7401 11 4096 39
7501 20 4096 50
7601 18 4096 31
7701 3 4096 50
7801 1 4096 45
7901 20 4096 50
8001 34 4096 57
8101 4 4096 41
8201 38 4096 46
8301 16 4096 52
8401 22 4096 38
8501 23 4096 50
8601 27 4096 48
8701 25 4096 60
8801 24 4096 53
8901 42 4096 44
9001 5 4096 38
9101 46 4096 44
9201 31 4096 38
9301 9 4096 42
9401 21 4096 52
9501 28 4096 60
9601 13 4096 44
9701 29 4096 47
9801 44 4096 53
9901 43 4096 42
10001 12 4096 54
10101 17 4096 43
10201 11 4096 35
10301 6 4096 50
10401 2 4096 43
10501 7 4096 48
10601 32 4096 55
10701 35 4096 47
10801 8 4096 53
10901 15 4096 43
11001 19 4096 62
11101 30 4096 50
11201 45 4096 49
11301 36 4096 66
11401 39 4096 61
11501 41 4096 38
