0 14 5.0 5 15
100 3 0.01 15 17
200 16 0.1 9 9
300 9 0.5 11 24
400 22 100.0 7 28
500 7 1.11 8 33
600 44 5.0 11 3
700 11 0.01 15 19
800 26 5.0 3 31
900 13 0.1 4 23
1000 4 100.0 14 11
1100 21 0.5 7 21
1200 36 0.01 3 8
1300 25 100.0 15 18
1400 42 0.9 6 7
1500 27 10.0 6 23
1600 12 1.11 13 -3
1699 19 10.0 13 26
1797 32 0.9 10 3
1894 17 5.0 14 22
1989 24 100.0 3 30
2081 37 0.01 9 29
2169 6 1.11 15 18
2251 41 1.11 11 8
2327 10 1.11 3 19
2394 35 5.0 16 21
2452 18 0.01 15 20
2501 29 0.1 13 15
2540 2 0.5 10 5
2571 1 1.11 6 19
2594 40 0.01 15 11
2612 23 0.5 15 4
2628 30 100.0 14 20
2644 39 0.5 11 23
2662 20 100.0 13 12
2685 43 5.0 15 5
2715 34 1.11 12 26
2752 33 0.5 13 12
2798 46 1.11 3 37
2852 45 100.0 11 10
2915 38 5.0 7 34
2985 15 10.0 14 23
3062 28 0.9 10 6
3144 31 0.1 16 14
3231 8 100.0 15 28
3321 5 10.0 7 24
3414 2 1.11 8 8
3509 43 5.0 3 0
3606 6 0.01 16 9
3704 9 100.0 3 18
3803 28 0.1 4 33
3902 3 1.11 7 21
4001 40 0.01 10 25
4101 35 0.01 12 5
4201 22 0.1 15 29
4301 13 10.0 5 6
4401 24 1.11 13 9
4501 11 0.9 13 22
4601 20 100.0 5 15
4701 25 0.9 8 1
4801 12 0.9 16 8
4901 21 0.1 5 20
5001 42 0.1 9 -4
5101 31 1.11 8 7
5201 36 0.9 14 21
5301 39 5.0 7 23
5401 4 10.0 10 36
5501 45 0.01 7 7
5601 16 5.0 5 19
5701 23 10.0 14 16
5801 14 0.5 13 12
5901 19 100.0 7 23
6001 26 0.9 16 11
6101 29 0.01 11 15
6201 30 0.1 16 16
6301 27 10.0 9 13
6401 34 0.9 12 28
6501 7 0.01 10 18
6601 18 0.1 14 18
6701 41 0.9 3 9
6801 44 0.01 15 21
6901 1 10.0 6 12
7001 10 0.1 9 13
7101 5 5.0 11 16
7201 38 0.01 6 5
7301 33 0.1 9 11
7401 46 5.0 5 16
7501 17 10.0 12 18
7601 32 1.11 15 32
7701 15 0.5 13 35
7801 8 0.9 6 14
7901 37 0.5 11 27
8001 44 5.0 7 16
8101 45 0.5 14 26
8201 26 100.0 16 30
8301 17 10.0 14 23
8401 18 0.1 10 2
8501 1 0.5 10 36
8601 16 0.9 14 10
8701 29 0.9 5 26
8801 34 0.9 15 27
8901 33 0.01 16 19
9001 38 1.11 6 21
9101 5 0.5 11 4
9201 4 5.0 5 17
9301 3 10.0 14 20
9401 6 0.01 14 23
9501 31 100.0 14 20
9601 28 0.9 10 9
9701 19 0.5 5 29
9801 14 1.11 13 12
9901 21 0.5 9 13
10001 20 10.0 13 16
10101 9 5.0 6 10
10201 2 0.1 13 14
10301 35 0.5 14 27
10401 36 100.0 14 18
10501 37 0.1 16 19
10601 22 100.0 6 13
10701 41 10.0 14 35
10801 8 5.0 16 20
10901 43 1.11 13 27
11001 40 0.9 14 15
11101 39 10.0 3 30
11201 24 0.1 10 20
11301 23 10.0 5 34
11401 32 0.5 6 26
11501 27 100.0 14 17
