0 1 5.0 5 58
99 45 0.01 15 72
176 10 0.1 9 61
266 36 0.5 11 60
321 2 100.0 7 64
403 23 1.11 8 64
503 37 5.0 11 76
566 46 0.01 15 54
646 4 5.0 3 56
706 3 0.1 4 60
778 43 100.0 14 54
828 6 0.5 7 55
925 8 0.01 3 60
1021 39 100.0 15 71
1095 11 0.9 6 63
1181 12 10.0 6 68
1232 13 1.11 13 67
1312 22 10.0 13 69
1406 24 0.9 10 58
1487 25 5.0 14 64
1552 33 100.0 3 78
1649 34 0.01 9 65
1708 35 1.11 15 61
1782 38 1.11 11 75
1870 41 1.11 3 64
1941 9 5.0 16 62
2029 5 0.01 15 71
2120 44 0.1 13 71
2188 7 0.5 10 50
2249 14 1.11 6 61
2310 15 0.01 15 61
2372 16 0.5 15 67
2453 18 100.0 14 69
2503 20 0.5 11 75
2563 21 100.0 13 68
2619 26 5.0 15 66
2674 27 1.11 12 64
2768 29 0.5 13 69
2830 31 1.11 3 60
2885 32 100.0 11 57
2964 40 5.0 7 62
3035 42 10.0 14 78
3126 17 0.9 10 60
3216 19 0.1 16 82
3293 28 100.0 15 60
3344 30 10.0 7 64
3442 1 1.11 8 62
3496 45 5.0 3 64
3595 10 0.01 16 62
3656 36 100.0 3 62
3746 2 0.1 4 45
3802 23 1.11 7 69
3852 37 0.01 10 61
3945 46 0.01 12 58
4024 4 0.1 15 58
4086 3 10.0 5 81
4160 43 1.11 13 51
4249 6 0.9 13 63
4310 8 100.0 5 69
4410 39 0.9 8 72
4510 11 0.9 16 64
4571 12 0.1 5 57
4637 13 0.1 9 76
4713 22 1.11 8 65
4805 24 0.9 14 78
4901 25 5.0 7 69
4960 33 10.0 10 82
5034 34 0.01 7 64
5133 35 5.0 5 57
5203 38 10.0 14 71
5274 41 0.5 13 67
5360 9 100.0 7 82
5454 5 0.9 16 61
5511 44 0.01 11 53
5586 7 0.1 16 74
5671 14 10.0 9 63
5732 15 0.9 12 59
5808 16 0.01 10 76
5888 18 0.1 14 59
5950 20 0.9 3 67
6042 21 0.01 15 56
6125 26 10.0 6 69
6176 27 0.1 9 51
6250 29 5.0 11 82
6303 31 0.01 6 70
6371 32 0.1 9 55
6448 40 5.0 5 67
6532 42 10.0 12 48
6591 17 1.11 15 65
6671 19 0.5 13 64
6745 28 0.9 6 78
6840 30 0.5 11 69
6916 1 5.0 7 58
6979 45 0.5 14 67
7030 10 100.0 16 52
7093 36 10.0 14 55
7149 2 0.1 10 60
7231 23 0.5 10 68
7291 37 0.9 14 75
7379 46 0.9 5 55
7459 4 0.9 15 57
7546 3 0.01 16 72
7611 43 1.11 6 55
7696 6 0.5 11 62
7779 8 5.0 5 67
7852 39 10.0 14 70
7903 11 0.01 14 69
7969 12 100.0 14 81
8069 13 0.9 10 57
8123 22 0.5 5 79
8208 24 1.11 13 61
8274 25 0.5 9 61
8364 33 10.0 13 55
8444 34 5.0 6 58
8543 35 0.1 13 67
8594 38 0.5 14 63
8666 41 100.0 14 60
8731 9 0.1 16 61
8794 5 100.0 6 72
8869 44 10.0 14 57
8926 7 5.0 16 64
9019 14 1.11 13 63
9115 15 0.9 14 80
9203 16 10.0 3 64
9270 18 0.1 10 70
9370 20 10.0 5 52
9428 21 0.5 6 60
9522 26 100.0 14 63
