0 18 5.0 5 111
100 27 0.01 15 88
200 35 0.1 9 102
300 6 0.5 11 91
400 42 100.0 7 91
500 13 1.11 8 90
600 31 5.0 11 91
700 29 0.01 15 81
800 22 5.0 3 88
900 3 0.1 4 86
1000 41 100.0 14 106
1100 7 0.5 7 99
1200 1 0.01 3 96
1300 19 100.0 15 110
1400 11 0.9 6 90
1500 21 10.0 6 95
1600 43 1.11 13 99
1699 39 10.0 13 96
1797 30 0.9 10 104
1894 23 5.0 14 98
1989 2 100.0 3 93
2081 40 0.01 9 107
2169 10 1.11 15 99
2251 46 1.11 11 97
2327 38 1.11 3 95
2394 24 5.0 16 91
2452 5 0.01 15 101
2501 36 0.1 13 97
2540 44 0.5 10 104
2571 17 1.11 6 104
2594 26 0.01 15 96
2612 9 0.5 15 110
2628 28 100.0 14 105
2644 4 0.5 11 98
2662 8 100.0 13 105
2685 15 5.0 15 91
2715 12 1.11 12 103
2752 33 0.5 13 89
2798 32 1.11 3 96
2852 14 100.0 11 91
2915 34 5.0 7 109
2985 37 10.0 14 93
3062 25 0.9 10 88
3144 45 0.1 16 103
3231 20 100.0 15 87
3321 16 10.0 7 91
3414 31 1.11 8 114
3509 14 5.0 3 105
3606 45 0.01 16 86
3704 10 100.0 3 109
3803 2 0.1 4 92
3902 41 1.11 7 94
4001 23 0.01 10 88
4101 19 0.01 12 100
4201 11 0.1 15 92
4301 35 10.0 5 84
4401 44 1.11 13 80
4501 12 0.9 13 97
4601 25 100.0 5 101
4701 3 0.9 8 93
4801 15 0.9 16 87
4901 29 0.1 5 87
5001 28 0.1 9 88
5101 4 1.11 8 97
5201 27 0.9 14 99
5301 8 5.0 7 112
5401 40 10.0 10 97
5501 21 0.01 7 103
5601 13 5.0 5 97
5701 17 10.0 14 93
5801 46 0.5 13 102
5901 7 100.0 7 95
6001 18 0.9 16 99
6101 1 0.01 11 93
6201 32 0.1 16 96
6301 9 10.0 9 100
6401 37 0.9 12 99
6501 38 0.01 10 99
6601 43 0.1 14 103
6701 34 0.9 3 105
6801 33 0.01 15 83
6901 42 10.0 6 96
7001 22 0.1 9 99
7101 20 5.0 11 97
7201 26 0.01 6 94
7301 16 0.1 9 95
7401 36 5.0 5 91
7501 39 10.0 12 92
7601 24 1.11 15 86
7701 30 0.5 13 93
7801 6 0.9 6 94
7901 5 0.5 11 99
8001 2 5.0 7 99
8101 35 0.5 14 103
8201 25 100.0 16 86
8301 37 10.0 14 105
8401 3 0.1 10 93
8501 5 0.5 10 89
8601 34 0.9 14 93
8701 32 0.9 5 98
8801 16 0.9 15 84
8901 29 0.01 16 88
9001 27 1.11 6 85
9101 30 0.5 11 96
9201 36 5.0 5 97
9301 20 10.0 14 95
9401 39 0.01 14 95
9501 24 100.0 14 95
9601 31 0.9 10 106
9701 7 0.5 5 107
9801 43 1.11 13 92
9901 4 0.5 9 90
10001 13 10.0 13 91
10101 44 5.0 6 86
10201 41 0.1 13 101
10301 38 0.5 14 99
10401 12 100.0 14 95
10501 11 0.1 16 111
10601 14 100.0 6 92
10701 18 10.0 14 98
10801 23 5.0 16 98
10901 6 1.11 13 87
11001 33 0.9 14 95
11101 40 10.0 3 81
11201 26 0.1 10 84
11301 1 10.0 5 102
11401 21 0.5 6 96
11501 45 100.0 14 92
