0 18 5.0 5 8
100 27 0.01 15 28
200 35 0.1 9 17
300 6 0.5 11 17
400 42 100.0 7 17
500 13 1.11 8 10
600 31 5.0 11 11
700 29 0.01 15 12
800 22 5.0 3 12
900 3 0.1 4 23
1000 41 100.0 14 16
1100 7 0.5 7 20
1200 1 0.01 3 9
1300 19 100.0 15 15
1400 11 0.9 6 24
1500 21 10.0 6 18
1600 43 1.11 13 16
1699 39 10.0 13 22
1797 30 0.9 10 14
1894 23 5.0 14 17
1989 2 100.0 3 15
2081 40 0.01 9 22
2169 10 1.11 15 13
2251 46 1.11 11 17
2327 38 1.11 3 17
2394 24 5.0 16 22
2452 5 0.01 15 18
2501 36 0.1 13 16
2540 44 0.5 10 18
2571 17 1.11 6 16
2594 26 0.01 15 14
2612 9 0.5 15 20
2628 28 100.0 14 10
2644 4 0.5 11 13
2662 8 100.0 13 23
2685 15 5.0 15 14
2715 12 1.11 12 15
2752 33 0.5 13 14
2798 32 1.11 3 15
2852 14 100.0 11 24
2915 34 5.0 7 16
2985 37 10.0 14 12
3062 25 0.9 10 17
3144 45 0.1 16 18
3231 20 100.0 15 12
3321 16 10.0 7 12
3414 31 1.11 8 15
3509 14 5.0 3 20
3606 45 0.01 16 16
3704 10 100.0 3 15
3803 2 0.1 4 15
3902 41 1.11 7 21
4001 23 0.01 10 23
4101 19 0.01 12 14
4201 11 0.1 15 9
4301 35 10.0 5 19
4401 44 1.11 13 15
4501 12 0.9 13 15
4601 25 100.0 5 17
4701 3 0.9 8 14
4801 15 0.9 16 23
4901 29 0.1 5 21
5001 28 0.1 9 18
5101 4 1.11 8 15
