0 6 4096 64
100 23 4096 67
200 5 4096 70
300 7 4096 75
400 21 4096 70
500 41 4096 64
600 44 4096 63
700 29 4096 63
800 33 4096 60
900 11 4096 78
1000 26 4096 69
1100 9 4096 67
1200 19 4096 69
1300 46 4096 76
1400 16 4096 76
1500 1 4096 64
1600 40 4096 67
1699 38 4096 63
1797 15 4096 93
1894 27 4096 75
1989 2 4096 82
2081 45 4096 69
2169 17 4096 61
2251 43 4096 67
2327 18 4096 45
2394 35 4096 79
2452 3 4096 79
2501 39 4096 79
2540 37 4096 67
2571 20 4096 79
2594 12 4096 61
2612 36 4096 63
2628 34 4096 72
2644 25 4096 67
2662 47 4096 84
2685 14 4096 79
2715 42 4096 78
2752 10 4096 70
2798 31 4096 82
2852 13 4096 66
2915 22 4096 43
2985 30 4096 70
3062 20 4096 85
3144 27 4096 72
3231 40 4096 79
3321 36 4096 91
3414 6 4096 64
3509 11 4096 64
3606 38 4096 69
3704 30 4096 90
3803 10 4096 73
3902 29 4096 73
4001 46 4096 78
4101 12 4096 57
4201 37 4096 81
4301 21 4096 57
4401 43 4096 61
4501 19 4096 72
4601 18 4096 75
4701 33 4096 72
4801 25 4096 76
4901 13 4096 61
5001 9 4096 79
5101 3 4096 69
5201 15 4096 70
5301 39 4096 72
5401 22 4096 72
5501 47 4096 82
5601 7 4096 69
5701 2 4096 61
5801 41 4096 63
5901 16 4096 66
6001 44 4096 63
6101 17 4096 63
6201 14 4096 81
6301 31 4096 90
6401 1 4096 61
6501 34 4096 64
6601 23 4096 60
6701 45 4096 72
6801 35 4096 60
6901 5 4096 61
7001 26 4096 76
7101 42 4096 63
7201 34 4096 67
7301 12 4096 90
7401 31 4096 58
7501 41 4096 75
7601 16 4096 46
7701 40 4096 75
7801 35 4096 67
7901 17 4096 75
8001 43 4096 85
8101 39 4096 61
8201 21 4096 69
8301 26 4096 78
8401 23 4096 57
8501 36 4096 75
8601 1 4096 72
8701 3 4096 90
8801 13 4096 79
8901 14 4096 66
9001 37 4096 57
9101 6 4096 66
9201 46 4096 57
9301 42 4096 63
9401 45 4096 78
9501 15 4096 90
9601 47 4096 66
9701 9 4096 70
9801 29 4096 79
9901 18 4096 63
10001 27 4096 81
10101 10 4096 64
10201 38 4096 52
10301 33 4096 75
10401 30 4096 64
10501 7 4096 72
10601 5 4096 82
10701 11 4096 70
10801 25 4096 79
10901 22 4096 64
11001 20 4096 93
11101 44 4096 75
11201 19 4096 73
11301 2 4096 99
11401 31 4096 91
11501 26 4096 57
