0 1 4096 32
100 45 4096 33
200 2 4096 35
300 35 4096 37
400 4 4096 35
500 36 4096 32
600 46 4096 31
700 3 4096 31
800 6 4096 30
900 8 4096 39
1000 39 4096 34
1100 11 4096 33
1200 12 4096 34
1300 41 4096 38
1400 13 4096 38
1500 22 4096 32
1600 23 4096 33
1699 24 4096 31
1797 25 4096 46
1894 34 4096 37
1989 38 4096 41
2081 43 4096 34
2169 9 4096 30
2251 44 4096 33
2327 5 4096 22
2394 7 4096 39
2452 14 4096 39
2501 15 4096 39
2540 18 4096 33
2571 20 4096 39
2594 21 4096 30
2612 26 4096 31
2628 27 4096 36
2644 29 4096 33
2662 31 4096 42
2685 32 4096 39
2715 33 4096 39
2752 40 4096 35
2798 42 4096 41
2852 16 4096 33
2915 17 4096 21
2985 19 4096 35
3062 28 4096 42
3144 30 4096 36
3231 1 4096 39
3321 45 4096 45
3414 2 4096 32
3509 35 4096 32
3606 4 4096 34
3704 36 4096 45
3803 46 4096 36
3902 3 4096 36
4001 6 4096 39
4101 8 4096 28
4201 39 4096 40
4301 11 4096 28
4401 12 4096 30
4501 41 4096 36
4601 13 4096 37
4701 22 4096 36
4801 23 4096 38
4901 24 4096 30
5001 25 4096 39
5101 34 4096 34
5201 38 4096 35
5301 43 4096 36
5401 9 4096 36
5501 44 4096 41
5601 5 4096 34
5701 7 4096 30
5801 14 4096 31
5901 15 4096 33
6001 18 4096 31
6101 20 4096 31
6201 21 4096 40
6301 26 4096 45
6401 27 4096 30
6501 29 4096 32
6601 31 4096 30
6701 32 4096 36
6801 33 4096 30
6901 40 4096 30
7001 42 4096 38
7101 16 4096 31
7201 17 4096 33
7301 19 4096 45
7401 28 4096 29
7501 30 4096 37
7601 1 4096 23
7701 45 4096 37
7801 2 4096 33
7901 35 4096 37
8001 4 4096 42
8101 36 4096 30
8201 46 4096 34
8301 3 4096 39
8401 6 4096 28
8501 8 4096 37
8601 39 4096 36
8701 11 4096 45
8801 12 4096 39
8901 41 4096 33
9001 13 4096 28
9101 22 4096 33
9201 23 4096 28
9301 24 4096 31
9401 25 4096 39
9501 34 4096 45
9601 38 4096 33
9701 43 4096 35
9801 9 4096 39
9901 44 4096 31
10001 5 4096 40
10101 7 4096 32
10201 14 4096 26
10301 15 4096 37
10401 18 4096 32
10501 20 4096 36
10601 21 4096 41
10701 26 4096 35
10801 27 4096 39
10901 29 4096 32
11001 31 4096 46
11101 32 4096 37
11201 33 4096 36
11301 40 4096 49
11401 42 4096 45
11501 16 4096 28
