0 1 4096 64
99 47 4096 67
176 2 4096 70
266 45 4096 75
321 3 4096 70
403 35 4096 64
503 37 4096 63
566 4 4096 63
646 6 4096 60
706 8 4096 78
778 39 4096 69
828 11 4096 67
925 13 4096 69
1021 23 4096 76
1095 25 4096 76
1181 33 4096 64
1232 38 4096 67
1312 41 4096 63
1406 9 4096 93
1487 43 4096 75
1552 5 4096 82
1649 7 4096 69
1708 44 4096 61
1782 14 4096 67
1870 15 4096 45
1941 16 4096 79
2029 18 4096 79
2120 20 4096 79
2188 21 4096 67
2249 26 4096 79
2310 27 4096 61
2372 29 4096 63
2453 32 4096 72
2503 40 4096 67
2563 42 4096 84
2619 17 4096 79
2674 19 4096 78
2768 28 4096 70
2830 30 4096 82
2885 31 4096 66
2964 1 4096 43
3035 47 4096 70
3126 2 4096 85
3216 45 4096 72
3293 3 4096 79
3344 35 4096 91
3442 37 4096 64
3496 4 4096 64
3595 6 4096 69
3656 8 4096 90
3746 39 4096 73
3802 11 4096 73
3852 13 4096 78
3945 23 4096 57
4024 25 4096 81
4086 33 4096 57
4160 38 4096 61
4249 41 4096 72
4310 9 4096 75
4410 43 4096 72
4510 5 4096 76
4571 7 4096 61
4637 44 4096 79
4713 14 4096 69
4805 15 4096 70
4901 16 4096 72
4960 18 4096 72
5034 20 4096 82
5133 21 4096 69
5203 26 4096 61
5274 27 4096 63
5360 29 4096 66
5454 32 4096 63
5511 40 4096 63
5586 42 4096 81
5671 17 4096 90
5732 19 4096 61
5808 28 4096 64
5888 30 4096 60
5950 31 4096 72
6042 1 4096 60
6125 47 4096 61
6176 2 4096 76
6250 45 4096 63
6303 3 4096 67
6371 35 4096 90
6448 37 4096 58
6532 4 4096 75
6591 6 4096 46
6671 8 4096 75
6745 39 4096 67
6840 11 4096 75
6916 13 4096 85
6979 23 4096 61
7030 25 4096 69
7093 33 4096 78
7149 38 4096 57
7231 41 4096 75
7291 9 4096 72
7379 43 4096 90
7459 5 4096 79
7546 7 4096 66
7611 44 4096 57
7696 14 4096 66
7779 15 4096 57
7852 16 4096 63
7903 18 4096 78
7969 20 4096 90
8069 21 4096 66
8123 26 4096 70
8208 27 4096 79
8274 29 4096 63
8364 32 4096 81
8444 40 4096 64
8543 42 4096 52
8594 17 4096 75
8666 19 4096 64
8731 28 4096 72
8794 30 4096 82
8869 31 4096 70
8926 1 4096 79
9019 47 4096 64
9115 2 4096 93
9203 45 4096 75
9270 3 4096 73
9370 35 4096 99
9428 37 4096 91
9522 4 4096 57
