0 1 4096 64
100 47 4096 67
200 2 4096 70
300 45 4096 75
400 10 4096 70
500 37 4096 64
600 3 4096 63
700 34 4096 63
800 36 4096 60
900 5 4096 78
1000 6 4096 69
1100 46 4096 67
1200 11 4096 69
1300 39 4096 76
1400 12 4096 76
1500 13 4096 64
1600 9 4096 67
1699 22 4096 63
1797 25 4096 93
1894 23 4096 75
1989 35 4096 82
2081 38 4096 69
2169 40 4096 61
2251 41 4096 67
2327 43 4096 45
2394 7 4096 79
2452 14 4096 79
2501 15 4096 79
2540 16 4096 67
2571 18 4096 79
2594 20 4096 61
2612 21 4096 63
2628 26 4096 72
2644 27 4096 67
2662 29 4096 84
2685 31 4096 79
2715 33 4096 78
2752 42 4096 70
2798 44 4096 82
2852 17 4096 66
2915 19 4096 43
2985 30 4096 70
3062 1 4096 85
3144 47 4096 72
3231 2 4096 79
3321 45 4096 91
3414 10 4096 64
3509 37 4096 64
3606 3 4096 69
3704 34 4096 90
3803 36 4096 73
3902 5 4096 73
4001 6 4096 78
4101 46 4096 57
4201 11 4096 81
4301 39 4096 57
4401 12 4096 61
4501 13 4096 72
4601 9 4096 75
4701 22 4096 72
4801 25 4096 76
4901 23 4096 61
5001 35 4096 79
5101 38 4096 69
5201 40 4096 70
5301 41 4096 72
5401 43 4096 72
5501 7 4096 82
5601 14 4096 69
5701 15 4096 61
5801 16 4096 63
5901 18 4096 66
6001 20 4096 63
6101 21 4096 63
6201 26 4096 81
6301 27 4096 90
6401 29 4096 61
6501 31 4096 64
6601 33 4096 60
6701 42 4096 72
6801 44 4096 60
6901 17 4096 61
7001 19 4096 76
7101 30 4096 63
7201 1 4096 67
7301 47 4096 90
7401 2 4096 58
7501 45 4096 75
7601 10 4096 46
7701 37 4096 75
7801 3 4096 67
7901 34 4096 75
8001 36 4096 85
8101 5 4096 61
8201 6 4096 69
8301 46 4096 78
8401 11 4096 57
8501 39 4096 75
8601 12 4096 72
8701 13 4096 90
8801 9 4096 79
8901 22 4096 66
9001 25 4096 57
9101 23 4096 66
9201 35 4096 57
9301 38 4096 63
9401 40 4096 78
9501 41 4096 90
9601 43 4096 66
9701 7 4096 70
9801 14 4096 79
9901 15 4096 63
10001 16 4096 81
10101 18 4096 64
10201 20 4096 52
10301 21 4096 75
10401 26 4096 64
10501 27 4096 72
10601 29 4096 82
10701 31 4096 70
10801 33 4096 79
10901 42 4096 64
11001 44 4096 93
11101 17 4096 75
11201 19 4096 73
11301 30 4096 99
11401 1 4096 91
11501 47 4096 57
