0 1 4096 64
100 45 4096 67
200 2 4096 70
300 35 4096 75
400 4 4096 70
500 36 4096 64
600 46 4096 63
700 3 4096 63
800 6 4096 60
900 8 4096 78
1000 39 4096 69
1100 11 4096 67
1200 12 4096 69
1300 41 4096 76
1400 13 4096 76
1500 22 4096 64
1600 23 4096 67
1699 24 4096 63
1797 25 4096 93
1894 34 4096 75
1989 38 4096 82
2081 43 4096 69
2169 9 4096 61
2251 44 4096 67
2327 5 4096 45
2394 7 4096 79
2452 14 4096 79
2501 15 4096 79
2540 18 4096 67
2571 20 4096 79
2594 21 4096 61
2612 26 4096 63
2628 27 4096 72
2644 29 4096 67
2662 31 4096 84
2685 32 4096 79
2715 33 4096 78
2752 40 4096 70
2798 42 4096 82
2852 16 4096 66
2915 17 4096 43
2985 19 4096 70
3062 28 4096 85
3144 30 4096 72
3231 1 4096 79
3321 45 4096 91
3414 2 4096 64
3509 35 4096 64
3606 4 4096 69
3704 36 4096 90
3803 46 4096 73
3902 3 4096 73
4001 6 4096 78
4101 8 4096 57
4201 39 4096 81
4301 11 4096 57
4401 12 4096 61
4501 41 4096 72
4601 13 4096 75
4701 22 4096 72
4801 23 4096 76
4901 24 4096 61
5001 25 4096 79
5101 34 4096 69
5201 38 4096 70
5301 43 4096 72
5401 9 4096 72
5501 44 4096 82
5601 5 4096 69
5701 7 4096 61
5801 14 4096 63
5901 15 4096 66
6001 18 4096 63
6101 20 4096 63
6201 21 4096 81
6301 26 4096 90
6401 27 4096 61
6501 29 4096 64
6601 31 4096 60
6701 32 4096 72
6801 33 4096 60
6901 40 4096 61
7001 42 4096 76
7101 16 4096 63
7201 17 4096 67
7301 19 4096 90
7401 28 4096 58
7501 30 4096 75
7601 1 4096 46
7701 45 4096 75
7801 2 4096 67
7901 35 4096 75
8001 4 4096 85
8101 36 4096 61
8201 46 4096 69
8301 3 4096 78
8401 6 4096 57
8501 8 4096 75
8601 39 4096 72
8701 11 4096 90
8801 12 4096 79
8901 41 4096 66
9001 13 4096 57
9101 22 4096 66
9201 23 4096 57
9301 24 4096 63
9401 25 4096 78
9501 34 4096 90
9601 38 4096 66
9701 43 4096 70
9801 9 4096 79
9901 44 4096 63
10001 5 4096 81
10101 7 4096 64
10201 14 4096 52
10301 15 4096 75
10401 18 4096 64
10501 20 4096 72
10601 21 4096 82
10701 26 4096 70
10801 27 4096 79
10901 29 4096 64
11001 31 4096 93
11101 32 4096 75
11201 33 4096 73
11301 40 4096 99
11401 42 4096 91
11501 16 4096 57
