0 14 4096 64
100 6 4096 67
200 21 4096 70
300 39 4096 75
400 40 4096 70
500 35 4096 64
600 3 4096 63
700 17 4096 63
800 9 4096 60
900 26 4096 78
1000 42 4096 69
1100 34 4096 67
1200 12 4096 69
1300 5 4096 76
1400 20 4096 76
1500 25 4096 64
1600 43 4096 67
1699 45 4096 63
1797 1 4096 93
1894 7 4096 75
1989 23 4096 82
2081 37 4096 69
2169 29 4096 61
2251 47 4096 67
2327 13 4096 45
2394 19 4096 79
2452 10 4096 79
2501 36 4096 79
2540 30 4096 67
2571 46 4096 79
2594 15 4096 61
2612 18 4096 63
2628 22 4096 72
2644 38 4096 67
2662 31 4096 84
2685 44 4096 79
2715 2 4096 78
2752 16 4096 70
2798 11 4096 82
2852 27 4096 66
2915 41 4096 43
2985 33 4096 70
3062 1 4096 85
3144 7 4096 72
3231 21 4096 79
3321 39 4096 91
3414 31 4096 64
3509 46 4096 64
3606 13 4096 69
3704 6 4096 90
3803 20 4096 73
3902 25 4096 73
4001 29 4096 78
4101 45 4096 57
4201 2 4096 81
4301 5 4096 57
4401 10 4096 61
4501 38 4096 72
4601 30 4096 75
4701 47 4096 72
4801 15 4096 76
4901 19 4096 61
5001 23 4096 79
5101 37 4096 69
5201 40 4096 70
5301 34 4096 72
5401 14 4096 72
5501 18 4096 82
5601 11 4096 69
5701 27 4096 61
5801 43 4096 63
5901 44 4096 66
6001 3 4096 63
6101 16 4096 63
6201 9 4096 81
6301 36 4096 90
6401 42 4096 61
6501 35 4096 64
6601 12 4096 60
6701 17 4096 72
6801 22 4096 60
6901 26 4096 61
7001 41 4096 76
7101 33 4096 63
7201 2 4096 67
7301 6 4096 90
7401 11 4096 58
7501 25 4096 75
7601 29 4096 46
7701 45 4096 75
7801 1 4096 67
7901 17 4096 75
8001 20 4096 85
8101 39 4096 61
8201 41 4096 69
8301 33 4096 78
8401 15 4096 57
8501 5 4096 75
8601 10 4096 72
8701 36 4096 90
8801 42 4096 79
8901 34 4096 66
9001 13 4096 57
9101 7 4096 66
9201 22 4096 57
9301 38 4096 63
9401 30 4096 78
9501 44 4096 90
9601 3 4096 66
9701 19 4096 70
9801 9 4096 79
9901 26 4096 63
10001 40 4096 81
10101 46 4096 64
10201 14 4096 52
10301 18 4096 75
10401 23 4096 64
10501 37 4096 72
10601 43 4096 82
10701 35 4096 70
10801 12 4096 79
10901 16 4096 64
11001 21 4096 93
11101 27 4096 75
11201 31 4096 73
11301 47 4096 99
11401 13 4096 91
11501 6 4096 57
