0 14 4096 86
100 3 4096 90
200 16 4096 94
300 9 4096 100
400 22 4096 94
500 7 4096 86
600 44 4096 84
700 11 4096 84
800 26 4096 80
900 13 4096 104
1000 4 4096 92
1100 21 4096 90
1200 36 4096 92
1300 25 4096 102
1400 42 4096 102
1500 27 4096 86
1600 12 4096 90
1699 19 4096 84
1797 32 4096 124
1894 17 4096 100
1989 24 4096 110
2081 37 4096 92
2169 6 4096 82
2251 41 4096 90
2327 10 4096 60
2394 35 4096 106
2452 18 4096 106
2501 29 4096 106
2540 2 4096 90
2571 1 4096 106
2594 40 4096 82
2612 23 4096 84
2628 30 4096 96
2644 39 4096 90
2662 20 4096 112
2685 43 4096 106
2715 34 4096 104
2752 33 4096 94
2798 46 4096 110
2852 45 4096 88
2915 38 4096 58
2985 15 4096 94
3062 28 4096 114
3144 31 4096 96
3231 8 4096 106
3321 5 4096 122
3414 2 4096 86
3509 43 4096 86
3606 6 4096 92
3704 9 4096 120
3803 28 4096 98
3902 3 4096 98
4001 40 4096 104
4101 35 4096 76
4201 22 4096 108
4301 13 4096 76
4401 24 4096 82
4501 11 4096 96
4601 20 4096 100
4701 25 4096 96
4801 12 4096 102
4901 21 4096 82
5001 42 4096 106
5101 31 4096 92
5201 36 4096 94
5301 39 4096 96
5401 4 4096 96
5501 45 4096 110
5601 16 4096 92
5701 23 4096 82
5801 14 4096 84
5901 19 4096 88
6001 26 4096 84
6101 29 4096 84
6201 30 4096 108
6301 27 4096 120
6401 34 4096 82
6501 7 4096 86
6601 18 4096 80
6701 41 4096 96
6801 44 4096 80
6901 1 4096 82
7001 10 4096 102
7101 5 4096 84
7201 38 4096 90
7301 33 4096 120
7401 46 4096 78
7501 17 4096 100
7601 32 4096 62
7701 15 4096 100
7801 8 4096 90
7901 37 4096 100
8001 44 4096 114
8101 45 4096 82
8201 26 4096 92
8301 17 4096 104
8401 18 4096 76
8501 1 4096 100
8601 16 4096 96
8701 29 4096 120
8801 34 4096 106
8901 33 4096 88
9001 38 4096 76
9101 5 4096 88
9201 4 4096 76
9301 3 4096 84
9401 6 4096 104
9501 31 4096 120
9601 28 4096 88
9701 19 4096 94
9801 14 4096 106
9901 21 4096 84
10001 20 4096 108
10101 9 4096 86
10201 2 4096 70
10301 35 4096 100
10401 36 4096 86
10501 37 4096 96
10601 22 4096 110
10701 41 4096 94
10801 8 4096 106
10901 43 4096 86
11001 40 4096 124
11101 39 4096 100
11201 24 4096 98
11301 23 4096 132
11401 32 4096 122
11501 27 4096 76
