0 18 4096 64
99 23 4096 67
176 31 4096 70
266 34 4096 75
321 21 4096 70
403 24 4096 64
503 19 4096 63
566 44 4096 63
646 32 4096 60
706 3 4096 78
778 6 4096 69
828 22 4096 67
925 41 4096 69
1021 1 4096 76
1095 2 4096 76
1181 30 4096 64
1232 9 4096 67
1312 15 4096 63
1406 8 4096 93
1487 42 4096 75
1552 46 4096 82
1649 26 4096 69
1708 35 4096 61
1782 28 4096 67
1870 38 4096 45
1941 20 4096 79
2029 11 4096 79
2120 39 4096 79
2188 14 4096 67
2249 36 4096 79
2310 5 4096 61
2372 27 4096 63
2453 7 4096 72
2503 12 4096 67
2563 45 4096 84
2619 43 4096 79
2674 29 4096 78
2768 17 4096 70
2830 25 4096 82
2885 33 4096 66
2964 40 4096 43
3035 16 4096 70
3126 13 4096 85
3216 4 4096 72
3293 14 4096 79
3344 44 4096 91
3442 28 4096 64
3496 38 4096 64
3595 1 4096 69
3656 17 4096 90
3746 29 4096 73
3802 16 4096 73
3852 33 4096 78
3945 43 4096 57
4024 12 4096 81
4086 41 4096 57
4160 25 4096 61
4249 18 4096 72
4310 36 4096 75
4410 9 4096 72
4510 42 4096 76
4571 46 4096 61
4637 39 4096 79
4713 34 4096 69
4805 31 4096 70
4901 45 4096 72
4960 5 4096 72
5034 21 4096 82
5133 15 4096 69
5203 24 4096 61
5274 30 4096 63
5360 26 4096 66
5454 27 4096 63
5511 4 4096 63
5586 40 4096 81
5671 22 4096 90
5732 2 4096 61
5808 35 4096 64
5888 8 4096 60
5950 32 4096 72
6042 6 4096 60
6125 7 4096 61
6176 19 4096 76
6250 23 4096 63
6303 3 4096 67
6371 13 4096 90
6448 11 4096 58
6532 20 4096 75
6591 18 4096 46
6671 3 4096 75
6745 1 4096 67
6840 20 4096 75
6916 34 4096 85
6979 4 4096 61
7030 38 4096 69
7093 16 4096 78
7149 22 4096 57
7231 23 4096 75
7291 27 4096 72
7379 25 4096 90
7459 24 4096 79
7546 42 4096 66
7611 5 4096 57
7696 46 4096 66
7779 31 4096 57
7852 9 4096 63
7903 21 4096 78
7969 28 4096 90
8069 13 4096 66
8123 29 4096 70
8208 44 4096 79
8274 43 4096 63
8364 12 4096 81
8444 17 4096 64
8543 11 4096 52
8594 6 4096 75
8666 2 4096 64
8731 7 4096 72
8794 32 4096 82
8869 35 4096 70
8926 8 4096 79
9019 15 4096 64
9115 19 4096 93
9203 30 4096 75
9270 45 4096 73
9370 36 4096 99
9428 39 4096 91
9522 41 4096 57
