0 14 5.0 5 15
100 3 0.01 15 17
200 16 0.1 9 9
300 9 0.5 11 24
400 22 100.0 7 28
500 7 1.11 8 33
600 44 5.0 11 3
700 11 0.01 15 19
800 26 5.0 3 31
900 13 0.1 4 23
1000 4 100.0 14 11
1100 21 0.5 7 21
1200 36 0.01 3 8
1300 25 100.0 15 18
1400 42 0.9 6 7
1500 27 10.0 6 23
1600 12 1.11 13 -3
1699 19 10.0 13 26
1797 32 0.9 10 3
1894 17 5.0 14 22
1989 24 100.0 3 30
2081 37 0.01 9 29
2169 6 1.11 15 18
2251 41 1.11 11 8
2327 10 1.11 3 19
2394 35 5.0 16 21
2452 18 0.01 15 20
2501 29 0.1 13 15
2540 2 0.5 10 5
2571 1 1.11 6 19
2594 40 0.01 15 11
2612 23 0.5 15 4
2628 30 100.0 14 20
2644 39 0.5 11 23
2662 20 100.0 13 12
2685 43 5.0 15 5
2715 34 1.11 12 26
2752 33 0.5 13 12
2798 46 1.11 3 37
2852 45 100.0 11 10
2915 38 5.0 7 34
2985 15 10.0 14 23
3062 28 0.9 10 6
3144 31 0.1 16 14
3231 8 100.0 15 28
3321 5 10.0 7 24
3414 2 1.11 8 8
3509 43 5.0 3 0
3606 6 0.01 16 9
3704 9 100.0 3 18
3803 28 0.1 4 33
3902 3 1.11 7 21
4001 40 0.01 10 25
4101 35 0.01 12 5
4201 22 0.1 15 29
4301 13 10.0 5 6
4401 24 1.11 13 9
4501 11 0.9 13 22
4601 20 100.0 5 15
4701 25 0.9 8 1
4801 12 0.9 16 8
4901 21 0.1 5 20
5001 42 0.1 9 -4
5101 31 1.11 8 7
