0 1 5.0 5 15
100 45 0.01 15 17
200 10 0.1 9 9
300 36 0.5 11 24
400 2 100.0 7 28
500 23 1.11 8 33
600 37 5.0 11 3
700 46 0.01 15 19
800 4 5.0 3 31
900 3 0.1 4 23
1000 43 100.0 14 11
1100 6 0.5 7 21
1200 8 0.01 3 8
1300 39 100.0 15 18
1400 11 0.9 6 7
1500 12 10.0 6 23
1600 13 1.11 13 -3
1699 22 10.0 13 26
1797 24 0.9 10 3
1894 25 5.0 14 22
1989 33 100.0 3 30
2081 34 0.01 9 29
2169 35 1.11 15 18
2251 38 1.11 11 8
2327 41 1.11 3 19
2394 9 5.0 16 21
2452 5 0.01 15 20
2501 44 0.1 13 15
2540 7 0.5 10 5
2571 14 1.11 6 19
2594 15 0.01 15 11
2612 16 0.5 15 4
2628 18 100.0 14 20
2644 20 0.5 11 23
2662 21 100.0 13 12
2685 26 5.0 15 5
2715 27 1.11 12 26
2752 29 0.5 13 12
2798 31 1.11 3 37
2852 32 100.0 11 10
2915 40 5.0 7 34
2985 42 10.0 14 23
3062 17 0.9 10 6
3144 19 0.1 16 14
3231 28 100.0 15 28
3321 30 10.0 7 24
3414 1 1.11 8 8
3509 45 5.0 3 0
3606 10 0.01 16 9
3704 36 100.0 3 18
3803 2 0.1 4 33
3902 23 1.11 7 21
4001 37 0.01 10 25
4101 46 0.01 12 5
4201 4 0.1 15 29
4301 3 10.0 5 6
4401 43 1.11 13 9
4501 6 0.9 13 22
4601 8 100.0 5 15
4701 39 0.9 8 1
4801 11 0.9 16 8
4901 12 0.1 5 20
5001 13 0.1 9 -4
5101 22 1.11 8 7
