0 7 4096 86
100 31 4096 90
200 22 4096 94
300 3 4096 100
400 27 4096 94
500 39 4096 86
600 17 4096 84
700 19 4096 84
800 4 4096 80
900 26 4096 104
1000 16 4096 92
1100 24 4096 90
1200 38 4096 92
1300 28 4096 102
1400 35 4096 102
1500 5 4096 86
1600 9 4096 90
1699 40 4096 84
1797 8 4096 124
1894 1 4096 100
1989 21 4096 110
2081 2 4096 92
2169 13 4096 82
2251 29 4096 90
2327 37 4096 60
2394 10 4096 106
2452 46 4096 106
2501 44 4096 106
2540 14 4096 90
2571 34 4096 106
2594 30 4096 82
2612 15 4096 84
2628 6 4096 96
2644 43 4096 90
2662 18 4096 112
2685 20 4096 106
2715 23 4096 104
2752 45 4096 94
2798 25 4096 110
2852 12 4096 88
2915 42 4096 58
2985 41 4096 94
3062 11 4096 114
3144 36 4096 96
3231 32 4096 106
3321 33 4096 122
3414 4 4096 86
3509 20 4096 86
3606 33 4096 92
3704 22 4096 120
3803 25 4096 98
3902 36 4096 98
4001 34 4096 104
4101 35 4096 76
4201 32 4096 108
4301 40 4096 76
4401 8 4096 82
4501 18 4096 96
4601 11 4096 100
4701 17 4096 96
4801 3 4096 102
4901 43 4096 82
5001 5 4096 106
5101 28 4096 92
5201 24 4096 94
5301 39 4096 96
5401 13 4096 96
5501 19 4096 110
5601 10 4096 92
5701 29 4096 82
5801 27 4096 84
5901 41 4096 88
6001 23 4096 84
6101 26 4096 84
6201 2 4096 108
6301 21 4096 120
6401 31 4096 82
6501 9 4096 86
6601 42 4096 80
6701 16 4096 96
6801 1 4096 80
6901 12 4096 82
7001 14 4096 102
7101 30 4096 84
7201 15 4096 90
7301 45 4096 120
7401 44 4096 78
7501 46 4096 100
7601 38 4096 62
7701 37 4096 100
7801 6 4096 90
7901 7 4096 100
8001 31 4096 114
8101 27 4096 82
8201 11 4096 92
8301 9 4096 104
8401 45 4096 76
8501 32 4096 100
8601 7 4096 96
8701 40 4096 120
8801 18 4096 106
8901 24 4096 88
9001 39 4096 76
9101 41 4096 88
9201 23 4096 76
9301 28 4096 84
9401 4 4096 104
9501 42 4096 120
9601 25 4096 88
9701 6 4096 94
9801 34 4096 106
9901 22 4096 84
10001 13 4096 108
10101 21 4096 86
10201 26 4096 70
10301 43 4096 100
10401 10 4096 86
10501 20 4096 96
10601 30 4096 110
10701 17 4096 94
10801 12 4096 106
10901 1 4096 86
11001 19 4096 124
11101 8 4096 100
11201 38 4096 98
11301 2 4096 132
11401 35 4096 122
11501 36 4096 76
