0 21 4096 43
99 47 4096 45
176 1 4096 47
266 38 4096 50
321 19 4096 47
403 3 4096 43
503 44 4096 42
566 27 4096 42
646 16 4096 40
706 40 4096 52
778 37 4096 46
828 7 4096 45
925 30 4096 46
1021 8 4096 51
1095 9 4096 51
1181 13 4096 43
1232 6 4096 45
1312 28 4096 42
1406 42 4096 62
1487 2 4096 50
1552 41 4096 55
1649 18 4096 46
1708 4 4096 41
1782 33 4096 45
1870 20 4096 30
1941 5 4096 53
2029 43 4096 53
2120 35 4096 53
2188 32 4096 45
2249 15 4096 53
2310 39 4096 41
2372 31 4096 42
2453 25 4096 48
2503 45 4096 45
2563 26 4096 56
2619 17 4096 53
2674 11 4096 52
2768 29 4096 47
2830 14 4096 55
2885 23 4096 44
2964 31 4096 29
3035 13 4096 47
3126 4 4096 57
3216 1 4096 48
3293 27 4096 53
3344 41 4096 61
3442 17 4096 43
3496 18 4096 43
3595 16 4096 46
3656 15 4096 60
3746 32 4096 49
3802 9 4096 49
3852 39 4096 52
3945 8 4096 38
4024 45 4096 54
4086 20 4096 38
4160 33 4096 41
4249 7 4096 48
4310 42 4096 50
4410 14 4096 48
4510 6 4096 51
4571 38 4096 41
4637 2 4096 53
4713 23 4096 46
4805 35 4096 47
4901 29 4096 48
4960 43 4096 48
5034 21 4096 55
5133 28 4096 46
5203 25 4096 41
5274 3 4096 42
5360 40 4096 44
5454 5 4096 42
5511 37 4096 42
5586 47 4096 54
5671 30 4096 60
5732 44 4096 41
5808 19 4096 43
5888 11 4096 40
5950 26 4096 48
6042 40 4096 40
6125 29 4096 41
6176 17 4096 51
6250 7 4096 42
6303 45 4096 45
6371 9 4096 60
6448 15 4096 39
6532 38 4096 50
6591 35 4096 31
6671 41 4096 50
6745 16 4096 45
6840 4 4096 50
6916 43 4096 57
6979 2 4096 41
7030 30 4096 46
7093 31 4096 52
7149 33 4096 38
7231 14 4096 50
7291 3 4096 48
7379 13 4096 60
7459 6 4096 53
7546 26 4096 44
7611 39 4096 38
7696 21 4096 44
7779 32 4096 38
7852 5 4096 42
7903 19 4096 52
7969 18 4096 60
8069 23 4096 44
8123 44 4096 47
8208 11 4096 53
8274 20 4096 42
8364 27 4096 54
8444 8 4096 43
8543 28 4096 35
8594 37 4096 50
8666 1 4096 43
8731 25 4096 48
8794 42 4096 55
8869 47 4096 47
8926 15 4096 53
9019 13 4096 43
9115 6 4096 62
9203 26 4096 50
9270 1 4096 49
9370 23 4096 66
9428 29 4096 61
9522 30 4096 38
