0 14 4096 129
100 3 4096 135
200 16 4096 141
300 9 4096 150
400 22 4096 141
500 7 4096 129
600 44 4096 126
700 11 4096 126
800 26 4096 120
900 13 4096 156
1000 4 4096 138
1100 21 4096 135
1200 36 4096 138
1300 25 4096 153
1400 42 4096 153
1500 27 4096 129
1600 12 4096 135
1699 19 4096 126
1797 32 4096 186
1894 17 4096 150
1989 24 4096 165
2081 37 4096 138
2169 6 4096 123
2251 41 4096 135
2327 10 4096 90
2394 35 4096 159
2452 18 4096 159
2501 29 4096 159
2540 2 4096 135
2571 1 4096 159
2594 40 4096 123
2612 23 4096 126
2628 30 4096 144
2644 39 4096 135
2662 20 4096 168
2685 43 4096 159
2715 34 4096 156
2752 33 4096 141
2798 46 4096 165
2852 45 4096 132
2915 38 4096 87
2985 15 4096 141
3062 28 4096 171
3144 31 4096 144
3231 8 4096 159
3321 5 4096 183
3414 2 4096 129
3509 43 4096 129
3606 6 4096 138
3704 9 4096 180
3803 28 4096 147
3902 3 4096 147
4001 40 4096 156
4101 35 4096 114
4201 22 4096 162
4301 13 4096 114
4401 24 4096 123
4501 11 4096 144
4601 20 4096 150
4701 25 4096 144
4801 12 4096 153
4901 21 4096 123
5001 42 4096 159
5101 31 4096 138
5201 36 4096 141
5301 39 4096 144
5401 4 4096 144
5501 45 4096 165
5601 16 4096 138
5701 23 4096 123
5801 14 4096 126
5901 19 4096 132
6001 26 4096 126
6101 29 4096 126
6201 30 4096 162
6301 27 4096 180
6401 34 4096 123
6501 7 4096 129
6601 18 4096 120
6701 41 4096 144
6801 44 4096 120
6901 1 4096 123
7001 10 4096 153
7101 5 4096 126
7201 38 4096 135
7301 33 4096 180
7401 46 4096 117
7501 17 4096 150
7601 32 4096 93
7701 15 4096 150
7801 8 4096 135
7901 37 4096 150
8001 44 4096 171
8101 45 4096 123
8201 26 4096 138
8301 17 4096 156
8401 18 4096 114
8501 1 4096 150
8601 16 4096 144
8701 29 4096 180
8801 34 4096 159
8901 33 4096 132
9001 38 4096 114
9101 5 4096 132
9201 4 4096 114
9301 3 4096 126
9401 6 4096 156
9501 31 4096 180
9601 28 4096 132
9701 19 4096 141
9801 14 4096 159
9901 21 4096 126
10001 20 4096 162
10101 9 4096 129
10201 2 4096 105
10301 35 4096 150
10401 36 4096 129
10501 37 4096 144
10601 22 4096 165
10701 41 4096 141
10801 8 4096 159
10901 43 4096 129
11001 40 4096 186
11101 39 4096 150
11201 24 4096 147
11301 23 4096 198
11401 32 4096 183
11501 27 4096 114
