0 16 5.0 5 15
100 18 0.01 15 17
200 27 0.1 9 9
300 31 0.5 11 24
400 2 100.0 7 28
500 19 1.11 8 33
600 24 5.0 11 3
700 42 0.01 15 19
800 5 5.0 3 31
900 21 0.1 4 23
1000 29 100.0 14 11
1100 34 0.5 7 21
1200 13 0.01 3 8
1300 9 100.0 15 18
1400 38 0.9 6 7
1500 44 10.0 6 23
1600 14 1.11 13 -3
1699 6 10.0 13 26
1797 36 0.9 10 3
1894 45 5.0 14 22
1989 17 100.0 3 30
2081 20 0.01 9 29
2169 28 1.11 15 18
2251 46 1.11 11 8
2327 12 1.11 3 19
2394 8 5.0 16 21
2452 25 0.01 15 20
2501 43 0.1 13 15
2540 4 0.5 10 5
2571 11 1.11 6 19
2594 40 0.01 15 11
2612 32 0.5 15 4
2628 1 100.0 14 20
2644 7 0.5 11 23
2662 39 100.0 13 12
2685 30 5.0 15 5
2715 15 1.11 12 26
2752 22 0.5 13 12
2798 26 1.11 3 37
2852 33 100.0 11 10
2915 3 5.0 7 34
2985 23 10.0 14 23
3062 41 0.9 10 6
3144 35 0.1 16 14
3231 12 100.0 15 28
3321 20 10.0 7 24
3414 27 1.11 8 8
3509 42 5.0 3 0
3606 13 0.01 16 9
3704 7 100.0 3 18
3803 29 0.1 4 33
3902 31 1.11 7 21
4001 14 0.01 10 25
4101 6 0.01 12 5
4201 28 0.1 15 29
4301 45 10.0 5 6
4401 15 1.11 13 9
4501 18 0.9 13 22
4601 40 100.0 5 15
4701 44 0.9 8 1
4801 1 0.9 16 8
4901 11 0.1 5 20
5001 39 0.1 9 -4
5101 30 1.11 8 7
