0 1 5.0 5 111
99 45 0.01 15 88
176 10 0.1 9 102
266 36 0.5 11 91
321 2 100.0 7 91
403 23 1.11 8 90
503 37 5.0 11 91
566 46 0.01 15 81
646 4 5.0 3 88
706 3 0.1 4 86
778 43 100.0 14 106
828 6 0.5 7 99
925 8 0.01 3 96
1021 39 100.0 15 110
1095 11 0.9 6 90
1181 12 10.0 6 95
1232 13 1.11 13 99
1312 22 10.0 13 96
1406 24 0.9 10 104
1487 25 5.0 14 98
1552 33 100.0 3 93
1649 34 0.01 9 107
1708 35 1.11 15 99
1782 38 1.11 11 97
1870 41 1.11 3 95
1941 9 5.0 16 91
2029 5 0.01 15 101
2120 44 0.1 13 97
2188 7 0.5 10 104
2249 14 1.11 6 104
2310 15 0.01 15 96
2372 16 0.5 15 110
2453 18 100.0 14 105
2503 20 0.5 11 98
2563 21 100.0 13 105
2619 26 5.0 15 91
2674 27 1.11 12 103
2768 29 0.5 13 89
2830 31 1.11 3 96
2885 32 100.0 11 91
2964 40 5.0 7 109
3035 42 10.0 14 93
3126 17 0.9 10 88
3216 19 0.1 16 103
3293 28 100.0 15 87
3344 30 10.0 7 91
3442 1 1.11 8 114
3496 45 5.0 3 105
3595 10 0.01 16 86
3656 36 100.0 3 109
3746 2 0.1 4 92
3802 23 1.11 7 94
3852 37 0.01 10 88
3945 46 0.01 12 100
4024 4 0.1 15 92
4086 3 10.0 5 84
4160 43 1.11 13 80
4249 6 0.9 13 97
4310 8 100.0 5 101
4410 39 0.9 8 93
4510 11 0.9 16 87
4571 12 0.1 5 87
4637 13 0.1 9 88
4713 22 1.11 8 97
4805 24 0.9 14 99
4901 25 5.0 7 112
4960 33 10.0 10 97
5034 34 0.01 7 103
5133 35 5.0 5 97
5203 38 10.0 14 93
5274 41 0.5 13 102
5360 9 100.0 7 95
5454 5 0.9 16 99
5511 44 0.01 11 93
5586 7 0.1 16 96
5671 14 10.0 9 100
5732 15 0.9 12 99
5808 16 0.01 10 99
5888 18 0.1 14 103
5950 20 0.9 3 105
6042 21 0.01 15 83
6125 26 10.0 6 96
6176 27 0.1 9 99
6250 29 5.0 11 97
6303 31 0.01 6 94
6371 32 0.1 9 95
6448 40 5.0 5 91
6532 42 10.0 12 92
6591 17 1.11 15 86
6671 19 0.5 13 93
6745 28 0.9 6 94
6840 30 0.5 11 99
6916 1 5.0 7 99
6979 45 0.5 14 103
7030 10 100.0 16 86
7093 36 10.0 14 105
7149 2 0.1 10 93
7231 23 0.5 10 89
7291 37 0.9 14 93
7379 46 0.9 5 98
7459 4 0.9 15 84
7546 3 0.01 16 88
7611 43 1.11 6 85
7696 6 0.5 11 96
7779 8 5.0 5 97
7852 39 10.0 14 95
7903 11 0.01 14 95
7969 12 100.0 14 95
8069 13 0.9 10 106
8123 22 0.5 5 107
8208 24 1.11 13 92
8274 25 0.5 9 90
8364 33 10.0 13 91
8444 34 5.0 6 86
8543 35 0.1 13 101
8594 38 0.5 14 99
8666 41 100.0 14 95
8731 9 0.1 16 111
8794 5 100.0 6 92
8869 44 10.0 14 98
8926 7 5.0 16 98
9019 14 1.11 13 87
9115 15 0.9 14 95
9203 16 10.0 3 81
9270 18 0.1 10 84
9370 20 10.0 5 102
9428 21 0.5 6 96
9522 26 100.0 14 92
