0 1 4096 64
100 47 4096 67
200 2 4096 70
300 45 4096 75
400 3 4096 70
500 35 4096 64
600 37 4096 63
700 4 4096 63
800 6 4096 60
900 8 4096 78
1000 39 4096 69
1100 11 4096 67
1200 13 4096 69
1300 23 4096 76
1400 25 4096 76
1500 33 4096 64
1600 38 4096 67
1699 41 4096 63
1797 9 4096 93
1894 43 4096 75
1989 5 4096 82
2081 7 4096 69
2169 44 4096 61
2251 14 4096 67
2327 15 4096 45
2394 16 4096 79
2452 18 4096 79
2501 20 4096 79
2540 21 4096 67
2571 26 4096 79
2594 27 4096 61
2612 29 4096 63
2628 32 4096 72
2644 40 4096 67
2662 42 4096 84
2685 17 4096 79
2715 19 4096 78
2752 28 4096 70
2798 30 4096 82
2852 31 4096 66
2915 1 4096 43
2985 47 4096 70
3062 2 4096 85
3144 45 4096 72
3231 3 4096 79
3321 35 4096 91
3414 37 4096 64
3509 4 4096 64
3606 6 4096 69
3704 8 4096 90
3803 39 4096 73
3902 11 4096 73
4001 13 4096 78
4101 23 4096 57
4201 25 4096 81
4301 33 4096 57
4401 38 4096 61
4501 41 4096 72
4601 9 4096 75
4701 43 4096 72
4801 5 4096 76
4901 7 4096 61
5001 44 4096 79
5101 14 4096 69
5201 15 4096 70
5301 16 4096 72
5401 18 4096 72
5501 20 4096 82
5601 21 4096 69
5701 26 4096 61
5801 27 4096 63
5901 29 4096 66
6001 32 4096 63
6101 40 4096 63
6201 42 4096 81
6301 17 4096 90
6401 19 4096 61
6501 28 4096 64
6601 30 4096 60
6701 31 4096 72
6801 1 4096 60
6901 47 4096 61
7001 2 4096 76
7101 45 4096 63
7201 3 4096 67
7301 35 4096 90
7401 37 4096 58
7501 4 4096 75
7601 6 4096 46
7701 8 4096 75
7801 39 4096 67
7901 11 4096 75
8001 13 4096 85
8101 23 4096 61
8201 25 4096 69
8301 33 4096 78
8401 38 4096 57
8501 41 4096 75
8601 9 4096 72
8701 43 4096 90
8801 5 4096 79
8901 7 4096 66
9001 44 4096 57
9101 14 4096 66
9201 15 4096 57
9301 16 4096 63
9401 18 4096 78
9501 20 4096 90
9601 21 4096 66
9701 26 4096 70
9801 27 4096 79
9901 29 4096 63
10001 32 4096 81
10101 40 4096 64
10201 42 4096 52
10301 17 4096 75
10401 19 4096 64
10501 28 4096 72
10601 30 4096 82
10701 31 4096 70
10801 1 4096 79
10901 47 4096 64
11001 2 4096 93
11101 45 4096 75
11201 3 4096 73
11301 35 4096 99
11401 37 4096 91
11501 4 4096 57
