0 1 4096 64
99 45 4096 67
176 2 4096 70
266 35 4096 75
321 4 4096 70
403 36 4096 64
503 46 4096 63
566 3 4096 63
646 6 4096 60
706 8 4096 78
778 39 4096 69
828 11 4096 67
925 12 4096 69
1021 41 4096 76
1095 13 4096 76
1181 22 4096 64
1232 23 4096 67
1312 24 4096 63
1406 25 4096 93
1487 34 4096 75
1552 38 4096 82
1649 43 4096 69
1708 9 4096 61
1782 44 4096 67
1870 5 4096 45
1941 7 4096 79
2029 14 4096 79
2120 15 4096 79
2188 18 4096 67
2249 20 4096 79
2310 21 4096 61
2372 26 4096 63
2453 27 4096 72
2503 29 4096 67
2563 31 4096 84
2619 32 4096 79
2674 33 4096 78
2768 40 4096 70
2830 42 4096 82
2885 16 4096 66
2964 17 4096 43
3035 19 4096 70
3126 28 4096 85
3216 30 4096 72
3293 1 4096 79
3344 45 4096 91
3442 2 4096 64
3496 35 4096 64
3595 4 4096 69
3656 36 4096 90
3746 46 4096 73
3802 3 4096 73
3852 6 4096 78
3945 8 4096 57
4024 39 4096 81
4086 11 4096 57
4160 12 4096 61
4249 41 4096 72
4310 13 4096 75
4410 22 4096 72
4510 23 4096 76
4571 24 4096 61
4637 25 4096 79
4713 34 4096 69
4805 38 4096 70
4901 43 4096 72
4960 9 4096 72
5034 44 4096 82
5133 5 4096 69
5203 7 4096 61
5274 14 4096 63
5360 15 4096 66
5454 18 4096 63
5511 20 4096 63
5586 21 4096 81
5671 26 4096 90
5732 27 4096 61
5808 29 4096 64
5888 31 4096 60
5950 32 4096 72
6042 33 4096 60
6125 40 4096 61
6176 42 4096 76
6250 16 4096 63
6303 17 4096 67
6371 19 4096 90
6448 28 4096 58
6532 30 4096 75
6591 1 4096 46
6671 45 4096 75
6745 2 4096 67
6840 35 4096 75
6916 4 4096 85
6979 36 4096 61
7030 46 4096 69
7093 3 4096 78
7149 6 4096 57
7231 8 4096 75
7291 39 4096 72
7379 11 4096 90
7459 12 4096 79
7546 41 4096 66
7611 13 4096 57
7696 22 4096 66
7779 23 4096 57
7852 24 4096 63
7903 25 4096 78
7969 34 4096 90
8069 38 4096 66
8123 43 4096 70
8208 9 4096 79
8274 44 4096 63
8364 5 4096 81
8444 7 4096 64
8543 14 4096 52
8594 15 4096 75
8666 18 4096 64
8731 20 4096 72
8794 21 4096 82
8869 26 4096 70
8926 27 4096 79
9019 29 4096 64
9115 31 4096 93
9203 32 4096 75
9270 33 4096 73
9370 40 4096 99
9428 42 4096 91
9522 16 4096 57
