0 1 5.0 5 36
100 45 0.01 15 17
200 10 0.1 9 31
300 36 0.5 11 46
400 2 100.0 7 32
500 23 1.11 8 44
600 37 5.0 11 33
700 46 0.01 15 34
800 4 5.0 3 30
900 3 0.1 4 39
1000 43 100.0 14 27
1100 6 0.5 7 41
1200 8 0.01 3 34
1300 39 100.0 15 39
1400 11 0.9 6 30
1500 12 10.0 6 29
1600 13 1.11 13 29
1699 22 10.0 13 33
1797 24 0.9 10 12
1894 25 5.0 14 23
1989 33 100.0 3 22
2081 34 0.01 9 24
2169 35 1.11 15 34
2251 38 1.11 11 40
2327 41 1.11 3 32
2394 9 5.0 16 44
2452 5 0.01 15 32
2501 44 0.1 13 33
2540 7 0.5 10 36
2571 14 1.11 6 29
2594 15 0.01 15 47
2612 16 0.5 15 41
2628 18 100.0 14 39
2644 20 0.5 11 37
2662 21 100.0 13 42
2685 26 5.0 15 32
2715 27 1.11 12 28
2752 29 0.5 13 19
2798 31 1.11 3 34
2852 32 100.0 11 26
2915 40 5.0 7 39
2985 42 10.0 14 24
3062 17 0.9 10 48
3144 19 0.1 16 33
3231 28 100.0 15 34
3321 30 10.0 7 15
3414 1 1.11 8 22
3509 45 5.0 3 27
3606 10 0.01 16 38
3704 36 100.0 3 30
3803 2 0.1 4 26
3902 23 1.11 7 38
4001 37 0.01 10 23
4101 46 0.01 12 28
4201 4 0.1 15 42
4301 3 10.0 5 35
4401 43 1.11 13 29
4501 6 0.9 13 51
4601 8 100.0 5 38
4701 39 0.9 8 28
4801 11 0.9 16 35
4901 12 0.1 5 30
5001 13 0.1 9 36
5101 22 1.11 8 34
