0 1 4096 32
100 47 4096 33
200 2 4096 35
300 45 4096 37
400 10 4096 35
500 37 4096 32
600 3 4096 31
700 34 4096 31
800 36 4096 30
900 5 4096 39
1000 6 4096 34
1100 46 4096 33
1200 11 4096 34
1300 39 4096 38
1400 12 4096 38
1500 13 4096 32
1600 9 4096 33
1699 22 4096 31
1797 25 4096 46
1894 23 4096 37
1989 35 4096 41
2081 38 4096 34
2169 40 4096 30
2251 41 4096 33
2327 43 4096 22
2394 7 4096 39
2452 14 4096 39
2501 15 4096 39
2540 16 4096 33
2571 18 4096 39
2594 20 4096 30
2612 21 4096 31
2628 26 4096 36
2644 27 4096 33
2662 29 4096 42
2685 31 4096 39
2715 33 4096 39
2752 42 4096 35
2798 44 4096 41
2852 17 4096 33
2915 19 4096 21
2985 30 4096 35
3062 1 4096 42
3144 47 4096 36
3231 2 4096 39
3321 45 4096 45
3414 10 4096 32
3509 37 4096 32
3606 3 4096 34
3704 34 4096 45
3803 36 4096 36
3902 5 4096 36
4001 6 4096 39
4101 46 4096 28
4201 11 4096 40
4301 39 4096 28
4401 12 4096 30
4501 13 4096 36
4601 9 4096 37
4701 22 4096 36
4801 25 4096 38
4901 23 4096 30
5001 35 4096 39
5101 38 4096 34
5201 40 4096 35
5301 41 4096 36
5401 43 4096 36
5501 7 4096 41
5601 14 4096 34
5701 15 4096 30
5801 16 4096 31
5901 18 4096 33
6001 20 4096 31
6101 21 4096 31
6201 26 4096 40
6301 27 4096 45
6401 29 4096 30
6501 31 4096 32
6601 33 4096 30
6701 42 4096 36
6801 44 4096 30
6901 17 4096 30
7001 19 4096 38
7101 30 4096 31
7201 1 4096 33
7301 47 4096 45
7401 2 4096 29
7501 45 4096 37
7601 10 4096 23
7701 37 4096 37
7801 3 4096 33
7901 34 4096 37
8001 36 4096 42
8101 5 4096 30
8201 6 4096 34
8301 46 4096 39
8401 11 4096 28
8501 39 4096 37
8601 12 4096 36
8701 13 4096 45
8801 9 4096 39
8901 22 4096 33
9001 25 4096 28
9101 23 4096 33
9201 35 4096 28
9301 38 4096 31
9401 40 4096 39
9501 41 4096 45
9601 43 4096 33
9701 7 4096 35
9801 14 4096 39
9901 15 4096 31
10001 16 4096 40
10101 18 4096 32
10201 20 4096 26
10301 21 4096 37
10401 26 4096 32
10501 27 4096 36
10601 29 4096 41
10701 31 4096 35
10801 33 4096 39
10901 42 4096 32
11001 44 4096 46
11101 17 4096 37
11201 19 4096 36
11301 30 4096 49
11401 1 4096 45
11501 47 4096 28
