0 18 5.0 5 83
100 27 0.01 15 76
200 35 0.1 9 88
300 6 0.5 11 80
400 42 100.0 7 78
500 13 1.11 8 73
600 31 5.0 11 75
700 29 0.01 15 95
800 22 5.0 3 82
900 3 0.1 4 97
1000 41 100.0 14 91
1100 7 0.5 7 85
1200 1 0.01 3 94
1300 19 100.0 15 66
1400 11 0.9 6 84
1500 21 10.0 6 80
1600 43 1.11 13 82
1699 39 10.0 13 95
1797 30 0.9 10 68
1894 23 5.0 14 84
1989 2 100.0 3 76
2081 40 0.01 9 78
2169 10 1.11 15 77
2251 46 1.11 11 74
2327 38 1.11 3 81
2394 24 5.0 16 73
2452 5 0.01 15 75
2501 36 0.1 13 79
2540 44 0.5 10 72
2571 17 1.11 6 76
2594 26 0.01 15 73
2612 9 0.5 15 96
2628 28 100.0 14 81
2644 4 0.5 11 77
2662 8 100.0 13 72
2685 15 5.0 15 79
2715 12 1.11 12 67
2752 33 0.5 13 86
2798 32 1.11 3 75
2852 14 100.0 11 88
2915 34 5.0 7 81
2985 37 10.0 14 88
3062 25 0.9 10 84
3144 45 0.1 16 86
3231 20 100.0 15 82
3321 16 10.0 7 73
3414 31 1.11 8 82
3509 14 5.0 3 83
3606 45 0.01 16 76
3704 10 100.0 3 69
3803 2 0.1 4 81
3902 41 1.11 7 96
4001 23 0.01 10 88
4101 19 0.01 12 78
4201 11 0.1 15 71
4301 35 10.0 5 83
4401 44 1.11 13 86
4501 12 0.9 13 84
4601 25 100.0 5 89
4701 3 0.9 8 62
4801 15 0.9 16 92
4901 29 0.1 5 75
5001 28 0.1 9 64
5101 4 1.11 8 71
5201 27 0.9 14 89
5301 8 5.0 7 74
5401 40 10.0 10 82
5501 21 0.01 7 83
5601 13 5.0 5 79
5701 17 10.0 14 98
5801 46 0.5 13 75
5901 7 100.0 7 81
6001 18 0.9 16 82
6101 1 0.01 11 71
6201 32 0.1 16 73
6301 9 10.0 9 81
6401 37 0.9 12 75
6501 38 0.01 10 78
6601 43 0.1 14 70
6701 34 0.9 3 79
6801 33 0.01 15 80
6901 42 10.0 6 80
7001 22 0.1 9 81
7101 20 5.0 11 74
7201 26 0.01 6 84
7301 16 0.1 9 90
7401 36 5.0 5 77
7501 39 10.0 12 85
7601 24 1.11 15 74
7701 30 0.5 13 77
7801 6 0.9 6 89
7901 5 0.5 11 70
8001 2 5.0 7 94
8101 35 0.5 14 81
8201 25 100.0 16 91
8301 37 10.0 14 96
8401 3 0.1 10 85
8501 5 0.5 10 85
8601 34 0.9 14 94
8701 32 0.9 5 77
8801 16 0.9 15 76
8901 29 0.01 16 78
9001 27 1.11 6 84
9101 30 0.5 11 82
9201 36 5.0 5 86
9301 20 10.0 14 86
9401 39 0.01 14 75
9501 24 100.0 14 86
9601 31 0.9 10 88
9701 7 0.5 5 83
9801 43 1.11 13 80
9901 4 0.5 9 92
10001 13 10.0 13 75
10101 44 5.0 6 80
10201 41 0.1 13 94
10301 38 0.5 14 85
10401 12 100.0 14 58
10501 11 0.1 16 99
10601 14 100.0 6 85
10701 18 10.0 14 86
10801 23 5.0 16 79
10901 6 1.11 13 78
11001 33 0.9 14 70
11101 40 10.0 3 84
11201 26 0.1 10 70
11301 1 10.0 5 72
11401 21 0.5 6 86
11501 45 100.0 14 64
