0 1 4096 32
100 47 4096 33
200 2 4096 35
300 45 4096 37
400 3 4096 35
500 35 4096 32
600 37 4096 31
700 4 4096 31
800 6 4096 30
900 8 4096 39
1000 39 4096 34
1100 11 4096 33
1200 13 4096 34
1300 23 4096 38
1400 25 4096 38
1500 33 4096 32
1600 38 4096 33
1699 41 4096 31
1797 9 4096 46
1894 43 4096 37
1989 5 4096 41
2081 7 4096 34
2169 44 4096 30
2251 14 4096 33
2327 15 4096 22
2394 16 4096 39
2452 18 4096 39
2501 20 4096 39
2540 21 4096 33
2571 26 4096 39
2594 27 4096 30
2612 29 4096 31
2628 32 4096 36
2644 40 4096 33
2662 42 4096 42
2685 17 4096 39
2715 19 4096 39
2752 28 4096 35
2798 30 4096 41
2852 31 4096 33
2915 1 4096 21
2985 47 4096 35
3062 2 4096 42
3144 45 4096 36
3231 3 4096 39
3321 35 4096 45
3414 37 4096 32
3509 4 4096 32
3606 6 4096 34
3704 8 4096 45
3803 39 4096 36
3902 11 4096 36
4001 13 4096 39
4101 23 4096 28
4201 25 4096 40
4301 33 4096 28
4401 38 4096 30
4501 41 4096 36
4601 9 4096 37
4701 43 4096 36
4801 5 4096 38
4901 7 4096 30
5001 44 4096 39
5101 14 4096 34
5201 15 4096 35
5301 16 4096 36
5401 18 4096 36
5501 20 4096 41
5601 21 4096 34
5701 26 4096 30
5801 27 4096 31
5901 29 4096 33
6001 32 4096 31
6101 40 4096 31
6201 42 4096 40
6301 17 4096 45
6401 19 4096 30
6501 28 4096 32
6601 30 4096 30
6701 31 4096 36
6801 1 4096 30
6901 47 4096 30
7001 2 4096 38
7101 45 4096 31
7201 3 4096 33
7301 35 4096 45
7401 37 4096 29
7501 4 4096 37
7601 6 4096 23
7701 8 4096 37
7801 39 4096 33
7901 11 4096 37
8001 13 4096 42
8101 23 4096 30
8201 25 4096 34
8301 33 4096 39
8401 38 4096 28
8501 41 4096 37
8601 9 4096 36
8701 43 4096 45
8801 5 4096 39
8901 7 4096 33
9001 44 4096 28
9101 14 4096 33
9201 15 4096 28
9301 16 4096 31
9401 18 4096 39
9501 20 4096 45
9601 21 4096 33
9701 26 4096 35
9801 27 4096 39
9901 29 4096 31
10001 32 4096 40
10101 40 4096 32
10201 42 4096 26
10301 17 4096 37
10401 19 4096 32
10501 28 4096 36
10601 30 4096 41
10701 31 4096 35
10801 1 4096 39
10901 47 4096 32
11001 2 4096 46
11101 45 4096 37
11201 3 4096 36
11301 35 4096 49
11401 37 4096 45
11501 4 4096 28
