0 1 5.0 5 46
100 47 0.01 15 47
200 2 0.1 9 54
300 45 0.5 11 56
400 3 100.0 7 36
500 35 1.11 8 39
600 37 5.0 11 50
700 4 0.01 15 44
800 6 5.0 3 42
900 8 0.1 4 53
1000 39 100.0 14 35
1100 11 0.5 7 47
1200 13 0.01 3 46
1300 23 100.0 15 56
1400 25 0.9 6 33
1500 33 10.0 6 32
1600 38 1.11 13 41
1699 41 10.0 13 42
1797 9 0.9 10 51
1894 43 5.0 14 28
1989 5 100.0 3 57
2081 7 0.01 9 56
2169 44 1.11 15 58
2251 14 1.11 11 51
2327 15 1.11 3 40
2394 16 5.0 16 46
2452 18 0.01 15 43
2501 20 0.1 13 40
2540 21 0.5 10 38
2571 26 1.11 6 52
2594 27 0.01 15 42
2612 29 0.5 15 54
2628 32 100.0 14 43
2644 40 0.5 11 43
2662 42 100.0 13 49
2685 17 5.0 15 40
2715 19 1.11 12 50
2752 28 0.5 13 63
2798 30 1.11 3 62
2852 31 100.0 11 46
2915 1 5.0 7 36
2985 47 10.0 14 50
3062 2 0.9 10 44
3144 45 0.1 16 40
3231 3 100.0 15 57
3321 35 10.0 7 53
3414 37 1.11 8 46
3509 4 5.0 3 43
3606 6 0.01 16 47
3704 8 100.0 3 42
3803 39 0.1 4 47
3902 11 1.11 7 60
4001 13 0.01 10 51
4101 23 0.01 12 43
4201 25 0.1 15 52
4301 33 10.0 5 61
4401 38 1.11 13 36
4501 41 0.9 13 49
4601 9 100.0 5 54
4701 43 0.9 8 42
4801 5 0.9 16 58
4901 7 0.1 5 51
5001 44 0.1 9 36
5101 14 1.11 8 62
