0 18 5.0 5 15
100 27 0.01 15 17
200 35 0.1 9 9
300 6 0.5 11 24
400 42 100.0 7 28
500 13 1.11 8 33
600 31 5.0 11 3
700 29 0.01 15 19
800 22 5.0 3 31
900 3 0.1 4 23
1000 41 100.0 14 11
1100 7 0.5 7 21
1200 1 0.01 3 8
1300 19 100.0 15 18
1400 11 0.9 6 7
1500 21 10.0 6 23
1600 43 1.11 13 -3
1699 39 10.0 13 26
1797 30 0.9 10 3
1894 23 5.0 14 22
1989 2 100.0 3 30
2081 40 0.01 9 29
2169 10 1.11 15 18
2251 46 1.11 11 8
2327 38 1.11 3 19
2394 24 5.0 16 21
2452 5 0.01 15 20
2501 36 0.1 13 15
2540 44 0.5 10 5
2571 17 1.11 6 19
2594 26 0.01 15 11
2612 9 0.5 15 4
2628 28 100.0 14 20
2644 4 0.5 11 23
2662 8 100.0 13 12
2685 15 5.0 15 5
2715 12 1.11 12 26
2752 33 0.5 13 12
2798 32 1.11 3 37
2852 14 100.0 11 10
2915 34 5.0 7 34
2985 37 10.0 14 23
3062 25 0.9 10 6
3144 45 0.1 16 14
3231 20 100.0 15 28
3321 16 10.0 7 24
3414 31 1.11 8 8
3509 14 5.0 3 0
3606 45 0.01 16 9
3704 10 100.0 3 18
3803 2 0.1 4 33
3902 41 1.11 7 21
4001 23 0.01 10 25
4101 19 0.01 12 5
4201 11 0.1 15 29
4301 35 10.0 5 6
4401 44 1.11 13 9
4501 12 0.9 13 22
4601 25 100.0 5 15
4701 3 0.9 8 1
4801 15 0.9 16 8
4901 29 0.1 5 20
5001 28 0.1 9 -4
5101 4 1.11 8 7
5201 27 0.9 14 21
5301 8 5.0 7 23
5401 40 10.0 10 36
5501 21 0.01 7 7
5601 13 5.0 5 19
5701 17 10.0 14 16
5801 46 0.5 13 12
5901 7 100.0 7 23
6001 18 0.9 16 11
6101 1 0.01 11 15
6201 32 0.1 16 16
6301 9 10.0 9 13
6401 37 0.9 12 28
6501 38 0.01 10 18
6601 43 0.1 14 18
6701 34 0.9 3 9
6801 33 0.01 15 21
6901 42 10.0 6 12
7001 22 0.1 9 13
7101 20 5.0 11 16
7201 26 0.01 6 5
7301 16 0.1 9 11
7401 36 5.0 5 16
7501 39 10.0 12 18
7601 24 1.11 15 32
7701 30 0.5 13 35
7801 6 0.9 6 14
7901 5 0.5 11 27
8001 2 5.0 7 16
8101 35 0.5 14 26
8201 25 100.0 16 30
8301 37 10.0 14 23
8401 3 0.1 10 2
8501 5 0.5 10 36
8601 34 0.9 14 10
8701 32 0.9 5 26
8801 16 0.9 15 27
8901 29 0.01 16 19
9001 27 1.11 6 21
9101 30 0.5 11 4
9201 36 5.0 5 17
9301 20 10.0 14 20
9401 39 0.01 14 23
9501 24 100.0 14 20
9601 31 0.9 10 9
9701 7 0.5 5 29
9801 43 1.11 13 12
9901 4 0.5 9 13
10001 13 10.0 13 16
10101 44 5.0 6 10
10201 41 0.1 13 14
10301 38 0.5 14 27
10401 12 100.0 14 18
10501 11 0.1 16 19
10601 14 100.0 6 13
10701 18 10.0 14 35
10801 23 5.0 16 20
10901 6 1.11 13 27
11001 33 0.9 14 15
11101 40 10.0 3 30
11201 26 0.1 10 20
11301 1 10.0 5 34
11401 21 0.5 6 26
11501 45 100.0 14 17
