0 14 5.0 5 58
99 3 0.01 15 72
176 16 0.1 9 61
266 9 0.5 11 60
321 22 100.0 7 64
403 7 1.11 8 64
503 44 5.0 11 76
566 11 0.01 15 54
646 26 5.0 3 56
706 13 0.1 4 60
778 4 100.0 14 54
828 21 0.5 7 55
925 36 0.01 3 60
1021 25 100.0 15 71
1095 42 0.9 6 63
1181 27 10.0 6 68
1232 12 1.11 13 67
1312 19 10.0 13 69
1406 32 0.9 10 58
1487 17 5.0 14 64
1552 24 100.0 3 78
1649 37 0.01 9 65
1708 6 1.11 15 61
1782 41 1.11 11 75
1870 10 1.11 3 64
1941 35 5.0 16 62
2029 18 0.01 15 71
2120 29 0.1 13 71
2188 2 0.5 10 50
2249 1 1.11 6 61
2310 40 0.01 15 61
2372 23 0.5 15 67
2453 30 100.0 14 69
2503 39 0.5 11 75
2563 20 100.0 13 68
2619 43 5.0 15 66
2674 34 1.11 12 64
2768 33 0.5 13 69
2830 46 1.11 3 60
2885 45 100.0 11 57
2964 38 5.0 7 62
3035 15 10.0 14 78
3126 28 0.9 10 60
3216 31 0.1 16 82
3293 8 100.0 15 60
3344 5 10.0 7 64
3442 2 1.11 8 62
3496 43 5.0 3 64
3595 6 0.01 16 62
3656 9 100.0 3 62
3746 28 0.1 4 45
3802 3 1.11 7 69
3852 40 0.01 10 61
3945 35 0.01 12 58
4024 22 0.1 15 58
4086 13 10.0 5 81
4160 24 1.11 13 51
4249 11 0.9 13 63
4310 20 100.0 5 69
4410 25 0.9 8 72
4510 12 0.9 16 64
4571 21 0.1 5 57
4637 42 0.1 9 76
4713 31 1.11 8 65
4805 36 0.9 14 78
4901 39 5.0 7 69
4960 4 10.0 10 82
5034 45 0.01 7 64
5133 16 5.0 5 57
5203 23 10.0 14 71
5274 14 0.5 13 67
5360 19 100.0 7 82
5454 26 0.9 16 61
5511 29 0.01 11 53
5586 30 0.1 16 74
5671 27 10.0 9 63
5732 34 0.9 12 59
5808 7 0.01 10 76
5888 18 0.1 14 59
5950 41 0.9 3 67
6042 44 0.01 15 56
6125 1 10.0 6 69
6176 10 0.1 9 51
6250 5 5.0 11 82
6303 38 0.01 6 70
6371 33 0.1 9 55
6448 46 5.0 5 67
6532 17 10.0 12 48
6591 32 1.11 15 65
6671 15 0.5 13 64
6745 8 0.9 6 78
6840 37 0.5 11 69
6916 44 5.0 7 58
6979 45 0.5 14 67
7030 26 100.0 16 52
7093 17 10.0 14 55
7149 18 0.1 10 60
7231 1 0.5 10 68
7291 16 0.9 14 75
7379 29 0.9 5 55
7459 34 0.9 15 57
7546 33 0.01 16 72
7611 38 1.11 6 55
7696 5 0.5 11 62
7779 4 5.0 5 67
7852 3 10.0 14 70
7903 6 0.01 14 69
7969 31 100.0 14 81
8069 28 0.9 10 57
8123 19 0.5 5 79
8208 14 1.11 13 61
8274 21 0.5 9 61
8364 20 10.0 13 55
8444 9 5.0 6 58
8543 2 0.1 13 67
8594 35 0.5 14 63
8666 36 100.0 14 60
8731 37 0.1 16 61
8794 22 100.0 6 72
8869 41 10.0 14 57
8926 8 5.0 16 64
9019 43 1.11 13 63
9115 40 0.9 14 80
9203 39 10.0 3 64
9270 24 0.1 10 70
9370 23 10.0 5 52
9428 32 0.5 6 60
9522 27 100.0 14 63
