0 7 4096 32
100 31 4096 33
200 22 4096 35
300 3 4096 37
400 27 4096 35
500 39 4096 32
600 17 4096 31
700 19 4096 31
800 4 4096 30
900 26 4096 39
1000 16 4096 34
1100 24 4096 33
1200 38 4096 34
1300 28 4096 38
1400 35 4096 38
1500 5 4096 32
1600 9 4096 33
1699 40 4096 31
1797 8 4096 46
1894 1 4096 37
1989 21 4096 41
2081 2 4096 34
2169 13 4096 30
2251 29 4096 33
2327 37 4096 22
2394 10 4096 39
2452 46 4096 39
2501 44 4096 39
2540 14 4096 33
2571 34 4096 39
2594 30 4096 30
2612 15 4096 31
2628 6 4096 36
2644 43 4096 33
2662 18 4096 42
2685 20 4096 39
2715 23 4096 39
2752 45 4096 35
2798 25 4096 41
2852 12 4096 33
2915 42 4096 21
2985 41 4096 35
3062 11 4096 42
3144 36 4096 36
3231 32 4096 39
3321 33 4096 45
3414 4 4096 32
3509 20 4096 32
3606 33 4096 34
3704 22 4096 45
3803 25 4096 36
3902 36 4096 36
4001 34 4096 39
4101 35 4096 28
4201 32 4096 40
4301 40 4096 28
4401 8 4096 30
4501 18 4096 36
4601 11 4096 37
4701 17 4096 36
4801 3 4096 38
4901 43 4096 30
5001 5 4096 39
5101 28 4096 34
5201 24 4096 35
5301 39 4096 36
5401 13 4096 36
5501 19 4096 41
5601 10 4096 34
5701 29 4096 30
5801 27 4096 31
5901 41 4096 33
6001 23 4096 31
6101 26 4096 31
6201 2 4096 40
6301 21 4096 45
6401 31 4096 30
6501 9 4096 32
6601 42 4096 30
6701 16 4096 36
6801 1 4096 30
6901 12 4096 30
7001 14 4096 38
7101 30 4096 31
7201 15 4096 33
7301 45 4096 45
7401 44 4096 29
7501 46 4096 37
7601 38 4096 23
7701 37 4096 37
7801 6 4096 33
7901 7 4096 37
8001 31 4096 42
8101 27 4096 30
8201 11 4096 34
8301 9 4096 39
8401 45 4096 28
8501 32 4096 37
8601 7 4096 36
8701 40 4096 45
8801 18 4096 39
8901 24 4096 33
9001 39 4096 28
9101 41 4096 33
9201 23 4096 28
9301 28 4096 31
9401 4 4096 39
9501 42 4096 45
9601 25 4096 33
9701 6 4096 35
9801 34 4096 39
9901 22 4096 31
10001 13 4096 40
10101 21 4096 32
10201 26 4096 26
10301 43 4096 37
10401 10 4096 32
10501 20 4096 36
10601 30 4096 41
10701 17 4096 35
10801 12 4096 39
10901 1 4096 32
11001 19 4096 46
11101 8 4096 37
11201 38 4096 36
11301 2 4096 49
11401 35 4096 45
11501 36 4096 28
