0 4 4096 43
100 11 4096 45
200 15 4096 47
300 18 4096 50
400 29 4096 47
500 31 4096 43
600 40 4096 42
700 45 4096 42
800 3 4096 40
900 8 4096 52
1000 14 4096 46
1100 21 4096 45
1200 28 4096 46
1300 35 4096 51
1400 39 4096 51
1500 42 4096 43
1600 5 4096 45
1699 6 4096 42
1797 13 4096 62
1894 20 4096 50
1989 26 4096 55
2081 30 4096 46
2169 38 4096 41
2251 44 4096 45
2327 2 4096 30
2394 9 4096 53
2452 16 4096 53
2501 23 4096 53
2540 25 4096 45
2571 32 4096 53
2594 41 4096 41
2612 43 4096 42
2628 1 4096 48
2644 7 4096 45
2662 17 4096 56
2685 19 4096 53
2715 27 4096 52
2752 33 4096 47
2798 37 4096 55
2852 47 4096 44
2915 3 4096 29
2985 6 4096 47
3062 15 4096 57
3144 21 4096 48
3231 29 4096 53
3321 32 4096 61
3414 37 4096 43
3509 45 4096 43
3606 5 4096 46
3704 7 4096 60
3803 16 4096 49
3902 20 4096 49
4001 26 4096 52
4101 33 4096 38
4201 40 4096 54
4301 44 4096 38
4401 4 4096 41
4501 9 4096 48
4601 13 4096 50
4701 18 4096 48
4801 28 4096 51
4901 35 4096 41
5001 39 4096 53
5101 47 4096 46
5201 2 4096 47
5301 11 4096 48
5401 14 4096 48
5501 23 4096 55
5601 25 4096 46
5701 30 4096 41
5801 41 4096 42
5901 43 4096 44
6001 1 4096 42
6101 8 4096 42
6201 17 4096 54
6301 19 4096 60
6401 27 4096 41
6501 31 4096 43
6601 38 4096 40
6701 42 4096 48
6801 2 4096 40
6901 6 4096 41
7001 14 4096 51
7101 20 4096 42
7201 27 4096 45
7301 31 4096 60
7401 39 4096 39
7501 44 4096 50
7601 4 4096 31
7701 11 4096 50
7801 16 4096 45
7901 18 4096 50
8001 25 4096 57
8101 33 4096 41
8201 41 4096 46
8301 43 4096 52
8401 3 4096 38
8501 9 4096 50
8601 17 4096 48
8701 23 4096 60
8801 28 4096 53
8901 32 4096 44
9001 38 4096 38
9101 45 4096 44
9201 5 4096 38
9301 7 4096 42
9401 13 4096 52
9501 19 4096 60
9601 29 4096 44
9701 30 4096 47
9801 40 4096 53
9901 47 4096 42
10001 1 4096 54
10101 8 4096 43
10201 15 4096 35
10301 21 4096 50
10401 26 4096 43
10501 35 4096 48
10601 37 4096 55
10701 42 4096 47
10801 4 4096 53
10901 8 4096 43
11001 17 4096 62
11101 23 4096 50
11201 28 4096 49
11301 35 4096 66
11401 38 4096 61
11501 47 4096 38
