0 21 4096 64
100 47 4096 67
200 1 4096 70
300 38 4096 75
400 19 4096 70
500 3 4096 64
600 44 4096 63
700 27 4096 63
800 16 4096 60
900 40 4096 78
1000 37 4096 69
1100 7 4096 67
1200 30 4096 69
1300 8 4096 76
1400 9 4096 76
1500 13 4096 64
1600 6 4096 67
1699 28 4096 63
1797 42 4096 93
1894 2 4096 75
1989 41 4096 82
2081 18 4096 69
2169 4 4096 61
2251 33 4096 67
2327 20 4096 45
2394 5 4096 79
2452 43 4096 79
2501 35 4096 79
2540 32 4096 67
2571 15 4096 79
2594 39 4096 61
2612 31 4096 63
2628 25 4096 72
2644 45 4096 67
2662 26 4096 84
2685 17 4096 79
2715 11 4096 78
2752 29 4096 70
2798 14 4096 82
2852 23 4096 66
2915 31 4096 43
2985 13 4096 70
3062 4 4096 85
3144 1 4096 72
3231 27 4096 79
3321 41 4096 91
3414 17 4096 64
3509 18 4096 64
3606 16 4096 69
3704 15 4096 90
3803 32 4096 73
3902 9 4096 73
4001 39 4096 78
4101 8 4096 57
4201 45 4096 81
4301 20 4096 57
4401 33 4096 61
4501 7 4096 72
4601 42 4096 75
4701 14 4096 72
4801 6 4096 76
4901 38 4096 61
5001 2 4096 79
5101 23 4096 69
5201 35 4096 70
5301 29 4096 72
5401 43 4096 72
5501 21 4096 82
5601 28 4096 69
5701 25 4096 61
5801 3 4096 63
5901 40 4096 66
6001 5 4096 63
6101 37 4096 63
6201 47 4096 81
6301 30 4096 90
6401 44 4096 61
6501 19 4096 64
6601 11 4096 60
6701 26 4096 72
6801 40 4096 60
6901 29 4096 61
7001 17 4096 76
7101 7 4096 63
7201 45 4096 67
7301 9 4096 90
7401 15 4096 58
7501 38 4096 75
7601 35 4096 46
7701 41 4096 75
7801 16 4096 67
7901 4 4096 75
8001 43 4096 85
8101 2 4096 61
8201 30 4096 69
8301 31 4096 78
8401 33 4096 57
8501 14 4096 75
8601 3 4096 72
8701 13 4096 90
8801 6 4096 79
8901 26 4096 66
9001 39 4096 57
9101 21 4096 66
9201 32 4096 57
9301 5 4096 63
9401 19 4096 78
9501 18 4096 90
9601 23 4096 66
9701 44 4096 70
9801 11 4096 79
9901 20 4096 63
10001 27 4096 81
10101 8 4096 64
10201 28 4096 52
10301 37 4096 75
10401 1 4096 64
10501 25 4096 72
10601 42 4096 82
10701 47 4096 70
10801 15 4096 79
10901 13 4096 64
11001 6 4096 93
11101 26 4096 75
11201 1 4096 73
11301 23 4096 99
11401 29 4096 91
11501 30 4096 57
