0 1 5.0 5 131
99 45 0.01 15 141
176 10 0.1 9 132
266 36 0.5 11 134
321 2 100.0 7 122
403 23 1.11 8 129
503 37 5.0 11 137
566 46 0.01 15 136
646 4 5.0 3 128
706 3 0.1 4 129
778 43 100.0 14 135
828 6 0.5 7 132
925 8 0.01 3 136
1021 39 100.0 15 117
1095 11 0.9 6 134
1181 12 10.0 6 134
1232 13 1.11 13 129
1312 22 10.0 13 144
1406 24 0.9 10 130
1487 25 5.0 14 140
1552 33 100.0 3 139
1649 34 0.01 9 137
1708 35 1.11 15 133
1782 38 1.11 11 126
1870 41 1.11 3 121
1941 9 5.0 16 128
2029 5 0.01 15 131
2120 44 0.1 13 128
2188 7 0.5 10 139
2249 14 1.11 6 132
2310 15 0.01 15 135
2372 16 0.5 15 138
2453 18 100.0 14 135
2503 20 0.5 11 122
2563 21 100.0 13 111
2619 26 5.0 15 127
2674 27 1.11 12 118
2768 29 0.5 13 123
2830 31 1.11 3 130
2885 32 100.0 11 142
2964 40 5.0 7 118
3035 42 10.0 14 127
3126 17 0.9 10 127
3216 19 0.1 16 127
3293 28 100.0 15 122
3344 30 10.0 7 128
3442 1 1.11 8 129
3496 45 5.0 3 132
3595 10 0.01 16 139
3656 36 100.0 3 133
3746 2 0.1 4 138
3802 23 1.11 7 128
3852 37 0.01 10 132
3945 46 0.01 12 126
4024 4 0.1 15 114
4086 3 10.0 5 133
4160 43 1.11 13 143
4249 6 0.9 13 149
4310 8 100.0 5 136
4410 39 0.9 8 134
4510 11 0.9 16 123
4571 12 0.1 5 141
4637 13 0.1 9 122
4713 22 1.11 8 138
4805 24 0.9 14 127
4901 25 5.0 7 142
4960 33 10.0 10 136
5034 34 0.01 7 134
5133 35 5.0 5 147
5203 38 10.0 14 125
5274 41 0.5 13 129
5360 9 100.0 7 142
5454 5 0.9 16 116
5511 44 0.01 11 126
5586 7 0.1 16 126
5671 14 10.0 9 119
5732 15 0.9 12 130
5808 16 0.01 10 131
5888 18 0.1 14 127
5950 20 0.9 3 123
6042 21 0.01 15 139
6125 26 10.0 6 131
6176 27 0.1 9 131
6250 29 5.0 11 134
6303 31 0.01 6 123
6371 32 0.1 9 139
6448 40 5.0 5 113
6532 42 10.0 12 136
6591 17 1.11 15 124
6671 19 0.5 13 129
6745 28 0.9 6 131
6840 30 0.5 11 116
6916 1 5.0 7 132
6979 45 0.5 14 137
7030 10 100.0 16 125
7093 36 10.0 14 119
7149 2 0.1 10 122
7231 23 0.5 10 122
7291 37 0.9 14 136
7379 46 0.9 5 123
7459 4 0.9 15 137
7546 3 0.01 16 129
7611 43 1.11 6 127
7696 6 0.5 11 117
7779 8 5.0 5 133
7852 39 10.0 14 130
7903 11 0.01 14 131
7969 12 100.0 14 142
8069 13 0.9 10 126
8123 22 0.5 5 136
8208 24 1.11 13 127
8274 25 0.5 9 137
8364 33 10.0 13 133
8444 34 5.0 6 119
8543 35 0.1 13 120
8594 38 0.5 14 127
8666 41 100.0 14 123
8731 9 0.1 16 154
8794 5 100.0 6 139
8869 44 10.0 14 131
8926 7 5.0 16 141
9019 14 1.11 13 144
9115 15 0.9 14 121
9203 16 10.0 3 128
9270 18 0.1 10 127
9370 20 10.0 5 126
9428 21 0.5 6 109
9522 26 100.0 14 132
