0 14 5.0 5 8
100 6 0.01 15 28
200 21 0.1 9 17
300 39 0.5 11 17
400 40 100.0 7 17
500 35 1.11 8 10
600 3 5.0 11 11
700 17 0.01 15 12
800 9 5.0 3 12
900 26 0.1 4 23
1000 42 100.0 14 16
1100 34 0.5 7 20
1200 12 0.01 3 9
1300 5 100.0 15 15
1400 20 0.9 6 24
1500 25 10.0 6 18
1600 43 1.11 13 16
1699 45 10.0 13 22
1797 1 0.9 10 14
1894 7 5.0 14 17
1989 23 100.0 3 15
2081 37 0.01 9 22
2169 29 1.11 15 13
2251 47 1.11 11 17
2327 13 1.11 3 17
2394 19 5.0 16 22
2452 10 0.01 15 18
2501 36 0.1 13 16
2540 30 0.5 10 18
2571 46 1.11 6 16
2594 15 0.01 15 14
2612 18 0.5 15 20
2628 22 100.0 14 10
2644 38 0.5 11 13
2662 31 100.0 13 23
2685 44 5.0 15 14
2715 2 1.11 12 15
2752 16 0.5 13 14
2798 11 1.11 3 15
2852 27 100.0 11 24
2915 41 5.0 7 16
2985 33 10.0 14 12
3062 1 0.9 10 17
3144 7 0.1 16 18
3231 21 100.0 15 12
3321 39 10.0 7 12
3414 31 1.11 8 15
3509 46 5.0 3 20
3606 13 0.01 16 16
3704 6 100.0 3 15
3803 20 0.1 4 15
3902 25 1.11 7 21
4001 29 0.01 10 23
4101 45 0.01 12 14
4201 2 0.1 15 9
4301 5 10.0 5 19
4401 10 1.11 13 15
4501 38 0.9 13 15
4601 30 100.0 5 17
4701 47 0.9 8 14
4801 15 0.9 16 23
4901 19 0.1 5 21
5001 23 0.1 9 18
5101 37 1.11 8 15
