0 6 4096 43
99 23 4096 45
176 5 4096 47
266 7 4096 50
321 21 4096 47
403 41 4096 43
503 44 4096 42
566 29 4096 42
646 33 4096 40
706 11 4096 52
778 26 4096 46
828 9 4096 45
925 19 4096 46
1021 46 4096 51
1095 16 4096 51
1181 1 4096 43
1232 40 4096 45
1312 38 4096 42
1406 15 4096 62
1487 27 4096 50
1552 2 4096 55
1649 45 4096 46
1708 17 4096 41
1782 43 4096 45
1870 18 4096 30
1941 35 4096 53
2029 3 4096 53
2120 39 4096 53
2188 37 4096 45
2249 20 4096 53
2310 12 4096 41
2372 36 4096 42
2453 34 4096 48
2503 25 4096 45
2563 47 4096 56
2619 14 4096 53
2674 42 4096 52
2768 10 4096 47
2830 31 4096 55
2885 13 4096 44
2964 22 4096 29
3035 30 4096 47
3126 20 4096 57
3216 27 4096 48
3293 40 4096 53
3344 36 4096 61
3442 6 4096 43
3496 11 4096 43
3595 38 4096 46
3656 30 4096 60
3746 10 4096 49
3802 29 4096 49
3852 46 4096 52
3945 12 4096 38
4024 37 4096 54
4086 21 4096 38
4160 43 4096 41
4249 19 4096 48
4310 18 4096 50
4410 33 4096 48
4510 25 4096 51
4571 13 4096 41
4637 9 4096 53
4713 3 4096 46
4805 15 4096 47
4901 39 4096 48
4960 22 4096 48
5034 47 4096 55
5133 7 4096 46
5203 2 4096 41
5274 41 4096 42
5360 16 4096 44
5454 44 4096 42
5511 17 4096 42
5586 14 4096 54
5671 31 4096 60
5732 1 4096 41
5808 34 4096 43
5888 23 4096 40
5950 45 4096 48
6042 35 4096 40
6125 5 4096 41
6176 26 4096 51
6250 42 4096 42
6303 34 4096 45
6371 12 4096 60
6448 31 4096 39
6532 41 4096 50
6591 16 4096 31
6671 40 4096 50
6745 35 4096 45
6840 17 4096 50
6916 43 4096 57
6979 39 4096 41
7030 21 4096 46
7093 26 4096 52
7149 23 4096 38
7231 36 4096 50
7291 1 4096 48
7379 3 4096 60
7459 13 4096 53
7546 14 4096 44
7611 37 4096 38
7696 6 4096 44
7779 46 4096 38
7852 42 4096 42
7903 45 4096 52
7969 15 4096 60
8069 47 4096 44
8123 9 4096 47
8208 29 4096 53
8274 18 4096 42
8364 27 4096 54
8444 10 4096 43
8543 38 4096 35
8594 33 4096 50
8666 30 4096 43
8731 7 4096 48
8794 5 4096 55
8869 11 4096 47
8926 25 4096 53
9019 22 4096 43
9115 20 4096 62
9203 44 4096 50
9270 19 4096 49
9370 2 4096 66
9428 31 4096 61
9522 26 4096 38
