0 6 4096 43
100 23 4096 45
200 5 4096 47
300 7 4096 50
400 21 4096 47
500 41 4096 43
600 44 4096 42
700 29 4096 42
800 33 4096 40
900 11 4096 52
1000 26 4096 46
1100 9 4096 45
1200 19 4096 46
1300 46 4096 51
1400 16 4096 51
1500 1 4096 43
1600 40 4096 45
1699 38 4096 42
1797 15 4096 62
1894 27 4096 50
1989 2 4096 55
2081 45 4096 46
2169 17 4096 41
2251 43 4096 45
2327 18 4096 30
2394 35 4096 53
2452 3 4096 53
2501 39 4096 53
2540 37 4096 45
2571 20 4096 53
2594 12 4096 41
2612 36 4096 42
2628 34 4096 48
2644 25 4096 45
2662 47 4096 56
2685 14 4096 53
2715 42 4096 52
2752 10 4096 47
2798 31 4096 55
2852 13 4096 44
2915 22 4096 29
2985 30 4096 47
3062 20 4096 57
3144 27 4096 48
3231 40 4096 53
3321 36 4096 61
3414 6 4096 43
3509 11 4096 43
3606 38 4096 46
3704 30 4096 60
3803 10 4096 49
3902 29 4096 49
4001 46 4096 52
4101 12 4096 38
4201 37 4096 54
4301 21 4096 38
4401 43 4096 41
4501 19 4096 48
4601 18 4096 50
4701 33 4096 48
4801 25 4096 51
4901 13 4096 41
5001 9 4096 53
5101 3 4096 46
5201 15 4096 47
5301 39 4096 48
5401 22 4096 48
5501 47 4096 55
5601 7 4096 46
5701 2 4096 41
5801 41 4096 42
5901 16 4096 44
6001 44 4096 42
6101 17 4096 42
6201 14 4096 54
6301 31 4096 60
6401 1 4096 41
6501 34 4096 43
6601 23 4096 40
6701 45 4096 48
6801 35 4096 40
6901 5 4096 41
7001 26 4096 51
7101 42 4096 42
7201 34 4096 45
7301 12 4096 60
7401 31 4096 39
7501 41 4096 50
7601 16 4096 31
7701 40 4096 50
7801 35 4096 45
7901 17 4096 50
8001 43 4096 57
8101 39 4096 41
8201 21 4096 46
8301 26 4096 52
8401 23 4096 38
8501 36 4096 50
8601 1 4096 48
8701 3 4096 60
8801 13 4096 53
8901 14 4096 44
9001 37 4096 38
9101 6 4096 44
9201 46 4096 38
9301 42 4096 42
9401 45 4096 52
9501 15 4096 60
9601 47 4096 44
9701 9 4096 47
9801 29 4096 53
9901 18 4096 42
10001 27 4096 54
10101 10 4096 43
10201 38 4096 35
10301 33 4096 50
10401 30 4096 43
10501 7 4096 48
10601 5 4096 55
10701 11 4096 47
10801 25 4096 53
10901 22 4096 43
11001 20 4096 62
11101 44 4096 50
11201 19 4096 49
11301 2 4096 66
11401 31 4096 61
11501 26 4096 38
