0 18 5.0 5 131
100 27 0.01 15 141
200 35 0.1 9 132
300 6 0.5 11 134
400 42 100.0 7 122
500 13 1.11 8 129
600 31 5.0 11 137
700 29 0.01 15 136
800 22 5.0 3 128
900 3 0.1 4 129
1000 41 100.0 14 135
1100 7 0.5 7 132
1200 1 0.01 3 136
1300 19 100.0 15 117
1400 11 0.9 6 134
1500 21 10.0 6 134
1600 43 1.11 13 129
1699 39 10.0 13 144
1797 30 0.9 10 130
1894 23 5.0 14 140
1989 2 100.0 3 139
2081 40 0.01 9 137
2169 10 1.11 15 133
2251 46 1.11 11 126
2327 38 1.11 3 121
2394 24 5.0 16 128
2452 5 0.01 15 131
2501 36 0.1 13 128
2540 44 0.5 10 139
2571 17 1.11 6 132
2594 26 0.01 15 135
2612 9 0.5 15 138
2628 28 100.0 14 135
2644 4 0.5 11 122
2662 8 100.0 13 111
2685 15 5.0 15 127
2715 12 1.11 12 118
2752 33 0.5 13 123
2798 32 1.11 3 130
2852 14 100.0 11 142
2915 34 5.0 7 118
2985 37 10.0 14 127
3062 25 0.9 10 127
3144 45 0.1 16 127
3231 20 100.0 15 122
3321 16 10.0 7 128
3414 31 1.11 8 129
3509 14 5.0 3 132
3606 45 0.01 16 139
3704 10 100.0 3 133
3803 2 0.1 4 138
3902 41 1.11 7 128
4001 23 0.01 10 132
4101 19 0.01 12 126
4201 11 0.1 15 114
4301 35 10.0 5 133
4401 44 1.11 13 143
4501 12 0.9 13 149
4601 25 100.0 5 136
4701 3 0.9 8 134
4801 15 0.9 16 123
4901 29 0.1 5 141
5001 28 0.1 9 122
5101 4 1.11 8 138
5201 27 0.9 14 127
5301 8 5.0 7 142
5401 40 10.0 10 136
5501 21 0.01 7 134
5601 13 5.0 5 147
5701 17 10.0 14 125
5801 46 0.5 13 129
5901 7 100.0 7 142
6001 18 0.9 16 116
6101 1 0.01 11 126
6201 32 0.1 16 126
6301 9 10.0 9 119
6401 37 0.9 12 130
6501 38 0.01 10 131
6601 43 0.1 14 127
6701 34 0.9 3 123
6801 33 0.01 15 139
6901 42 10.0 6 131
7001 22 0.1 9 131
7101 20 5.0 11 134
7201 26 0.01 6 123
7301 16 0.1 9 139
7401 36 5.0 5 113
7501 39 10.0 12 136
7601 24 1.11 15 124
7701 30 0.5 13 129
7801 6 0.9 6 131
7901 5 0.5 11 116
8001 2 5.0 7 132
8101 35 0.5 14 137
8201 25 100.0 16 125
8301 37 10.0 14 119
8401 3 0.1 10 122
8501 5 0.5 10 122
8601 34 0.9 14 136
8701 32 0.9 5 123
8801 16 0.9 15 137
8901 29 0.01 16 129
9001 27 1.11 6 127
9101 30 0.5 11 117
9201 36 5.0 5 133
9301 20 10.0 14 130
9401 39 0.01 14 131
9501 24 100.0 14 142
9601 31 0.9 10 126
9701 7 0.5 5 136
9801 43 1.11 13 127
9901 4 0.5 9 137
10001 13 10.0 13 133
10101 44 5.0 6 119
10201 41 0.1 13 120
10301 38 0.5 14 127
10401 12 100.0 14 123
10501 11 0.1 16 154
10601 14 100.0 6 139
10701 18 10.0 14 131
10801 23 5.0 16 141
10901 6 1.11 13 144
11001 33 0.9 14 121
11101 40 10.0 3 128
11201 26 0.1 10 127
11301 1 10.0 5 126
11401 21 0.5 6 109
11501 45 100.0 14 132
