0 4 5.0 5 8
100 11 0.01 15 28
200 15 0.1 9 17
300 18 0.5 11 17
400 29 100.0 7 17
500 31 1.11 8 10
600 40 5.0 11 11
700 45 0.01 15 12
800 3 5.0 3 12
900 8 0.1 4 23
1000 14 100.0 14 16
1100 21 0.5 7 20
1200 28 0.01 3 9
1300 35 100.0 15 15
1400 39 0.9 6 24
1500 42 10.0 6 18
1600 5 1.11 13 16
1699 6 10.0 13 22
1797 13 0.9 10 14
1894 20 5.0 14 17
1989 26 100.0 3 15
2081 30 0.01 9 22
2169 38 1.11 15 13
2251 44 1.11 11 17
2327 2 1.11 3 17
2394 9 5.0 16 22
2452 16 0.01 15 18
2501 23 0.1 13 16
2540 25 0.5 10 18
2571 32 1.11 6 16
2594 41 0.01 15 14
2612 43 0.5 15 20
2628 1 100.0 14 10
2644 7 0.5 11 13
2662 17 100.0 13 23
2685 19 5.0 15 14
2715 27 1.11 12 15
2752 33 0.5 13 14
2798 37 1.11 3 15
2852 47 100.0 11 24
2915 3 5.0 7 16
2985 6 10.0 14 12
3062 15 0.9 10 17
3144 21 0.1 16 18
3231 29 100.0 15 12
3321 32 10.0 7 12
3414 37 1.11 8 15
3509 45 5.0 3 20
3606 5 0.01 16 16
3704 7 100.0 3 15
3803 16 0.1 4 15
3902 20 1.11 7 21
4001 26 0.01 10 23
4101 33 0.01 12 14
4201 40 0.1 15 9
4301 44 10.0 5 19
4401 4 1.11 13 15
4501 9 0.9 13 15
4601 13 100.0 5 17
4701 18 0.9 8 14
4801 28 0.9 16 23
4901 35 0.1 5 21
5001 39 0.1 9 18
5101 47 1.11 8 15
