0 4 4096 64
99 11 4096 67
176 15 4096 70
266 18 4096 75
321 29 4096 70
403 31 4096 64
503 40 4096 63
566 45 4096 63
646 3 4096 60
706 8 4096 78
778 14 4096 69
828 21 4096 67
925 28 4096 69
1021 35 4096 76
1095 39 4096 76
1181 42 4096 64
1232 5 4096 67
1312 6 4096 63
1406 13 4096 93
1487 20 4096 75
1552 26 4096 82
1649 30 4096 69
1708 38 4096 61
1782 44 4096 67
1870 2 4096 45
1941 9 4096 79
2029 16 4096 79
2120 23 4096 79
2188 25 4096 67
2249 32 4096 79
2310 41 4096 61
2372 43 4096 63
2453 1 4096 72
2503 7 4096 67
2563 17 4096 84
2619 19 4096 79
2674 27 4096 78
2768 33 4096 70
2830 37 4096 82
2885 47 4096 66
2964 3 4096 43
3035 6 4096 70
3126 15 4096 85
3216 21 4096 72
3293 29 4096 79
3344 32 4096 91
3442 37 4096 64
3496 45 4096 64
3595 5 4096 69
3656 7 4096 90
3746 16 4096 73
3802 20 4096 73
3852 26 4096 78
3945 33 4096 57
4024 40 4096 81
4086 44 4096 57
4160 4 4096 61
4249 9 4096 72
4310 13 4096 75
4410 18 4096 72
4510 28 4096 76
4571 35 4096 61
4637 39 4096 79
4713 47 4096 69
4805 2 4096 70
4901 11 4096 72
4960 14 4096 72
5034 23 4096 82
5133 25 4096 69
5203 30 4096 61
5274 41 4096 63
5360 43 4096 66
5454 1 4096 63
5511 8 4096 63
5586 17 4096 81
5671 19 4096 90
5732 27 4096 61
5808 31 4096 64
5888 38 4096 60
5950 42 4096 72
6042 2 4096 60
6125 6 4096 61
6176 14 4096 76
6250 20 4096 63
6303 27 4096 67
6371 31 4096 90
6448 39 4096 58
6532 44 4096 75
6591 4 4096 46
6671 11 4096 75
6745 16 4096 67
6840 18 4096 75
6916 25 4096 85
6979 33 4096 61
7030 41 4096 69
7093 43 4096 78
7149 3 4096 57
7231 9 4096 75
7291 17 4096 72
7379 23 4096 90
7459 28 4096 79
7546 32 4096 66
7611 38 4096 57
7696 45 4096 66
7779 5 4096 57
7852 7 4096 63
7903 13 4096 78
7969 19 4096 90
8069 29 4096 66
8123 30 4096 70
8208 40 4096 79
8274 47 4096 63
8364 1 4096 81
8444 8 4096 64
8543 15 4096 52
8594 21 4096 75
8666 26 4096 64
8731 35 4096 72
8794 37 4096 82
8869 42 4096 70
8926 4 4096 79
9019 8 4096 64
9115 17 4096 93
9203 23 4096 75
9270 28 4096 73
9370 35 4096 99
9428 38 4096 91
9522 47 4096 57
