0 7 4096 43
99 31 4096 45
176 22 4096 47
266 3 4096 50
321 27 4096 47
403 39 4096 43
503 17 4096 42
566 19 4096 42
646 4 4096 40
706 26 4096 52
778 16 4096 46
828 24 4096 45
925 38 4096 46
1021 28 4096 51
1095 35 4096 51
1181 5 4096 43
1232 9 4096 45
1312 40 4096 42
1406 8 4096 62
1487 1 4096 50
1552 21 4096 55
1649 2 4096 46
1708 13 4096 41
1782 29 4096 45
1870 37 4096 30
1941 10 4096 53
2029 46 4096 53
2120 44 4096 53
2188 14 4096 45
2249 34 4096 53
2310 30 4096 41
2372 15 4096 42
2453 6 4096 48
2503 43 4096 45
2563 18 4096 56
2619 20 4096 53
2674 23 4096 52
2768 45 4096 47
2830 25 4096 55
2885 12 4096 44
2964 42 4096 29
3035 41 4096 47
3126 11 4096 57
3216 36 4096 48
3293 32 4096 53
3344 33 4096 61
3442 4 4096 43
3496 20 4096 43
3595 33 4096 46
3656 22 4096 60
3746 25 4096 49
3802 36 4096 49
3852 34 4096 52
3945 35 4096 38
4024 32 4096 54
4086 40 4096 38
4160 8 4096 41
4249 18 4096 48
4310 11 4096 50
4410 17 4096 48
4510 3 4096 51
4571 43 4096 41
4637 5 4096 53
4713 28 4096 46
4805 24 4096 47
4901 39 4096 48
4960 13 4096 48
5034 19 4096 55
5133 10 4096 46
5203 29 4096 41
5274 27 4096 42
5360 41 4096 44
5454 23 4096 42
5511 26 4096 42
5586 2 4096 54
5671 21 4096 60
5732 31 4096 41
5808 9 4096 43
5888 42 4096 40
5950 16 4096 48
6042 1 4096 40
6125 12 4096 41
6176 14 4096 51
6250 30 4096 42
6303 15 4096 45
6371 45 4096 60
6448 44 4096 39
6532 46 4096 50
6591 38 4096 31
6671 37 4096 50
6745 6 4096 45
6840 7 4096 50
6916 31 4096 57
6979 27 4096 41
7030 11 4096 46
7093 9 4096 52
7149 45 4096 38
7231 32 4096 50
7291 7 4096 48
7379 40 4096 60
7459 18 4096 53
7546 24 4096 44
7611 39 4096 38
7696 41 4096 44
7779 23 4096 38
7852 28 4096 42
7903 4 4096 52
7969 42 4096 60
8069 25 4096 44
8123 6 4096 47
8208 34 4096 53
8274 22 4096 42
8364 13 4096 54
8444 21 4096 43
8543 26 4096 35
8594 43 4096 50
8666 10 4096 43
8731 20 4096 48
8794 30 4096 55
8869 17 4096 47
8926 12 4096 53
9019 1 4096 43
9115 19 4096 62
9203 8 4096 50
9270 38 4096 49
9370 2 4096 66
9428 35 4096 61
9522 36 4096 38
