0 18 5.0 5 46
100 27 0.01 15 47
200 35 0.1 9 54
300 6 0.5 11 56
400 42 100.0 7 36
500 13 1.11 8 39
600 31 5.0 11 50
700 29 0.01 15 44
800 22 5.0 3 42
900 3 0.1 4 53
1000 41 100.0 14 35
1100 7 0.5 7 47
1200 1 0.01 3 46
1300 19 100.0 15 56
1400 11 0.9 6 33
1500 21 10.0 6 32
1600 43 1.11 13 41
1699 39 10.0 13 42
1797 30 0.9 10 51
1894 23 5.0 14 28
1989 2 100.0 3 57
2081 40 0.01 9 56
2169 10 1.11 15 58
2251 46 1.11 11 51
2327 38 1.11 3 40
2394 24 5.0 16 46
2452 5 0.01 15 43
2501 36 0.1 13 40
2540 44 0.5 10 38
2571 17 1.11 6 52
2594 26 0.01 15 42
2612 9 0.5 15 54
2628 28 100.0 14 43
2644 4 0.5 11 43
2662 8 100.0 13 49
2685 15 5.0 15 40
2715 12 1.11 12 50
2752 33 0.5 13 63
2798 32 1.11 3 62
2852 14 100.0 11 46
2915 34 5.0 7 36
2985 37 10.0 14 50
3062 25 0.9 10 44
3144 45 0.1 16 40
3231 20 100.0 15 57
3321 16 10.0 7 53
3414 31 1.11 8 46
3509 14 5.0 3 43
3606 45 0.01 16 47
3704 10 100.0 3 42
3803 2 0.1 4 47
3902 41 1.11 7 60
4001 23 0.01 10 51
4101 19 0.01 12 43
4201 11 0.1 15 52
4301 35 10.0 5 61
4401 44 1.11 13 36
4501 12 0.9 13 49
4601 25 100.0 5 54
4701 3 0.9 8 42
4801 15 0.9 16 58
4901 29 0.1 5 51
5001 28 0.1 9 36
5101 4 1.11 8 62
5201 27 0.9 14 30
5301 8 5.0 7 57
5401 40 10.0 10 44
5501 21 0.01 7 50
5601 13 5.0 5 48
5701 17 10.0 14 44
5801 46 0.5 13 49
5901 7 100.0 7 59
6001 18 0.9 16 43
6101 1 0.01 11 27
6201 32 0.1 16 42
6301 9 10.0 9 43
6401 37 0.9 12 56
6501 38 0.01 10 41
6601 43 0.1 14 59
6701 34 0.9 3 40
6801 33 0.01 15 51
6901 42 10.0 6 60
7001 22 0.1 9 60
7101 20 5.0 11 41
7201 26 0.01 6 45
7301 16 0.1 9 50
7401 36 5.0 5 44
7501 39 10.0 12 43
7601 24 1.11 15 60
7701 30 0.5 13 34
7801 6 0.9 6 62
7901 5 0.5 11 49
8001 2 5.0 7 49
8101 35 0.5 14 52
8201 25 100.0 16 45
8301 37 10.0 14 65
8401 3 0.1 10 62
8501 5 0.5 10 50
8601 34 0.9 14 34
8701 32 0.9 5 55
8801 16 0.9 15 48
8901 29 0.01 16 66
9001 27 1.11 6 49
9101 30 0.5 11 43
9201 36 5.0 5 33
9301 20 10.0 14 50
9401 39 0.01 14 42
9501 24 100.0 14 63
9601 31 0.9 10 56
9701 7 0.5 5 42
9801 43 1.11 13 33
9901 4 0.5 9 51
10001 13 10.0 13 34
10101 44 5.0 6 42
10201 41 0.1 13 48
10301 38 0.5 14 49
10401 12 100.0 14 44
10501 11 0.1 16 46
10601 14 100.0 6 40
10701 18 10.0 14 51
10801 23 5.0 16 35
10901 6 1.11 13 53
11001 33 0.9 14 44
11101 40 10.0 3 50
11201 26 0.1 10 49
11301 1 10.0 5 56
11401 21 0.5 6 64
11501 45 100.0 14 49
