0 1 4096 64
100 2 4096 67
200 3 4096 70
300 4 4096 75
400 5 4096 70
500 6 4096 64
600 7 4096 63
700 8 4096 63
800 9 4096 60
900 10 4096 78
1000 11 4096 69
1100 12 4096 67
1200 13 4096 69
1300 14 4096 76
1400 15 4096 76
1500 16 4096 64
1600 17 4096 67
1699 18 4096 63
1797 19 4096 93
1894 20 4096 75
1989 21 4096 82
2081 22 4096 69
2169 23 4096 61
2251 24 4096 67
2327 25 4096 45
2394 26 4096 79
2452 27 4096 79
2501 28 4096 79
2540 29 4096 67
2571 30 4096 79
2594 31 4096 61
2612 32 4096 63
2628 33 4096 72
2644 34 4096 67
2662 35 4096 84
2685 36 4096 79
2715 37 4096 78
2752 38 4096 70
2798 39 4096 82
2852 40 4096 66
2915 41 4096 43
2985 42 4096 70
3062 43 4096 85
3144 44 4096 72
3231 45 4096 79
3321 46 4096 91
3414 1 4096 64
3509 2 4096 64
3606 3 4096 69
3704 4 4096 90
3803 5 4096 73
3902 6 4096 73
4001 7 4096 78
4101 8 4096 57
4201 9 4096 81
4301 10 4096 57
4401 11 4096 61
4501 12 4096 72
4601 13 4096 75
4701 14 4096 72
4801 15 4096 76
4901 16 4096 61
5001 17 4096 79
5101 18 4096 69
5201 19 4096 70
5301 20 4096 72
5401 21 4096 72
5501 22 4096 82
5601 23 4096 69
5701 24 4096 61
5801 25 4096 63
5901 26 4096 66
6001 27 4096 63
6101 28 4096 63
6201 29 4096 81
6301 30 4096 90
6401 31 4096 61
6501 32 4096 64
6601 33 4096 60
6701 34 4096 72
6801 35 4096 60
6901 36 4096 61
7001 37 4096 76
7101 38 4096 63
7201 39 4096 67
7301 40 4096 90
7401 41 4096 58
7501 42 4096 75
7601 43 4096 46
7701 44 4096 75
7801 45 4096 67
7901 46 4096 75
8001 1 4096 85
8101 2 4096 61
8201 3 4096 69
8301 4 4096 78
8401 5 4096 57
8501 6 4096 75
8601 7 4096 72
8701 8 4096 90
8801 9 4096 79
8901 10 4096 66
9001 11 4096 57
9101 12 4096 66
9201 13 4096 57
9301 14 4096 63
9401 15 4096 78
9501 16 4096 90
9601 17 4096 66
9701 18 4096 70
9801 19 4096 79
9901 20 4096 63
10001 21 4096 81
10101 22 4096 64
10201 23 4096 52
10301 24 4096 75
10401 25 4096 64
10501 26 4096 72
10601 27 4096 82
10701 28 4096 70
10801 29 4096 79
10901 30 4096 64
11001 31 4096 93
11101 32 4096 75
11201 33 4096 73
11301 34 4096 99
11401 35 4096 91
11501 36 4096 57
