0 1 5.0 5 15
100 45 0.01 15 17
200 10 0.1 9 9
300 36 0.5 11 24
400 2 100.0 7 28
500 23 1.11 8 33
600 37 5.0 11 3
700 46 0.01 15 19
800 4 5.0 3 31
900 3 0.1 4 23
1000 43 100.0 14 11
1100 6 0.5 7 21
1200 8 0.01 3 8
1300 39 100.0 15 18
1400 11 0.9 6 7
1500 12 10.0 6 23
1600 13 1.11 13 -3
1699 22 10.0 13 26
1797 24 0.9 10 3
1894 25 5.0 14 22
1989 33 100.0 3 30
2081 34 0.01 9 29
2169 35 1.11 15 18
2251 38 1.11 11 8
2327 41 1.11 3 19
2394 9 5.0 16 21
2452 5 0.01 15 20
2501 44 0.1 13 15
2540 7 0.5 10 5
2571 14 1.11 6 19
2594 15 0.01 15 11
2612 16 0.5 15 4
2628 18 100.0 14 20
2644 20 0.5 11 23
2662 21 100.0 13 12
2685 26 5.0 15 5
2715 27 1.11 12 26
2752 29 0.5 13 12
2798 31 1.11 3 37
2852 32 100.0 11 10
2915 40 5.0 7 34
2985 42 10.0 14 23
3062 17 0.9 10 6
3144 19 0.1 16 14
3231 28 100.0 15 28
3321 30 10.0 7 24
3414 1 1.11 8 8
3509 45 5.0 3 0
3606 10 0.01 16 9
3704 36 100.0 3 18
3803 2 0.1 4 33
3902 23 1.11 7 21
4001 37 0.01 10 25
4101 46 0.01 12 5
4201 4 0.1 15 29
4301 3 10.0 5 6
4401 43 1.11 13 9
4501 6 0.9 13 22
4601 8 100.0 5 15
4701 39 0.9 8 1
4801 11 0.9 16 8
4901 12 0.1 5 20
5001 13 0.1 9 -4
5101 22 1.11 8 7
5201 24 0.9 14 21
5301 25 5.0 7 23
5401 33 10.0 10 36
5501 34 0.01 7 7
5601 35 5.0 5 19
5701 38 10.0 14 16
5801 41 0.5 13 12
5901 9 100.0 7 23
6001 5 0.9 16 11
6101 44 0.01 11 15
6201 7 0.1 16 16
6301 14 10.0 9 13
6401 15 0.9 12 28
6501 16 0.01 10 18
6601 18 0.1 14 18
6701 20 0.9 3 9
6801 21 0.01 15 21
6901 26 10.0 6 12
7001 27 0.1 9 13
7101 29 5.0 11 16
7201 31 0.01 6 5
7301 32 0.1 9 11
7401 40 5.0 5 16
7501 42 10.0 12 18
7601 17 1.11 15 32
7701 19 0.5 13 35
7801 28 0.9 6 14
7901 30 0.5 11 27
8001 1 5.0 7 16
8101 45 0.5 14 26
8201 10 100.0 16 30
8301 36 10.0 14 23
8401 2 0.1 10 2
8501 23 0.5 10 36
8601 37 0.9 14 10
8701 46 0.9 5 26
8801 4 0.9 15 27
8901 3 0.01 16 19
9001 43 1.11 6 21
9101 6 0.5 11 4
9201 8 5.0 5 17
9301 39 10.0 14 20
9401 11 0.01 14 23
9501 12 100.0 14 20
9601 13 0.9 10 9
9701 22 0.5 5 29
9801 24 1.11 13 12
9901 25 0.5 9 13
10001 33 10.0 13 16
10101 34 5.0 6 10
10201 35 0.1 13 14
10301 38 0.5 14 27
10401 41 100.0 14 18
10501 9 0.1 16 19
10601 5 100.0 6 13
10701 44 10.0 14 35
10801 7 5.0 16 20
10901 14 1.11 13 27
11001 15 0.9 14 15
11101 16 10.0 3 30
11201 18 0.1 10 20
11301 20 10.0 5 34
11401 21 0.5 6 26
11501 26 100.0 14 17
