0 16 5.0 5 8
100 18 0.01 15 28
200 27 0.1 9 17
300 31 0.5 11 17
400 2 100.0 7 17
500 19 1.11 8 10
600 24 5.0 11 11
700 42 0.01 15 12
800 5 5.0 3 12
900 21 0.1 4 23
1000 29 100.0 14 16
1100 34 0.5 7 20
1200 13 0.01 3 9
1300 9 100.0 15 15
1400 38 0.9 6 24
1500 44 10.0 6 18
1600 14 1.11 13 16
1699 6 10.0 13 22
1797 36 0.9 10 14
1894 45 5.0 14 17
1989 17 100.0 3 15
2081 20 0.01 9 22
2169 28 1.11 15 13
2251 46 1.11 11 17
2327 12 1.11 3 17
2394 8 5.0 16 22
2452 25 0.01 15 18
2501 43 0.1 13 16
2540 4 0.5 10 18
2571 11 1.11 6 16
2594 40 0.01 15 14
2612 32 0.5 15 20
2628 1 100.0 14 10
2644 7 0.5 11 13
2662 39 100.0 13 23
2685 30 5.0 15 14
2715 15 1.11 12 15
2752 22 0.5 13 14
2798 26 1.11 3 15
2852 33 100.0 11 24
2915 3 5.0 7 16
2985 23 10.0 14 12
3062 41 0.9 10 17
3144 35 0.1 16 18
3231 12 100.0 15 12
3321 20 10.0 7 12
3414 27 1.11 8 15
3509 42 5.0 3 20
3606 13 0.01 16 16
3704 7 100.0 3 15
3803 29 0.1 4 15
3902 31 1.11 7 21
4001 14 0.01 10 23
4101 6 0.01 12 14
4201 28 0.1 15 9
4301 45 10.0 5 19
4401 15 1.11 13 15
4501 18 0.9 13 15
4601 40 100.0 5 17
4701 44 0.9 8 14
4801 1 0.9 16 23
4901 11 0.1 5 21
5001 39 0.1 9 18
5101 30 1.11 8 15
