0 21 5.0 5 46
100 47 0.01 15 47
200 1 0.1 9 54
300 38 0.5 11 56
400 19 100.0 7 36
500 3 1.11 8 39
600 44 5.0 11 50
700 27 0.01 15 44
800 16 5.0 3 42
900 40 0.1 4 53
1000 37 100.0 14 35
1100 7 0.5 7 47
1200 30 0.01 3 46
1300 8 100.0 15 56
1400 9 0.9 6 33
1500 13 10.0 6 32
1600 6 1.11 13 41
1699 28 10.0 13 42
1797 42 0.9 10 51
1894 2 5.0 14 28
1989 41 100.0 3 57
2081 18 0.01 9 56
2169 4 1.11 15 58
2251 33 1.11 11 51
2327 20 1.11 3 40
2394 5 5.0 16 46
2452 43 0.01 15 43
2501 35 0.1 13 40
2540 32 0.5 10 38
2571 15 1.11 6 52
2594 39 0.01 15 42
2612 31 0.5 15 54
2628 25 100.0 14 43
2644 45 0.5 11 43
2662 26 100.0 13 49
2685 17 5.0 15 40
2715 11 1.11 12 50
2752 29 0.5 13 63
2798 14 1.11 3 62
2852 23 100.0 11 46
2915 31 5.0 7 36
2985 13 10.0 14 50
3062 4 0.9 10 44
3144 1 0.1 16 40
3231 27 100.0 15 57
3321 41 10.0 7 53
3414 17 1.11 8 46
3509 18 5.0 3 43
3606 16 0.01 16 47
3704 15 100.0 3 42
3803 32 0.1 4 47
3902 9 1.11 7 60
4001 39 0.01 10 51
4101 8 0.01 12 43
4201 45 0.1 15 52
4301 20 10.0 5 61
4401 33 1.11 13 36
4501 7 0.9 13 49
4601 42 100.0 5 54
4701 14 0.9 8 42
4801 6 0.9 16 58
4901 38 0.1 5 51
5001 2 0.1 9 36
5101 23 1.11 8 62
