0 14 5.0 5 16
99 3 0.01 15 10
176 16 0.1 9 15
266 9 0.5 11 16
321 22 100.0 7 16
403 7 1.11 8 18
503 44 5.0 11 20
566 11 0.01 15 21
646 26 5.0 3 15
706 13 0.1 4 19
778 4 100.0 14 15
828 21 0.5 7 8
925 36 0.01 3 16
1021 25 100.0 15 11
1095 42 0.9 6 14
1181 27 10.0 6 8
1232 47 1.11 13 21
1312 19 10.0 13 15
1406 32 0.9 10 17
1487 17 5.0 14 18
1552 24 100.0 3 22
1649 37 0.01 9 16
1708 6 1.11 15 12
1782 41 1.11 11 12
1870 10 1.11 3 12
1941 35 5.0 16 15
2029 18 0.01 15 18
2120 29 0.1 13 15
2188 2 0.5 10 13
2249 1 1.11 6 10
2310 40 0.01 15 12
2372 23 0.5 15 15
2453 30 100.0 14 16
2503 39 0.5 11 8
2563 20 100.0 13 20
2619 43 5.0 15 16
2674 34 1.11 12 11
2768 33 0.5 13 12
2830 46 1.11 3 15
2885 45 100.0 11 17
2964 38 5.0 7 24
3035 15 10.0 14 12
3126 28 0.9 10 14
3216 31 0.1 16 15
3293 8 100.0 15 17
3344 5 10.0 7 15
3442 2 1.11 8 19
3496 43 5.0 3 19
3595 6 0.01 16 13
3656 9 100.0 3 14
3746 28 0.1 4 14
3802 3 1.11 7 13
3852 40 0.01 10 14
3945 35 0.01 12 17
4024 22 0.1 15 10
4086 13 10.0 5 17
4160 24 1.11 13 15
4249 11 0.9 13 11
4310 20 100.0 5 16
4410 25 0.9 8 20
4510 47 0.9 16 13
4571 21 0.1 5 13
4637 42 0.1 9 12
4713 31 1.11 8 13
4805 36 0.9 14 22
4901 39 5.0 7 12
4960 4 10.0 10 14
5034 45 0.01 7 17
5133 16 5.0 5 19
5203 23 10.0 14 18
5274 14 0.5 13 15
5360 19 100.0 7 26
5454 26 0.9 16 20
5511 29 0.01 11 27
5586 30 0.1 16 21
5671 27 10.0 9 13
5732 34 0.9 12 16
5808 7 0.01 10 25
5888 18 0.1 14 13
5950 41 0.9 3 17
6042 44 0.01 15 15
6125 1 10.0 6 16
6176 10 0.1 9 8
6250 5 5.0 11 18
6303 38 0.01 6 16
6371 33 0.1 9 17
6448 46 5.0 5 13
6532 17 10.0 12 12
6591 32 1.11 15 12
6671 15 0.5 13 9
6745 8 0.9 6 12
6840 37 0.5 11 19
6916 44 5.0 7 18
6979 45 0.5 14 14
7030 26 100.0 16 17
7093 17 10.0 14 18
7149 18 0.1 10 19
7231 1 0.5 10 16
7291 16 0.9 14 15
7379 29 0.9 5 20
7459 34 0.9 15 16
7546 33 0.01 16 14
7611 38 1.11 6 11
7696 5 0.5 11 11
7779 4 5.0 5 18
7852 3 10.0 14 16
7903 6 0.01 14 14
7969 31 100.0 14 20
8069 28 0.9 10 20
8123 19 0.5 5 19
8208 14 1.11 13 20
8274 21 0.5 9 14
8364 20 10.0 13 11
8444 9 5.0 6 14
8543 2 0.1 13 15
8594 35 0.5 14 14
8666 36 100.0 14 25
8731 37 0.1 16 13
8794 22 100.0 6 18
8869 41 10.0 14 17
8926 8 5.0 16 9
9019 43 1.11 13 28
9115 40 0.9 14 18
9203 39 10.0 3 9
9270 24 0.1 10 19
9370 23 10.0 5 19
9428 32 0.5 6 15
9522 27 100.0 14 15
