131
141
132
134
122
129
137
136
128
129
135
132
136
117
134
134
129
144
130
140
139
137
133
126
121
128
131
128
139
132
135
138
135
122
111
127
118
123
130
142
118
127
127
127
122
128
129
132
139
133
138
128
132
126
114
133
143
149
136
134
123
141
122
138
127
142
136
134
147
125
129
142
116
126
126
119
130
131
127
123
139
131
131
134
123
139
113
136
124
129
131
116
132
137
125
119
122
122
136
123
137
129
127
117
133
130
131
142
126
136
127
137
133
119
120
127
123
154
139
131
141
144
121
128
127
126
109
132
