Sizeof umain 512
1.000000
-0.000000
1.000000
-0.000000
-0.000004
-1.000000
1.000000
-0.000000
0.707105
-0.707108
-0.000004
-1.000000
-0.707111
-0.707103
1.000000
-0.000000
0.923879
-0.382684
0.707105
-0.707108
0.382681
-0.923881
-0.000004
-1.000000
-0.382688
-0.923878
-0.707111
-0.707103
-0.923882
-0.382677
1.000000
-0.000000
0.980785
-0.195091
0.923879
-0.382684
0.831469
-0.555571
0.707105
-0.707108
0.555568
-0.831471
0.382681
-0.923881
0.195087
-0.980786
-0.000004
-1.000000
-0.195094
-0.980784
-0.382688
-0.923878
-0.555574
-0.831467
-0.707111
-0.707103
-0.831473
-0.555565
-0.923882
-0.382677
-0.980787
-0.195084
1.000000
-0.000000
0.995185
-0.098017
0.980785
-0.195091
0.956940
-0.290285
0.923879
-0.382684
0.881921
-0.471398
0.831469
-0.555571
0.773009
-0.634395
0.707105
-0.707108
0.634392
-0.773012
0.555568
-0.831471
0.471395
-0.881922
0.382681
-0.923881
0.290282
-0.956941
0.195087
-0.980786
0.098014
-0.995185
-0.000004
-1.000000
-0.098021
-0.995184
-0.195094
-0.980784
-0.290289
-0.956939
-0.382688
-0.923878
-0.471401
-0.881919
-0.555574
-0.831467
-0.634397
-0.773007
-0.707111
-0.707103
-0.773014
-0.634389
-0.831473
-0.555565
-0.881924
-0.471391
-0.923882
-0.382677
-0.956942
-0.290278
-0.980787
-0.195084
-0.995185
-0.098010
1.000000
-0.000000
0.998795
-0.049068
0.995185
-0.098017
0.989176
-0.146731
0.980785
-0.195091
0.970031
-0.242981
0.956940
-0.290285
0.941544
-0.336891
0.923879
-0.382684
0.903989
-0.427556
0.881921
-0.471398
0.857728
-0.514104
0.831469
-0.555571
0.803207
-0.595701
0.773009
-0.634395
0.740950
-0.671560
0.707105
-0.707108
0.671557
-0.740952
0.634392
-0.773012
0.595698
-0.803209
0.555568
-0.831471
0.514101
-0.857730
0.471395
-0.881922
0.427553
-0.903990
0.382681
-0.923881
0.336887
-0.941545
0.290282
-0.956941
0.242977
-0.970032
0.195087
-0.980786
0.146727
-0.989177
0.098014
-0.995185
0.049064
-0.998796
-0.000004
-1.000000
-0.049071
-0.998795
-0.098021
-0.995184
-0.146734
-0.989176
-0.195094
-0.980784
-0.242984
-0.970030
-0.290289
-0.956939
-0.336894
-0.941543
-0.382688
-0.923878
-0.427559
-0.903987
-0.471401
-0.881919
-0.514107
-0.857726
-0.555574
-0.831467
-0.595703
-0.803204
-0.634397
-0.773007
-0.671563
-0.740947
-0.707111
-0.707103
-0.740955
-0.671555
-0.773014
-0.634389
-0.803211
-0.595695
-0.831473
-0.555565
-0.857732
-0.514098
-0.881924
-0.471391
-0.903992
-0.427549
-0.923882
-0.382677
-0.941546
-0.336884
-0.956942
-0.290278
-0.970033
-0.242974
-0.980787
-0.195084
-0.989178
-0.146724
-0.995185
-0.098010
-0.998796
-0.049060
1.000000
-0.000000
0.999699
-0.024541
0.998795
-0.049068
0.997290
-0.073565
0.995185
-0.098017
0.992480
-0.122411
0.989176
-0.146731
0.985278
-0.170962
0.980785
-0.195091
0.975702
-0.219102
0.970031
-0.242981
0.963776
-0.266713
0.956940
-0.290285
0.949528
-0.313682
0.941544
-0.336891
0.932993
-0.359896
0.923879
-0.382684
0.914209
-0.405242
0.903989
-0.427556
0.893224
-0.449612
0.881921
-0.471398
0.870086
-0.492899
0.857728
-0.514104
0.844853
-0.534999
0.831469
-0.555571
0.817584
-0.575809
0.803207
-0.595701
0.788345
-0.615233
0.773009
-0.634395
0.757208
-0.653174
0.740950
-0.671560
0.724246
-0.689542
0.707105
-0.707108
0.689539
-0.724248
0.671557
-0.740952
0.653171
-0.757210
0.634392
-0.773012
0.615230
-0.788348
0.595698
-0.803209
0.575806
-0.817586
0.555568
-0.831471
0.534996
-0.844855
0.514101
-0.857730
0.492896
-0.870088
0.471395
-0.881922
0.449609
-0.893225
0.427553
-0.903990
0.405239
-0.914211
0.382681
-0.923881
0.359892
-0.932994
0.336887
-0.941545
0.313679
-0.949529
0.290282
-0.956941
0.266710
-0.963777
0.242977
-0.970032
0.219098
-0.975703
0.195087
-0.980786
0.170959
-0.985278
0.146727
-0.989177
0.122407
-0.992480
0.098014
-0.995185
0.073561
-0.997291
0.049064
-0.998796
0.024538
-0.999699
-0.000004
-1.000000
-0.024545
-0.999699
-0.049071
-0.998795
-0.073568
-0.997290
-0.098021
-0.995184
-0.122415
-0.992479
-0.146734
-0.989176
-0.170966
-0.985277
-0.195094
-0.980784
-0.219105
-0.975701
-0.242984
-0.970030
-0.266717
-0.963775
-0.290289
-0.956939
-0.313686
-0.949527
-0.336894
-0.941543
-0.359899
-0.932991
-0.382688
-0.923878
-0.405246
-0.914208
-0.427559
-0.903987
-0.449616
-0.893222
-0.471401
-0.881919
-0.492902
-0.870085
-0.514107
-0.857726
-0.535002
-0.844851
-0.555574
-0.831467
-0.575812
-0.817582
-0.595703
-0.803204
-0.615236
-0.788343
-0.634397
-0.773007
-0.653177
-0.757205
-0.671563
-0.740947
-0.689544
-0.724243
-0.707111
-0.707103
-0.724251
-0.689537
-0.740955
-0.671555
-0.757213
-0.653169
-0.773014
-0.634389
-0.788350
-0.615227
-0.803211
-0.595695
-0.817588
-0.575803
-0.831473
-0.555565
-0.844857
-0.534993
-0.857732
-0.514098
-0.870090
-0.492893
-0.881924
-0.471391
-0.893227
-0.449606
-0.903992
-0.427549
-0.914212
-0.405235
-0.923882
-0.382677
-0.932995
-0.359889
-0.941546
-0.336884
-0.949530
-0.313675
-0.956942
-0.290278
-0.963778
-0.266706
-0.970033
-0.242974
-0.975704
-0.219095
-0.980787
-0.195084
-0.985279
-0.170955
-0.989178
-0.146724
-0.992480
-0.122404
-0.995185
-0.098010
-0.997291
-0.073557
-0.998796
-0.049060
-0.999699
-0.024534
1.000000
-0.000000
