0 14 4096 32
100 6 4096 33
200 21 4096 35
300 39 4096 37
400 40 4096 35
500 35 4096 32
600 3 4096 31
700 17 4096 31
800 9 4096 30
900 26 4096 39
1000 42 4096 34
1100 34 4096 33
1200 12 4096 34
1300 5 4096 38
1400 20 4096 38
1500 25 4096 32
1600 43 4096 33
1699 45 4096 31
1797 1 4096 46
1894 7 4096 37
1989 23 4096 41
2081 37 4096 34
2169 29 4096 30
2251 47 4096 33
2327 13 4096 22
2394 19 4096 39
2452 10 4096 39
2501 36 4096 39
2540 30 4096 33
2571 46 4096 39
2594 15 4096 30
2612 18 4096 31
2628 22 4096 36
2644 38 4096 33
2662 31 4096 42
2685 44 4096 39
2715 2 4096 39
2752 16 4096 35
2798 11 4096 41
2852 27 4096 33
2915 41 4096 21
2985 33 4096 35
3062 1 4096 42
3144 7 4096 36
3231 21 4096 39
3321 39 4096 45
3414 31 4096 32
3509 46 4096 32
3606 13 4096 34
3704 6 4096 45
3803 20 4096 36
3902 25 4096 36
4001 29 4096 39
4101 45 4096 28
4201 2 4096 40
4301 5 4096 28
4401 10 4096 30
4501 38 4096 36
4601 30 4096 37
4701 47 4096 36
4801 15 4096 38
4901 19 4096 30
5001 23 4096 39
5101 37 4096 34
5201 40 4096 35
5301 34 4096 36
5401 14 4096 36
5501 18 4096 41
5601 11 4096 34
5701 27 4096 30
5801 43 4096 31
5901 44 4096 33
6001 3 4096 31
6101 16 4096 31
6201 9 4096 40
6301 36 4096 45
6401 42 4096 30
6501 35 4096 32
6601 12 4096 30
6701 17 4096 36
6801 22 4096 30
6901 26 4096 30
7001 41 4096 38
7101 33 4096 31
7201 2 4096 33
7301 6 4096 45
7401 11 4096 29
7501 25 4096 37
7601 29 4096 23
7701 45 4096 37
7801 1 4096 33
7901 17 4096 37
8001 20 4096 42
8101 39 4096 30
8201 41 4096 34
8301 33 4096 39
8401 15 4096 28
8501 5 4096 37
8601 10 4096 36
8701 36 4096 45
8801 42 4096 39
8901 34 4096 33
9001 13 4096 28
9101 7 4096 33
9201 22 4096 28
9301 38 4096 31
9401 30 4096 39
9501 44 4096 45
9601 3 4096 33
9701 19 4096 35
9801 9 4096 39
9901 26 4096 31
10001 40 4096 40
10101 46 4096 32
10201 14 4096 26
10301 18 4096 37
10401 23 4096 32
10501 37 4096 36
10601 43 4096 41
10701 35 4096 35
10801 12 4096 39
10901 16 4096 32
11001 21 4096 46
11101 27 4096 37
11201 31 4096 36
11301 47 4096 49
11401 13 4096 45
11501 6 4096 28
