0 14 4096 21
100 3 4096 22
200 16 4096 23
300 9 4096 25
400 22 4096 23
500 7 4096 21
600 44 4096 21
700 11 4096 21
800 26 4096 20
900 13 4096 26
1000 4 4096 23
1100 21 4096 22
1200 36 4096 23
1300 25 4096 25
1400 42 4096 25
1500 27 4096 21
1600 12 4096 22
1699 19 4096 21
1797 32 4096 31
1894 17 4096 25
1989 24 4096 27
2081 37 4096 23
2169 6 4096 20
2251 41 4096 22
2327 10 4096 15
2394 35 4096 26
2452 18 4096 26
2501 29 4096 26
2540 2 4096 22
2571 1 4096 26
2594 40 4096 20
2612 23 4096 21
2628 30 4096 24
2644 39 4096 22
2662 20 4096 28
2685 43 4096 26
2715 34 4096 26
2752 33 4096 23
2798 46 4096 27
2852 45 4096 22
2915 38 4096 14
2985 15 4096 23
3062 28 4096 28
3144 31 4096 24
3231 8 4096 26
3321 5 4096 30
3414 2 4096 21
3509 43 4096 21
3606 6 4096 23
3704 9 4096 30
3803 28 4096 24
3902 3 4096 24
4001 40 4096 26
4101 35 4096 19
4201 22 4096 27
4301 13 4096 19
4401 24 4096 20
4501 11 4096 24
4601 20 4096 25
4701 25 4096 24
4801 12 4096 25
4901 21 4096 20
5001 42 4096 26
5101 31 4096 23
5201 36 4096 23
5301 39 4096 24
5401 4 4096 24
5501 45 4096 27
5601 16 4096 23
5701 23 4096 20
5801 14 4096 21
5901 19 4096 22
6001 26 4096 21
6101 29 4096 21
6201 30 4096 27
6301 27 4096 30
6401 34 4096 20
6501 7 4096 21
6601 18 4096 20
6701 41 4096 24
6801 44 4096 20
6901 1 4096 20
7001 10 4096 25
7101 5 4096 21
7201 38 4096 22
7301 33 4096 30
7401 46 4096 19
7501 17 4096 25
7601 32 4096 15
7701 15 4096 25
7801 8 4096 22
7901 37 4096 25
8001 44 4096 28
8101 45 4096 20
8201 26 4096 23
8301 17 4096 26
8401 18 4096 19
8501 1 4096 25
8601 16 4096 24
8701 29 4096 30
8801 34 4096 26
8901 33 4096 22
9001 38 4096 19
9101 5 4096 22
9201 4 4096 19
9301 3 4096 21
9401 6 4096 26
9501 31 4096 30
9601 28 4096 22
9701 19 4096 23
9801 14 4096 26
9901 21 4096 21
10001 20 4096 27
10101 9 4096 21
10201 2 4096 17
10301 35 4096 25
10401 36 4096 21
10501 37 4096 24
10601 22 4096 27
10701 41 4096 23
10801 8 4096 26
10901 43 4096 21
11001 40 4096 31
11101 39 4096 25
11201 24 4096 24
11301 23 4096 33
11401 32 4096 30
11501 27 4096 19
