0 14 4096 21
100 27 4096 22
200 1 4096 23
300 43 4096 25
400 12 4096 23
500 35 4096 21
600 17 4096 21
700 32 4096 21
800 13 4096 20
900 40 4096 26
1000 7 4096 23
1100 25 4096 22
1200 5 4096 23
1300 34 4096 25
1400 22 4096 25
1500 30 4096 21
1600 2 4096 22
1699 33 4096 21
1797 10 4096 31
1894 24 4096 25
1989 4 4096 27
2081 29 4096 23
2169 11 4096 20
2251 46 4096 22
2327 9 4096 15
2394 28 4096 26
2452 8 4096 26
2501 37 4096 26
2540 19 4096 22
2571 45 4096 26
2594 3 4096 20
2612 36 4096 21
2628 23 4096 24
2644 31 4096 22
2662 18 4096 28
2685 42 4096 26
2715 20 4096 26
2752 44 4096 23
2798 21 4096 27
2852 39 4096 22
2915 16 4096 14
2985 38 4096 23
3062 15 4096 28
3144 41 4096 24
3231 6 4096 26
3321 26 4096 30
3414 22 4096 21
3509 39 4096 21
3606 11 4096 23
3704 42 4096 30
3803 9 4096 24
3902 43 4096 24
4001 1 4096 26
4101 35 4096 19
4201 8 4096 27
4301 24 4096 19
4401 2 4096 20
4501 25 4096 24
4601 12 4096 25
4701 30 4096 24
4801 16 4096 25
4901 36 4096 20
5001 23 4096 26
5101 37 4096 23
5201 7 4096 23
5301 41 4096 24
5401 13 4096 24
5501 31 4096 27
5601 18 4096 23
5701 26 4096 20
5801 5 4096 21
5901 45 4096 22
6001 10 4096 21
6101 33 4096 21
6201 15 4096 27
6301 28 4096 30
6401 6 4096 20
6501 32 4096 21
6601 14 4096 20
6701 34 4096 24
6801 4 4096 20
6901 38 4096 20
7001 17 4096 25
7101 29 4096 21
7201 20 4096 22
7301 27 4096 30
7401 3 4096 19
7501 46 4096 25
7601 19 4096 15
7701 40 4096 25
7801 21 4096 22
7901 44 4096 25
8001 11 4096 28
8101 38 4096 20
8201 8 4096 23
8301 40 4096 26
8401 12 4096 19
8501 41 4096 25
8601 13 4096 24
8701 39 4096 30
8801 9 4096 26
8901 30 4096 22
9001 21 4096 19
9101 24 4096 22
9201 2 4096 19
9301 32 4096 21
9401 4 4096 26
9501 42 4096 30
9601 7 4096 22
9701 34 4096 23
9801 14 4096 26
9901 26 4096 21
10001 10 4096 27
10101 28 4096 21
10201 6 4096 17
10301 35 4096 25
10401 16 4096 21
10501 37 4096 24
10601 1 4096 27
10701 25 4096 23
10801 15 4096 26
10901 31 4096 21
11001 3 4096 31
11101 46 4096 25
11201 18 4096 24
11301 27 4096 33
11401 17 4096 30
11501 33 4096 19
