0 16 4096 21
100 18 4096 22
200 27 4096 23
300 31 4096 25
400 2 4096 23
500 19 4096 21
600 24 4096 21
700 42 4096 21
800 5 4096 20
900 21 4096 26
1000 29 4096 23
1100 34 4096 22
1200 13 4096 23
1300 9 4096 25
1400 38 4096 25
1500 44 4096 21
1600 14 4096 22
1699 6 4096 21
1797 36 4096 31
1894 45 4096 25
1989 17 4096 27
2081 20 4096 23
2169 28 4096 20
2251 46 4096 22
2327 12 4096 15
2394 8 4096 26
2452 25 4096 26
2501 43 4096 26
2540 4 4096 22
2571 11 4096 26
2594 40 4096 20
2612 32 4096 21
2628 1 4096 24
2644 7 4096 22
2662 39 4096 28
2685 30 4096 26
2715 15 4096 26
2752 22 4096 23
2798 26 4096 27
2852 33 4096 22
2915 3 4096 14
2985 23 4096 23
3062 41 4096 28
3144 35 4096 24
3231 12 4096 26
3321 20 4096 30
3414 27 4096 21
3509 42 4096 21
3606 13 4096 23
3704 7 4096 30
3803 29 4096 24
3902 31 4096 24
4001 14 4096 26
4101 6 4096 19
4201 28 4096 27
4301 45 4096 19
4401 15 4096 20
4501 18 4096 24
4601 40 4096 25
4701 44 4096 24
4801 1 4096 25
4901 11 4096 20
5001 39 4096 26
5101 30 4096 23
5201 16 4096 23
5301 23 4096 24
5401 24 4096 24
5501 33 4096 27
5601 5 4096 23
5701 8 4096 20
5801 36 4096 21
5901 32 4096 22
6001 4 4096 21
6101 9 4096 21
6201 26 4096 27
6301 35 4096 30
6401 3 4096 20
6501 21 4096 21
6601 41 4096 20
6701 46 4096 24
6801 2 4096 20
6901 22 4096 20
7001 38 4096 25
7101 43 4096 21
7201 17 4096 22
7301 19 4096 30
7401 25 4096 19
7501 34 4096 25
7601 16 4096 15
7701 20 4096 25
7801 41 4096 22
7901 33 4096 25
8001 14 4096 28
8101 18 4096 20
8201 28 4096 23
8301 46 4096 26
8401 1 4096 19
8501 19 4096 25
8601 27 4096 24
8701 43 4096 30
8801 17 4096 26
8901 21 4096 22
9001 40 4096 19
9101 44 4096 22
9201 13 4096 19
9301 6 4096 21
9401 24 4096 26
9501 30 4096 30
9601 12 4096 22
9701 7 4096 23
9801 39 4096 26
9901 31 4096 21
10001 5 4096 27
10101 9 4096 21
10201 29 4096 17
10301 45 4096 25
10401 15 4096 21
10501 23 4096 24
10601 26 4096 27
10701 42 4096 23
10801 2 4096 26
10901 22 4096 21
11001 25 4096 31
11101 35 4096 25
11201 3 4096 24
11301 11 4096 33
11401 36 4096 30
11501 32 4096 19
