0 16 4096 32
100 18 4096 33
200 27 4096 35
300 31 4096 37
400 2 4096 35
500 19 4096 32
600 24 4096 31
700 42 4096 31
800 5 4096 30
900 21 4096 39
1000 29 4096 34
1100 34 4096 33
1200 13 4096 34
1300 9 4096 38
1400 38 4096 38
1500 44 4096 32
1600 14 4096 33
1699 6 4096 31
1797 36 4096 46
1894 45 4096 37
1989 17 4096 41
2081 20 4096 34
2169 28 4096 30
2251 46 4096 33
2327 12 4096 22
2394 8 4096 39
2452 25 4096 39
2501 43 4096 39
2540 4 4096 33
2571 11 4096 39
2594 40 4096 30
2612 32 4096 31
2628 1 4096 36
2644 7 4096 33
2662 39 4096 42
2685 30 4096 39
2715 15 4096 39
2752 22 4096 35
2798 26 4096 41
2852 33 4096 33
2915 3 4096 21
2985 23 4096 35
3062 41 4096 42
3144 35 4096 36
3231 12 4096 39
3321 20 4096 45
3414 27 4096 32
3509 42 4096 32
3606 13 4096 34
3704 7 4096 45
3803 29 4096 36
3902 31 4096 36
4001 14 4096 39
4101 6 4096 28
4201 28 4096 40
4301 45 4096 28
4401 15 4096 30
4501 18 4096 36
4601 40 4096 37
4701 44 4096 36
4801 1 4096 38
4901 11 4096 30
5001 39 4096 39
5101 30 4096 34
5201 16 4096 35
5301 23 4096 36
5401 24 4096 36
5501 33 4096 41
5601 5 4096 34
5701 8 4096 30
5801 36 4096 31
5901 32 4096 33
6001 4 4096 31
6101 9 4096 31
6201 26 4096 40
6301 35 4096 45
6401 3 4096 30
6501 21 4096 32
6601 41 4096 30
6701 46 4096 36
6801 2 4096 30
6901 22 4096 30
7001 38 4096 38
7101 43 4096 31
7201 17 4096 33
7301 19 4096 45
7401 25 4096 29
7501 34 4096 37
7601 16 4096 23
7701 20 4096 37
7801 41 4096 33
7901 33 4096 37
8001 14 4096 42
8101 18 4096 30
8201 28 4096 34
8301 46 4096 39
8401 1 4096 28
8501 19 4096 37
8601 27 4096 36
8701 43 4096 45
8801 17 4096 39
8901 21 4096 33
9001 40 4096 28
9101 44 4096 33
9201 13 4096 28
9301 6 4096 31
9401 24 4096 39
9501 30 4096 45
9601 12 4096 33
9701 7 4096 35
9801 39 4096 39
9901 31 4096 31
10001 5 4096 40
10101 9 4096 32
10201 29 4096 26
10301 45 4096 37
10401 15 4096 32
10501 23 4096 36
10601 26 4096 41
10701 42 4096 35
10801 2 4096 39
10901 22 4096 32
11001 25 4096 46
11101 35 4096 37
11201 3 4096 36
11301 11 4096 49
11401 36 4096 45
11501 32 4096 28
