0 14 4096 32
100 3 4096 33
200 16 4096 35
300 9 4096 37
400 22 4096 35
500 7 4096 32
600 44 4096 31
700 11 4096 31
800 26 4096 30
900 13 4096 39
1000 4 4096 34
1100 21 4096 33
1200 36 4096 34
1300 25 4096 38
1400 42 4096 38
1500 27 4096 32
1600 12 4096 33
1699 19 4096 31
1797 32 4096 46
1894 17 4096 37
1989 24 4096 41
2081 37 4096 34
2169 6 4096 30
2251 41 4096 33
2327 10 4096 22
2394 35 4096 39
2452 18 4096 39
2501 29 4096 39
2540 2 4096 33
2571 1 4096 39
2594 40 4096 30
2612 23 4096 31
2628 30 4096 36
2644 39 4096 33
2662 20 4096 42
2685 43 4096 39
2715 34 4096 39
2752 33 4096 35
2798 46 4096 41
2852 45 4096 33
2915 38 4096 21
2985 15 4096 35
3062 28 4096 42
3144 31 4096 36
3231 8 4096 39
3321 5 4096 45
3414 2 4096 32
3509 43 4096 32
3606 6 4096 34
3704 9 4096 45
3803 28 4096 36
3902 3 4096 36
4001 40 4096 39
4101 35 4096 28
4201 22 4096 40
4301 13 4096 28
4401 24 4096 30
4501 11 4096 36
4601 20 4096 37
4701 25 4096 36
4801 12 4096 38
4901 21 4096 30
5001 42 4096 39
5101 31 4096 34
5201 36 4096 35
5301 39 4096 36
5401 4 4096 36
5501 45 4096 41
5601 16 4096 34
5701 23 4096 30
5801 14 4096 31
5901 19 4096 33
6001 26 4096 31
6101 29 4096 31
6201 30 4096 40
6301 27 4096 45
6401 34 4096 30
6501 7 4096 32
6601 18 4096 30
6701 41 4096 36
6801 44 4096 30
6901 1 4096 30
7001 10 4096 38
7101 5 4096 31
7201 38 4096 33
7301 33 4096 45
7401 46 4096 29
7501 17 4096 37
7601 32 4096 23
7701 15 4096 37
7801 8 4096 33
7901 37 4096 37
8001 44 4096 42
8101 45 4096 30
8201 26 4096 34
8301 17 4096 39
8401 18 4096 28
8501 1 4096 37
8601 16 4096 36
8701 29 4096 45
8801 34 4096 39
8901 33 4096 33
9001 38 4096 28
9101 5 4096 33
9201 4 4096 28
9301 3 4096 31
9401 6 4096 39
9501 31 4096 45
9601 28 4096 33
9701 19 4096 35
9801 14 4096 39
9901 21 4096 31
10001 20 4096 40
10101 9 4096 32
10201 2 4096 26
10301 35 4096 37
10401 36 4096 32
10501 37 4096 36
10601 22 4096 41
10701 41 4096 35
10801 8 4096 39
10901 43 4096 32
11001 40 4096 46
11101 39 4096 37
11201 24 4096 36
11301 23 4096 49
11401 32 4096 45
11501 27 4096 28
