0 30 4096 32
100 42 4096 33
200 29 4096 35
300 17 4096 37
400 34 4096 35
500 40 4096 32
600 33 4096 31
700 45 4096 31
800 26 4096 30
900 15 4096 39
1000 2 4096 34
1100 16 4096 33
1200 8 4096 34
1300 21 4096 38
1400 28 4096 38
1500 39 4096 32
1600 24 4096 33
1699 23 4096 31
1797 7 4096 46
1894 18 4096 37
1989 3 4096 41
2081 36 4096 34
2169 32 4096 30
2251 19 4096 33
2327 9 4096 22
2394 41 4096 39
2452 10 4096 39
2501 38 4096 39
2540 31 4096 33
2571 37 4096 39
2594 27 4096 30
2612 20 4096 31
2628 35 4096 36
2644 22 4096 33
2662 1 4096 42
2685 44 4096 39
2715 5 4096 39
2752 12 4096 35
2798 25 4096 41
2852 46 4096 33
2915 11 4096 21
2985 13 4096 35
3062 4 4096 42
3144 43 4096 36
3231 6 4096 39
3321 14 4096 45
3414 24 4096 32
3509 44 4096 32
3606 26 4096 34
3704 13 4096 45
3803 8 4096 36
3902 12 4096 36
4001 2 4096 39
4101 16 4096 28
4201 10 4096 40
4301 42 4096 28
4401 35 4096 30
4501 20 4096 36
4601 1 4096 37
4701 40 4096 36
4801 34 4096 38
4901 14 4096 30
5001 5 4096 39
5101 18 4096 34
5201 27 4096 35
5301 22 4096 36
5401 28 4096 36
5501 39 4096 41
5601 33 4096 34
5701 15 4096 30
5801 4 4096 31
5901 38 4096 33
6001 29 4096 31
6101 21 4096 31
6201 7 4096 40
6301 41 4096 45
6401 32 4096 30
6501 19 4096 32
6601 9 4096 30
6701 17 4096 36
6801 30 4096 30
6901 37 4096 30
7001 25 4096 38
7101 23 4096 31
7201 11 4096 33
7301 43 4096 45
7401 3 4096 29
7501 46 4096 37
7601 31 4096 23
7701 36 4096 37
7801 6 4096 33
7901 45 4096 37
8001 11 4096 42
8101 44 4096 30
8201 8 4096 34
8301 15 4096 39
8401 5 4096 28
8501 19 4096 37
8601 34 4096 36
8701 37 4096 45
8801 35 4096 39
8901 17 4096 33
9001 9 4096 28
9101 13 4096 33
9201 10 4096 28
9301 23 4096 31
9401 32 4096 39
9501 18 4096 45
9601 29 4096 33
9701 46 4096 35
9801 2 4096 39
9901 43 4096 31
10001 3 4096 40
10101 39 4096 32
10201 24 4096 26
10301 36 4096 37
10401 25 4096 32
10501 21 4096 36
10601 31 4096 41
10701 16 4096 35
10801 27 4096 39
10901 14 4096 32
11001 4 4096 46
11101 40 4096 37
11201 30 4096 36
11301 45 4096 49
11401 33 4096 45
11501 20 4096 28
