0 9 4096 64
100 21 4096 67
200 33 4096 70
300 44 4096 75
400 11 4096 70
500 15 4096 64
600 30 4096 63
700 42 4096 63
800 1 4096 60
900 17 4096 78
1000 28 4096 69
1100 40 4096 67
1200 6 4096 69
1300 22 4096 76
1400 34 4096 76
1500 39 4096 64
1600 5 4096 67
1699 16 4096 63
1797 32 4096 93
1894 41 4096 75
1989 3 4096 82
2081 18 4096 69
2169 35 4096 61
2251 46 4096 67
2327 4 4096 45
2394 13 4096 79
2452 25 4096 79
2501 45 4096 79
2540 7 4096 67
2571 23 4096 79
2594 27 4096 61
2612 47 4096 63
2628 8 4096 72
2644 20 4096 67
2662 29 4096 84
2685 37 4096 79
2715 10 4096 78
2752 19 4096 70
2798 31 4096 82
2852 43 4096 66
2915 9 4096 43
2985 16 4096 70
3062 28 4096 85
3144 37 4096 72
3231 3 4096 79
3321 18 4096 91
3414 30 4096 64
3509 42 4096 64
3606 5 4096 69
3704 21 4096 90
3803 29 4096 73
3902 41 4096 73
4001 7 4096 78
4101 23 4096 57
4201 31 4096 81
4301 39 4096 57
4401 4 4096 61
4501 20 4096 72
4601 33 4096 75
4701 45 4096 72
4801 11 4096 76
4901 19 4096 61
5001 27 4096 79
5101 46 4096 69
5201 8 4096 70
5301 13 4096 72
5401 32 4096 72
5501 44 4096 82
5601 6 4096 69
5701 22 4096 61
5801 34 4096 63
5901 43 4096 66
6001 1 4096 63
6101 17 4096 63
6201 25 4096 81
6301 40 4096 90
6401 10 4096 61
6501 15 4096 64
6601 35 4096 60
6701 47 4096 72
6801 1 4096 60
6901 16 4096 61
7001 28 4096 76
7101 40 4096 63
7201 3 4096 67
7301 23 4096 90
7401 31 4096 58
7501 42 4096 75
7601 5 4096 46
7701 17 4096 75
7801 29 4096 67
7901 44 4096 75
8001 7 4096 85
8101 18 4096 61
8201 30 4096 69
8301 47 4096 78
8401 4 4096 57
8501 13 4096 75
8601 25 4096 72
8701 45 4096 90
8801 10 4096 79
8901 19 4096 66
9001 34 4096 57
9101 46 4096 66
9201 8 4096 57
9301 21 4096 63
9401 33 4096 78
9501 41 4096 90
9601 11 4096 66
9701 15 4096 70
9801 35 4096 79
9901 39 4096 63
10001 9 4096 81
10101 20 4096 64
10201 32 4096 52
10301 37 4096 75
10401 6 4096 64
10501 22 4096 72
10601 27 4096 82
10701 43 4096 70
10801 4 4096 79
10901 20 4096 64
11001 32 4096 93
11101 41 4096 75
11201 11 4096 73
11301 23 4096 99
11401 35 4096 91
11501 46 4096 57
