0 16 4096 64
100 18 4096 67
200 27 4096 70
300 31 4096 75
400 2 4096 70
500 19 4096 64
600 24 4096 63
700 42 4096 63
800 5 4096 60
900 21 4096 78
1000 29 4096 69
1100 34 4096 67
1200 13 4096 69
1300 9 4096 76
1400 38 4096 76
1500 44 4096 64
1600 14 4096 67
1699 6 4096 63
1797 36 4096 93
1894 45 4096 75
1989 17 4096 82
2081 20 4096 69
2169 28 4096 61
2251 46 4096 67
2327 12 4096 45
2394 8 4096 79
2452 25 4096 79
2501 43 4096 79
2540 4 4096 67
2571 11 4096 79
2594 40 4096 61
2612 32 4096 63
2628 1 4096 72
2644 7 4096 67
2662 39 4096 84
2685 30 4096 79
2715 15 4096 78
2752 22 4096 70
2798 26 4096 82
2852 33 4096 66
2915 3 4096 43
2985 23 4096 70
3062 41 4096 85
3144 35 4096 72
3231 12 4096 79
3321 20 4096 91
3414 27 4096 64
3509 42 4096 64
3606 13 4096 69
3704 7 4096 90
3803 29 4096 73
3902 31 4096 73
4001 14 4096 78
4101 6 4096 57
4201 28 4096 81
4301 45 4096 57
4401 15 4096 61
4501 18 4096 72
4601 40 4096 75
4701 44 4096 72
4801 1 4096 76
4901 11 4096 61
5001 39 4096 79
5101 30 4096 69
5201 16 4096 70
5301 23 4096 72
5401 24 4096 72
5501 33 4096 82
5601 5 4096 69
5701 8 4096 61
5801 36 4096 63
5901 32 4096 66
6001 4 4096 63
6101 9 4096 63
6201 26 4096 81
6301 35 4096 90
6401 3 4096 61
6501 21 4096 64
6601 41 4096 60
6701 46 4096 72
6801 2 4096 60
6901 22 4096 61
7001 38 4096 76
7101 43 4096 63
7201 17 4096 67
7301 19 4096 90
7401 25 4096 58
7501 34 4096 75
7601 16 4096 46
7701 20 4096 75
7801 41 4096 67
7901 33 4096 75
8001 14 4096 85
8101 18 4096 61
8201 28 4096 69
8301 46 4096 78
8401 1 4096 57
8501 19 4096 75
8601 27 4096 72
8701 43 4096 90
8801 17 4096 79
8901 21 4096 66
9001 40 4096 57
9101 44 4096 66
9201 13 4096 57
9301 6 4096 63
9401 24 4096 78
9501 30 4096 90
9601 12 4096 66
9701 7 4096 70
9801 39 4096 79
9901 31 4096 63
10001 5 4096 81
10101 9 4096 64
10201 29 4096 52
10301 45 4096 75
10401 15 4096 64
10501 23 4096 72
10601 26 4096 82
10701 42 4096 70
10801 2 4096 79
10901 22 4096 64
11001 25 4096 93
11101 35 4096 75
11201 3 4096 73
11301 11 4096 99
11401 36 4096 91
11501 32 4096 57
