0 10 4096 64
99 13 4096 67
176 27 4096 70
266 47 4096 75
321 4 4096 70
403 19 4096 64
503 25 4096 63
566 46 4096 63
646 3 4096 60
706 21 4096 78
778 28 4096 69
828 40 4096 67
925 5 4096 69
1021 16 4096 76
1095 26 4096 76
1181 45 4096 64
1232 7 4096 67
1312 17 4096 63
1406 34 4096 93
1487 39 4096 75
1552 2 4096 82
1649 22 4096 69
1708 32 4096 61
1782 44 4096 67
1870 1 4096 45
1941 20 4096 79
2029 33 4096 79
2120 42 4096 79
2188 9 4096 67
2249 14 4096 79
2310 31 4096 61
2372 41 4096 63
2453 8 4096 72
2503 18 4096 67
2563 30 4096 84
2619 43 4096 79
2674 11 4096 78
2768 15 4096 70
2830 29 4096 82
2885 37 4096 66
2964 6 4096 43
3035 23 4096 70
3126 35 4096 85
3216 38 4096 72
3293 10 4096 79
3344 14 4096 91
3442 26 4096 64
3496 41 4096 64
3595 3 4096 69
3656 13 4096 90
3746 33 4096 73
3802 38 4096 73
3852 9 4096 78
3945 15 4096 57
4024 34 4096 81
4086 45 4096 57
4160 2 4096 61
4249 20 4096 72
4310 29 4096 75
4410 39 4096 72
4510 4 4096 76
4571 18 4096 61
4637 31 4096 79
4713 40 4096 69
4805 6 4096 70
4901 22 4096 72
4960 27 4096 72
5034 46 4096 82
5133 1 4096 69
5203 19 4096 61
5274 35 4096 63
5360 42 4096 66
5454 7 4096 63
5511 16 4096 63
5586 28 4096 81
5671 43 4096 90
5732 8 4096 61
5808 23 4096 64
5888 30 4096 60
5950 47 4096 72
6042 5 4096 60
6125 17 4096 61
6176 25 4096 76
6250 37 4096 63
6303 11 4096 67
6371 21 4096 90
6448 32 4096 58
6532 44 4096 75
6591 11 4096 46
6671 15 4096 75
6745 33 4096 67
6840 45 4096 75
6916 7 4096 85
6979 13 4096 61
7030 30 4096 69
7093 43 4096 78
7149 5 4096 57
7231 21 4096 75
7291 25 4096 72
7379 38 4096 90
7459 4 4096 79
7546 16 4096 66
7611 29 4096 57
7696 47 4096 66
7779 6 4096 57
7852 18 4096 63
7903 32 4096 78
7969 39 4096 90
8069 1 4096 66
8123 17 4096 70
8208 31 4096 79
8274 40 4096 63
8364 3 4096 81
8444 23 4096 64
8543 28 4096 52
8594 46 4096 75
8666 2 4096 64
8731 19 4096 72
8794 26 4096 82
8869 42 4096 70
8926 10 4096 79
9019 20 4096 64
9115 27 4096 93
9203 44 4096 75
9270 8 4096 73
9370 14 4096 99
9428 35 4096 91
9522 41 4096 57
