0 15 4096 64
100 17 4096 67
200 8 4096 70
300 36 4096 75
400 40 4096 70
500 33 4096 64
600 47 4096 63
700 4 4096 63
800 22 4096 60
900 38 4096 78
1000 29 4096 69
1100 45 4096 67
1200 23 4096 69
1300 16 4096 76
1400 11 4096 76
1500 37 4096 64
1600 31 4096 67
1699 44 4096 63
1797 14 4096 93
1894 5 4096 75
1989 10 4096 82
2081 25 4096 69
2169 28 4096 61
2251 34 4096 67
2327 19 4096 45
2394 18 4096 79
2452 20 4096 79
2501 26 4096 79
2540 30 4096 67
2571 32 4096 79
2594 39 4096 61
2612 7 4096 63
2628 9 4096 72
2644 24 4096 67
2662 41 4096 84
2685 46 4096 79
2715 43 4096 78
2752 6 4096 70
2798 21 4096 82
2852 27 4096 66
2915 42 4096 43
2985 35 4096 70
3062 19 4096 85
3144 17 4096 72
3231 10 4096 79
3321 24 4096 91
3414 40 4096 64
3509 46 4096 64
3606 23 4096 69
3704 16 4096 90
3803 9 4096 73
3902 38 4096 73
4001 41 4096 78
4101 34 4096 57
4201 47 4096 81
4301 4 4096 57
4401 11 4096 61
4501 37 4096 72
4601 29 4096 75
4701 33 4096 72
4801 15 4096 76
4901 7 4096 61
5001 21 4096 79
5101 36 4096 69
5201 42 4096 70
5301 32 4096 72
5401 39 4096 72
5501 18 4096 82
5601 8 4096 69
5701 25 4096 61
5801 31 4096 63
5901 44 4096 66
6001 14 4096 63
6101 6 4096 63
6201 22 4096 81
6301 27 4096 90
6401 30 4096 61
6501 45 4096 64
6601 43 4096 60
6701 5 4096 72
6801 20 4096 60
6901 26 4096 61
7001 28 4096 76
7101 35 4096 63
7201 19 4096 67
7301 7 4096 90
7401 8 4096 58
7501 24 4096 75
7601 28 4096 46
7701 32 4096 75
7801 47 4096 67
7901 4 4096 75
8001 10 4096 85
8101 37 4096 61
8201 42 4096 69
8301 44 4096 78
8401 14 4096 57
8501 6 4096 75
8601 9 4096 72
8701 27 4096 90
8801 29 4096 79
8901 45 4096 66
9001 43 4096 57
9101 5 4096 66
9201 22 4096 57
9301 36 4096 63
9401 40 4096 78
9501 33 4096 90
9601 15 4096 66
9701 16 4096 70
9801 20 4096 79
9901 26 4096 63
10001 31 4096 81
10101 46 4096 64
10201 23 4096 52
10301 17 4096 75
10401 21 4096 64
10501 38 4096 72
10601 30 4096 82
10701 35 4096 70
10801 39 4096 79
10901 18 4096 64
11001 11 4096 93
11101 25 4096 75
11201 41 4096 73
11301 34 4096 99
11401 14 4096 91
11501 17 4096 57
