0 15 4096 64
99 17 4096 67
176 8 4096 70
266 36 4096 75
321 40 4096 70
403 33 4096 64
503 47 4096 63
566 4 4096 63
646 22 4096 60
706 38 4096 78
778 29 4096 69
828 45 4096 67
925 23 4096 69
1021 16 4096 76
1095 11 4096 76
1181 37 4096 64
1232 31 4096 67
1312 44 4096 63
1406 14 4096 93
1487 5 4096 75
1552 10 4096 82
1649 25 4096 69
1708 28 4096 61
1782 34 4096 67
1870 19 4096 45
1941 18 4096 79
2029 20 4096 79
2120 26 4096 79
2188 30 4096 67
2249 32 4096 79
2310 39 4096 61
2372 7 4096 63
2453 9 4096 72
2503 24 4096 67
2563 41 4096 84
2619 46 4096 79
2674 43 4096 78
2768 6 4096 70
2830 21 4096 82
2885 27 4096 66
2964 42 4096 43
3035 35 4096 70
3126 19 4096 85
3216 17 4096 72
3293 10 4096 79
3344 24 4096 91
3442 40 4096 64
3496 46 4096 64
3595 23 4096 69
3656 16 4096 90
3746 9 4096 73
3802 38 4096 73
3852 41 4096 78
3945 34 4096 57
4024 47 4096 81
4086 4 4096 57
4160 11 4096 61
4249 37 4096 72
4310 29 4096 75
4410 33 4096 72
4510 15 4096 76
4571 7 4096 61
4637 21 4096 79
4713 36 4096 69
4805 42 4096 70
4901 32 4096 72
4960 39 4096 72
5034 18 4096 82
5133 8 4096 69
5203 25 4096 61
5274 31 4096 63
5360 44 4096 66
5454 14 4096 63
5511 6 4096 63
5586 22 4096 81
5671 27 4096 90
5732 30 4096 61
5808 45 4096 64
5888 43 4096 60
5950 5 4096 72
6042 20 4096 60
6125 26 4096 61
6176 28 4096 76
6250 35 4096 63
6303 19 4096 67
6371 7 4096 90
6448 8 4096 58
6532 24 4096 75
6591 28 4096 46
6671 32 4096 75
6745 47 4096 67
6840 4 4096 75
6916 10 4096 85
6979 37 4096 61
7030 42 4096 69
7093 44 4096 78
7149 14 4096 57
7231 6 4096 75
7291 9 4096 72
7379 27 4096 90
7459 29 4096 79
7546 45 4096 66
7611 43 4096 57
7696 5 4096 66
7779 22 4096 57
7852 36 4096 63
7903 40 4096 78
7969 33 4096 90
8069 15 4096 66
8123 16 4096 70
8208 20 4096 79
8274 26 4096 63
8364 31 4096 81
8444 46 4096 64
8543 23 4096 52
8594 17 4096 75
8666 21 4096 64
8731 38 4096 72
8794 30 4096 82
8869 35 4096 70
8926 39 4096 79
9019 18 4096 64
9115 11 4096 93
9203 25 4096 75
9270 41 4096 73
9370 34 4096 99
9428 14 4096 91
9522 17 4096 57
