0 14 4096 64
100 3 4096 67
200 16 4096 70
300 9 4096 75
400 22 4096 70
500 7 4096 64
600 44 4096 63
700 11 4096 63
800 26 4096 60
900 13 4096 78
1000 4 4096 69
1100 21 4096 67
1200 36 4096 69
1300 25 4096 76
1400 42 4096 76
1500 27 4096 64
1600 12 4096 67
1699 19 4096 63
1797 32 4096 93
1894 17 4096 75
1989 24 4096 82
2081 37 4096 69
2169 6 4096 61
2251 41 4096 67
2327 10 4096 45
2394 35 4096 79
2452 18 4096 79
2501 29 4096 79
2540 2 4096 67
2571 1 4096 79
2594 40 4096 61
2612 23 4096 63
2628 30 4096 72
2644 39 4096 67
2662 20 4096 84
2685 43 4096 79
2715 34 4096 78
2752 33 4096 70
2798 46 4096 82
2852 45 4096 66
2915 38 4096 43
2985 15 4096 70
3062 28 4096 85
3144 31 4096 72
3231 8 4096 79
3321 5 4096 91
3414 2 4096 64
3509 43 4096 64
3606 6 4096 69
3704 9 4096 90
3803 28 4096 73
3902 3 4096 73
4001 40 4096 78
4101 35 4096 57
4201 22 4096 81
4301 13 4096 57
4401 24 4096 61
4501 11 4096 72
4601 20 4096 75
4701 25 4096 72
4801 12 4096 76
4901 21 4096 61
5001 42 4096 79
5101 31 4096 69
5201 36 4096 70
5301 39 4096 72
5401 4 4096 72
5501 45 4096 82
5601 16 4096 69
5701 23 4096 61
5801 14 4096 63
5901 19 4096 66
6001 26 4096 63
6101 29 4096 63
6201 30 4096 81
6301 27 4096 90
6401 34 4096 61
6501 7 4096 64
6601 18 4096 60
6701 41 4096 72
6801 44 4096 60
6901 1 4096 61
7001 10 4096 76
7101 5 4096 63
7201 38 4096 67
7301 33 4096 90
7401 46 4096 58
7501 17 4096 75
7601 32 4096 46
7701 15 4096 75
7801 8 4096 67
7901 37 4096 75
8001 44 4096 85
8101 45 4096 61
8201 26 4096 69
8301 17 4096 78
8401 18 4096 57
8501 1 4096 75
8601 16 4096 72
8701 29 4096 90
8801 34 4096 79
8901 33 4096 66
9001 38 4096 57
9101 5 4096 66
9201 4 4096 57
9301 3 4096 63
9401 6 4096 78
9501 31 4096 90
9601 28 4096 66
9701 19 4096 70
9801 14 4096 79
9901 21 4096 63
10001 20 4096 81
10101 9 4096 64
10201 2 4096 52
10301 35 4096 75
10401 36 4096 64
10501 37 4096 72
10601 22 4096 82
10701 41 4096 70
10801 8 4096 79
10901 43 4096 64
11001 40 4096 93
11101 39 4096 75
11201 24 4096 73
11301 23 4096 99
11401 32 4096 91
11501 27 4096 57
