0 30 4096 21
100 42 4096 22
200 29 4096 23
300 17 4096 25
400 34 4096 23
500 40 4096 21
600 33 4096 21
700 45 4096 21
800 26 4096 20
900 15 4096 26
1000 2 4096 23
1100 16 4096 22
1200 8 4096 23
1300 21 4096 25
1400 28 4096 25
1500 39 4096 21
1600 24 4096 22
1699 23 4096 21
1797 7 4096 31
1894 18 4096 25
1989 3 4096 27
2081 36 4096 23
2169 32 4096 20
2251 19 4096 22
2327 9 4096 15
2394 41 4096 26
2452 10 4096 26
2501 38 4096 26
2540 31 4096 22
2571 37 4096 26
2594 27 4096 20
2612 20 4096 21
2628 35 4096 24
2644 22 4096 22
2662 1 4096 28
2685 44 4096 26
2715 5 4096 26
2752 12 4096 23
2798 25 4096 27
2852 46 4096 22
2915 11 4096 14
2985 13 4096 23
3062 4 4096 28
3144 43 4096 24
3231 6 4096 26
3321 14 4096 30
3414 24 4096 21
3509 44 4096 21
3606 26 4096 23
3704 13 4096 30
3803 8 4096 24
3902 12 4096 24
4001 2 4096 26
4101 16 4096 19
4201 10 4096 27
4301 42 4096 19
4401 35 4096 20
4501 20 4096 24
4601 1 4096 25
4701 40 4096 24
4801 34 4096 25
4901 14 4096 20
5001 5 4096 26
5101 18 4096 23
5201 27 4096 23
5301 22 4096 24
5401 28 4096 24
5501 39 4096 27
5601 33 4096 23
5701 15 4096 20
5801 4 4096 21
5901 38 4096 22
6001 29 4096 21
6101 21 4096 21
6201 7 4096 27
6301 41 4096 30
6401 32 4096 20
6501 19 4096 21
6601 9 4096 20
6701 17 4096 24
6801 30 4096 20
6901 37 4096 20
7001 25 4096 25
7101 23 4096 21
7201 11 4096 22
7301 43 4096 30
7401 3 4096 19
7501 46 4096 25
7601 31 4096 15
7701 36 4096 25
7801 6 4096 22
7901 45 4096 25
8001 11 4096 28
8101 44 4096 20
8201 8 4096 23
8301 15 4096 26
8401 5 4096 19
8501 19 4096 25
8601 34 4096 24
8701 37 4096 30
8801 35 4096 26
8901 17 4096 22
9001 9 4096 19
9101 13 4096 22
9201 10 4096 19
9301 23 4096 21
9401 32 4096 26
9501 18 4096 30
9601 29 4096 22
9701 46 4096 23
9801 2 4096 26
9901 43 4096 21
10001 3 4096 27
10101 39 4096 21
10201 24 4096 17
10301 36 4096 25
10401 25 4096 21
10501 21 4096 24
10601 31 4096 27
10701 16 4096 23
10801 27 4096 26
10901 14 4096 21
11001 4 4096 31
11101 40 4096 25
11201 30 4096 24
11301 45 4096 33
11401 33 4096 30
11501 20 4096 19
