0 25 4096 32
100 26 4096 33
200 41 4096 35
300 31 4096 37
400 21 4096 35
500 46 4096 32
600 12 4096 31
700 15 4096 31
800 28 4096 30
900 43 4096 39
1000 9 4096 34
1100 47 4096 33
1200 1 4096 34
1300 39 4096 38
1400 29 4096 38
1500 30 4096 32
1600 44 4096 33
1699 22 4096 31
1797 36 4096 46
1894 27 4096 37
1989 17 4096 41
2081 7 4096 34
2169 33 4096 30
2251 34 4096 33
2327 13 4096 22
2394 14 4096 39
2452 40 4096 39
2501 18 4096 39
2540 20 4096 33
2571 11 4096 39
2594 24 4096 30
2612 38 4096 31
2628 16 4096 36
2644 19 4096 33
2662 32 4096 42
2685 35 4096 39
2715 37 4096 39
2752 3 4096 35
2798 5 4096 41
2852 42 4096 33
2915 45 4096 21
2985 23 4096 35
3062 36 4096 42
3144 26 4096 36
3231 28 4096 39
3321 19 4096 45
3414 20 4096 32
3509 34 4096 32
3606 12 4096 34
3704 3 4096 45
3803 16 4096 36
3902 43 4096 36
4001 21 4096 39
4101 46 4096 28
4201 13 4096 40
4301 14 4096 28
4401 29 4096 30
4501 18 4096 36
4601 32 4096 37
4701 22 4096 36
4801 37 4096 38
4901 27 4096 30
5001 41 4096 39
5101 31 4096 34
5201 9 4096 35
5301 47 4096 36
5401 1 4096 36
5501 38 4096 41
5601 40 4096 34
5701 42 4096 30
5801 44 4096 31
5901 23 4096 33
6001 24 4096 31
6101 15 4096 31
6201 17 4096 40
6301 7 4096 45
6401 33 4096 30
6501 35 4096 32
6601 25 4096 30
6701 39 4096 36
6801 5 4096 30
6901 30 4096 30
7001 45 4096 38
7101 11 4096 31
7201 13 4096 33
7301 27 4096 45
7401 41 4096 29
7501 18 4096 37
7601 44 4096 23
7701 35 4096 37
7801 12 4096 33
7901 38 4096 37
8001 17 4096 42
8101 43 4096 30
8201 45 4096 34
8301 47 4096 39
8401 1 4096 28
8501 39 4096 37
8601 28 4096 36
8701 30 4096 45
8801 20 4096 39
8901 11 4096 33
9001 36 4096 28
9101 3 4096 33
9201 40 4096 28
9301 19 4096 31
9401 32 4096 39
9501 23 4096 45
9601 25 4096 33
9701 26 4096 35
9801 29 4096 39
9901 31 4096 31
10001 9 4096 40
10101 46 4096 32
10201 37 4096 26
10301 14 4096 37
10401 5 4096 32
10501 7 4096 36
10601 33 4096 41
10701 34 4096 35
10801 24 4096 39
10901 15 4096 32
11001 16 4096 46
11101 42 4096 37
11201 21 4096 36
11301 22 4096 49
11401 37 4096 45
11501 14 4096 28
