0 1 4096 21
100 11 4096 22
200 45 4096 23
300 15 4096 25
400 5 4096 23
500 34 4096 21
600 44 4096 21
700 47 4096 21
800 29 4096 20
900 27 4096 26
1000 37 4096 23
1100 19 4096 22
1200 9 4096 23
1300 30 4096 25
1400 40 4096 25
1500 43 4096 21
1600 33 4096 22
1699 26 4096 21
1797 13 4096 31
1894 42 4096 25
1989 4 4096 27
2081 7 4096 23
2169 21 4096 20
2251 46 4096 22
2327 24 4096 15
2394 6 4096 26
2452 20 4096 26
2501 18 4096 26
2540 8 4096 22
2571 35 4096 26
2594 41 4096 20
2612 38 4096 21
2628 28 4096 24
2644 3 4096 22
2662 16 4096 28
2685 22 4096 26
2715 25 4096 26
2752 31 4096 23
2798 36 4096 27
2852 23 4096 22
2915 32 4096 14
2985 10 4096 23
3062 17 4096 28
3144 39 4096 24
3231 32 4096 26
3321 10 4096 30
3414 13 4096 21
3509 47 4096 21
3606 5 4096 23
3704 34 4096 30
3803 36 4096 24
3902 42 4096 24
4001 8 4096 26
4101 3 4096 19
4201 45 4096 27
4301 22 4096 19
4401 29 4096 20
4501 6 4096 24
4601 41 4096 25
4701 39 4096 24
4801 24 4096 25
4901 27 4096 20
5001 16 4096 26
5101 23 4096 23
5201 1 4096 23
5301 35 4096 24
5401 40 4096 24
5501 15 4096 27
5601 25 4096 23
5701 11 4096 20
5801 37 4096 21
5901 46 4096 22
6001 33 4096 21
6101 26 4096 21
6201 17 4096 27
6301 38 4096 30
6401 9 4096 20
6501 30 4096 21
6601 44 4096 20
6701 18 4096 24
6801 28 4096 20
6901 7 4096 20
7001 20 4096 25
7101 43 4096 21
7201 4 4096 22
7301 31 4096 30
7401 21 4096 19
7501 19 4096 25
7601 1 4096 15
7701 35 4096 25
7801 41 4096 22
7901 42 4096 25
8001 32 4096 28
8101 30 4096 20
8201 13 4096 23
8301 22 4096 26
8401 8 4096 19
8501 31 4096 25
8601 16 4096 24
8701 23 4096 30
8801 33 4096 26
8901 10 4096 22
9001 44 4096 19
9101 15 4096 22
9201 28 4096 19
9301 34 4096 21
9401 36 4096 26
9501 39 4096 30
9601 4 4096 22
9701 3 4096 23
9801 20 4096 26
9901 38 4096 21
10001 25 4096 27
10101 6 4096 21
10201 17 4096 17
10301 19 4096 25
10401 29 4096 21
10501 27 4096 24
10601 45 4096 27
10701 43 4096 23
10801 24 4096 26
10901 7 4096 21
11001 40 4096 31
11101 46 4096 25
11201 9 4096 24
11301 11 4096 33
11401 21 4096 30
11501 18 4096 19
