0 15 4096 21
100 17 4096 22
200 8 4096 23
300 36 4096 25
400 40 4096 23
500 33 4096 21
600 47 4096 21
700 4 4096 21
800 22 4096 20
900 38 4096 26
1000 29 4096 23
1100 45 4096 22
1200 23 4096 23
1300 16 4096 25
1400 11 4096 25
1500 37 4096 21
1600 31 4096 22
1699 44 4096 21
1797 14 4096 31
1894 5 4096 25
1989 10 4096 27
2081 25 4096 23
2169 28 4096 20
2251 34 4096 22
2327 19 4096 15
2394 18 4096 26
2452 20 4096 26
2501 26 4096 26
2540 30 4096 22
2571 32 4096 26
2594 39 4096 20
2612 7 4096 21
2628 9 4096 24
2644 24 4096 22
2662 41 4096 28
2685 46 4096 26
2715 43 4096 26
2752 6 4096 23
2798 21 4096 27
2852 27 4096 22
2915 42 4096 14
2985 35 4096 23
3062 19 4096 28
3144 17 4096 24
3231 10 4096 26
3321 24 4096 30
3414 40 4096 21
3509 46 4096 21
3606 23 4096 23
3704 16 4096 30
3803 9 4096 24
3902 38 4096 24
4001 41 4096 26
4101 34 4096 19
4201 47 4096 27
4301 4 4096 19
4401 11 4096 20
4501 37 4096 24
4601 29 4096 25
4701 33 4096 24
4801 15 4096 25
4901 7 4096 20
5001 21 4096 26
5101 36 4096 23
5201 42 4096 23
5301 32 4096 24
5401 39 4096 24
5501 18 4096 27
5601 8 4096 23
5701 25 4096 20
5801 31 4096 21
5901 44 4096 22
6001 14 4096 21
6101 6 4096 21
6201 22 4096 27
6301 27 4096 30
6401 30 4096 20
6501 45 4096 21
6601 43 4096 20
6701 5 4096 24
6801 20 4096 20
6901 26 4096 20
7001 28 4096 25
7101 35 4096 21
7201 19 4096 22
7301 7 4096 30
7401 8 4096 19
7501 24 4096 25
7601 28 4096 15
7701 32 4096 25
7801 47 4096 22
7901 4 4096 25
8001 10 4096 28
8101 37 4096 20
8201 42 4096 23
8301 44 4096 26
8401 14 4096 19
8501 6 4096 25
8601 9 4096 24
8701 27 4096 30
8801 29 4096 26
8901 45 4096 22
9001 43 4096 19
9101 5 4096 22
9201 22 4096 19
9301 36 4096 21
9401 40 4096 26
9501 33 4096 30
9601 15 4096 22
9701 16 4096 23
9801 20 4096 26
9901 26 4096 21
10001 31 4096 27
10101 46 4096 21
10201 23 4096 17
10301 17 4096 25
10401 21 4096 21
10501 38 4096 24
10601 30 4096 27
10701 35 4096 23
10801 39 4096 26
10901 18 4096 21
11001 11 4096 31
11101 25 4096 25
11201 41 4096 24
11301 34 4096 33
11401 14 4096 30
11501 17 4096 19
