0 14 4096 64
99 6 4096 67
176 21 4096 70
266 39 4096 75
321 40 4096 70
403 35 4096 64
503 3 4096 63
566 17 4096 63
646 9 4096 60
706 26 4096 78
778 42 4096 69
828 34 4096 67
925 12 4096 69
1021 5 4096 76
1095 20 4096 76
1181 25 4096 64
1232 43 4096 67
1312 45 4096 63
1406 1 4096 93
1487 7 4096 75
1552 23 4096 82
1649 37 4096 69
1708 29 4096 61
1782 47 4096 67
1870 13 4096 45
1941 19 4096 79
2029 10 4096 79
2120 36 4096 79
2188 30 4096 67
2249 46 4096 79
2310 15 4096 61
2372 18 4096 63
2453 22 4096 72
2503 38 4096 67
2563 31 4096 84
2619 44 4096 79
2674 2 4096 78
2768 16 4096 70
2830 11 4096 82
2885 27 4096 66
2964 41 4096 43
3035 33 4096 70
3126 1 4096 85
3216 7 4096 72
3293 21 4096 79
3344 39 4096 91
3442 31 4096 64
3496 46 4096 64
3595 13 4096 69
3656 6 4096 90
3746 20 4096 73
3802 25 4096 73
3852 29 4096 78
3945 45 4096 57
4024 2 4096 81
4086 5 4096 57
4160 10 4096 61
4249 38 4096 72
4310 30 4096 75
4410 47 4096 72
4510 15 4096 76
4571 19 4096 61
4637 23 4096 79
4713 37 4096 69
4805 40 4096 70
4901 34 4096 72
4960 14 4096 72
5034 18 4096 82
5133 11 4096 69
5203 27 4096 61
5274 43 4096 63
5360 44 4096 66
5454 3 4096 63
5511 16 4096 63
5586 9 4096 81
5671 36 4096 90
5732 42 4096 61
5808 35 4096 64
5888 12 4096 60
5950 17 4096 72
6042 22 4096 60
6125 26 4096 61
6176 41 4096 76
6250 33 4096 63
6303 2 4096 67
6371 6 4096 90
6448 11 4096 58
6532 25 4096 75
6591 29 4096 46
6671 45 4096 75
6745 1 4096 67
6840 17 4096 75
6916 20 4096 85
6979 39 4096 61
7030 41 4096 69
7093 33 4096 78
7149 15 4096 57
7231 5 4096 75
7291 10 4096 72
7379 36 4096 90
7459 42 4096 79
7546 34 4096 66
7611 13 4096 57
7696 7 4096 66
7779 22 4096 57
7852 38 4096 63
7903 30 4096 78
7969 44 4096 90
8069 3 4096 66
8123 19 4096 70
8208 9 4096 79
8274 26 4096 63
8364 40 4096 81
8444 46 4096 64
8543 14 4096 52
8594 18 4096 75
8666 23 4096 64
8731 37 4096 72
8794 43 4096 82
8869 35 4096 70
8926 12 4096 79
9019 16 4096 64
9115 21 4096 93
9203 27 4096 75
9270 31 4096 73
9370 47 4096 99
9428 13 4096 91
9522 6 4096 57
