0 21 4096 64
99 34 4096 67
176 43 4096 70
266 32 4096 75
321 20 4096 70
403 4 4096 64
503 10 4096 63
566 44 4096 63
646 40 4096 60
706 37 4096 78
778 30 4096 69
828 45 4096 67
925 22 4096 69
1021 16 4096 76
1095 1 4096 76
1181 27 4096 64
1232 12 4096 67
1312 17 4096 63
1406 2 4096 93
1487 18 4096 75
1552 31 4096 82
1649 39 4096 69
1708 13 4096 61
1782 19 4096 67
1870 23 4096 45
1941 36 4096 79
2029 3 4096 79
2120 25 4096 79
2188 14 4096 67
2249 38 4096 79
2310 29 4096 61
2372 6 4096 63
2453 41 4096 72
2503 7 4096 67
2563 15 4096 84
2619 46 4096 79
2674 42 4096 78
2768 33 4096 70
2830 11 4096 82
2885 24 4096 66
2964 9 4096 43
3035 26 4096 70
3126 8 4096 85
3216 35 4096 72
3293 28 4096 79
3344 5 4096 91
3442 12 4096 64
3496 32 4096 64
3595 43 4096 69
3656 27 4096 90
3746 13 4096 73
3802 45 4096 73
3852 1 4096 78
3945 37 4096 57
4024 10 4096 81
4086 7 4096 57
4160 40 4096 61
4249 25 4096 72
4310 3 4096 75
4410 46 4096 72
4510 31 4096 76
4571 33 4096 61
4637 41 4096 79
4713 36 4096 69
4805 11 4096 70
4901 5 4096 72
4960 15 4096 72
5034 18 4096 82
5133 8 4096 69
5203 19 4096 61
5274 21 4096 63
5360 39 4096 66
5454 22 4096 63
5511 34 4096 63
5586 2 4096 81
5671 26 4096 90
5732 28 4096 61
5808 38 4096 64
5888 42 4096 60
5950 35 4096 72
6042 30 4096 60
6125 16 4096 61
6176 20 4096 76
6250 4 4096 63
6303 29 4096 67
6371 44 4096 90
6448 23 4096 58
6532 17 4096 75
6591 14 4096 46
6671 6 4096 75
6745 9 4096 67
6840 24 4096 75
6916 31 4096 85
6979 33 4096 61
7030 2 4096 69
7093 7 4096 78
7149 9 4096 57
7231 4 4096 75
7291 15 4096 72
7379 18 4096 90
7459 40 4096 79
7546 6 4096 66
7611 30 4096 57
7696 5 4096 66
7779 20 4096 57
7852 38 4096 63
7903 10 4096 78
7969 17 4096 90
8069 1 4096 66
8123 27 4096 70
8208 43 4096 79
8274 35 4096 63
8364 11 4096 81
8444 44 4096 64
8543 12 4096 52
8594 26 4096 75
8666 3 4096 64
8731 25 4096 72
8794 29 4096 82
8869 16 4096 70
8926 21 4096 79
9019 36 4096 64
9115 42 4096 93
9203 37 4096 75
9270 22 4096 73
9370 46 4096 99
9428 28 4096 91
9522 32 4096 57
