0 12 4096 64
99 13 4096 67
176 6 4096 70
266 22 4096 75
321 26 4096 70
403 38 4096 64
503 31 4096 63
566 46 4096 63
646 1 4096 60
706 14 4096 78
778 7 4096 69
828 21 4096 67
925 25 4096 69
1021 40 4096 76
1095 33 4096 76
1181 35 4096 64
1232 4 4096 67
1312 5 4096 63
1406 8 4096 93
1487 20 4096 75
1552 36 4096 82
1649 29 4096 69
1708 42 4096 61
1782 45 4096 67
1870 3 4096 45
1941 16 4096 79
2029 9 4096 79
2120 23 4096 79
2188 27 4096 67
2249 41 4096 79
2310 32 4096 61
2372 44 4096 63
2453 2 4096 72
2503 15 4096 67
2563 18 4096 84
2619 11 4096 79
2674 24 4096 78
2768 39 4096 70
2830 34 4096 82
2885 43 4096 66
2964 3 4096 43
3035 13 4096 70
3126 6 4096 85
3216 23 4096 72
3293 25 4096 79
3344 39 4096 91
3442 32 4096 64
3496 44 4096 64
3595 1 4096 69
3656 5 4096 90
3746 9 4096 73
3802 11 4096 73
3852 27 4096 78
3945 40 4096 57
4024 31 4096 81
4086 43 4096 57
4160 4 4096 61
4249 15 4096 72
4310 8 4096 75
4410 21 4096 72
4510 36 4096 76
4571 29 4096 61
4637 33 4096 79
4713 45 4096 69
4805 2 4096 70
4901 16 4096 72
4960 18 4096 72
5034 20 4096 82
5133 24 4096 69
5203 41 4096 61
5274 42 4096 63
5360 46 4096 66
5454 12 4096 63
5511 14 4096 63
5586 7 4096 81
5671 22 4096 90
5732 26 4096 61
5808 38 4096 64
5888 34 4096 60
5950 35 4096 72
6042 3 4096 60
6125 5 4096 61
6176 8 4096 76
6250 11 4096 63
6303 25 4096 67
6371 41 4096 90
6448 33 4096 58
6532 46 4096 75
6591 1 4096 46
6671 14 4096 75
6745 9 4096 67
6840 21 4096 75
6916 24 4096 85
6979 39 4096 61
7030 32 4096 69
7093 43 4096 78
7149 12 4096 57
7231 13 4096 75
7291 18 4096 72
7379 23 4096 90
7459 26 4096 79
7546 38 4096 66
7611 31 4096 57
7696 35 4096 66
7779 4 4096 57
7852 15 4096 63
7903 7 4096 78
7969 20 4096 90
8069 27 4096 66
8123 29 4096 70
8208 34 4096 79
8274 45 4096 63
8364 2 4096 81
8444 16 4096 64
8543 6 4096 52
8594 22 4096 75
8666 36 4096 64
8731 40 4096 72
8794 42 4096 82
8869 44 4096 70
8926 4 4096 79
9019 14 4096 64
9115 6 4096 93
9203 23 4096 75
9270 25 4096 73
9370 29 4096 99
9428 34 4096 91
9522 35 4096 57
