0 30 4096 172
100 42 4096 180
200 29 4096 188
300 17 4096 200
400 34 4096 188
500 40 4096 172
600 33 4096 168
700 45 4096 168
800 26 4096 160
900 15 4096 208
1000 2 4096 184
1100 16 4096 180
1200 8 4096 184
1300 21 4096 204
1400 28 4096 204
1500 39 4096 172
1600 24 4096 180
1699 23 4096 168
1797 7 4096 248
1894 18 4096 200
1989 3 4096 220
2081 36 4096 184
2169 32 4096 164
2251 19 4096 180
2327 9 4096 120
2394 41 4096 212
2452 10 4096 212
2501 38 4096 212
2540 31 4096 180
2571 37 4096 212
2594 27 4096 164
2612 20 4096 168
2628 35 4096 192
2644 22 4096 180
2662 1 4096 224
2685 44 4096 212
2715 5 4096 208
2752 12 4096 188
2798 25 4096 220
2852 46 4096 176
2915 11 4096 116
2985 13 4096 188
3062 4 4096 228
3144 43 4096 192
3231 6 4096 212
3321 14 4096 244
3414 24 4096 172
3509 44 4096 172
3606 26 4096 184
3704 13 4096 240
3803 8 4096 196
3902 12 4096 196
4001 2 4096 208
4101 16 4096 152
4201 10 4096 216
4301 42 4096 152
4401 35 4096 164
4501 20 4096 192
4601 1 4096 200
4701 40 4096 192
4801 34 4096 204
4901 14 4096 164
5001 5 4096 212
5101 18 4096 184
5201 27 4096 188
5301 22 4096 192
5401 28 4096 192
5501 39 4096 220
5601 33 4096 184
5701 15 4096 164
5801 4 4096 168
5901 38 4096 176
6001 29 4096 168
6101 21 4096 168
6201 7 4096 216
6301 41 4096 240
6401 32 4096 164
6501 19 4096 172
6601 9 4096 160
6701 17 4096 192
6801 30 4096 160
6901 37 4096 164
7001 25 4096 204
7101 23 4096 168
7201 11 4096 180
7301 43 4096 240
7401 3 4096 156
7501 46 4096 200
7601 31 4096 124
7701 36 4096 200
7801 6 4096 180
7901 45 4096 200
8001 11 4096 228
8101 44 4096 164
8201 8 4096 184
8301 15 4096 208
8401 5 4096 152
8501 19 4096 200
8601 34 4096 192
8701 37 4096 240
8801 35 4096 212
8901 17 4096 176
9001 9 4096 152
9101 13 4096 176
9201 10 4096 152
9301 23 4096 168
9401 32 4096 208
9501 18 4096 240
9601 29 4096 176
9701 46 4096 188
9801 2 4096 212
9901 43 4096 168
10001 3 4096 216
10101 39 4096 172
10201 24 4096 140
10301 36 4096 200
10401 25 4096 172
10501 21 4096 192
10601 31 4096 220
10701 16 4096 188
10801 27 4096 212
10901 14 4096 172
11001 4 4096 248
11101 40 4096 200
11201 30 4096 196
11301 45 4096 264
11401 33 4096 244
11501 20 4096 152
