0 14 4096 64
99 27 4096 67
176 1 4096 70
266 43 4096 75
321 12 4096 70
403 35 4096 64
503 17 4096 63
566 32 4096 63
646 13 4096 60
706 40 4096 78
778 7 4096 69
828 25 4096 67
925 5 4096 69
1021 34 4096 76
1095 22 4096 76
1181 30 4096 64
1232 2 4096 67
1312 33 4096 63
1406 10 4096 93
1487 24 4096 75
1552 4 4096 82
1649 29 4096 69
1708 11 4096 61
1782 46 4096 67
1870 9 4096 45
1941 28 4096 79
2029 8 4096 79
2120 37 4096 79
2188 19 4096 67
2249 45 4096 79
2310 3 4096 61
2372 36 4096 63
2453 23 4096 72
2503 31 4096 67
2563 18 4096 84
2619 42 4096 79
2674 20 4096 78
2768 44 4096 70
2830 21 4096 82
2885 39 4096 66
2964 16 4096 43
3035 38 4096 70
3126 15 4096 85
3216 41 4096 72
3293 6 4096 79
3344 26 4096 91
3442 22 4096 64
3496 39 4096 64
3595 11 4096 69
3656 42 4096 90
3746 9 4096 73
3802 43 4096 73
3852 1 4096 78
3945 35 4096 57
4024 8 4096 81
4086 24 4096 57
4160 2 4096 61
4249 25 4096 72
4310 12 4096 75
4410 30 4096 72
4510 16 4096 76
4571 36 4096 61
4637 23 4096 79
4713 37 4096 69
4805 7 4096 70
4901 41 4096 72
4960 13 4096 72
5034 31 4096 82
5133 18 4096 69
5203 26 4096 61
5274 5 4096 63
5360 45 4096 66
5454 10 4096 63
5511 33 4096 63
5586 15 4096 81
5671 28 4096 90
5732 6 4096 61
5808 32 4096 64
5888 14 4096 60
5950 34 4096 72
6042 4 4096 60
6125 38 4096 61
6176 17 4096 76
6250 29 4096 63
6303 20 4096 67
6371 27 4096 90
6448 3 4096 58
6532 46 4096 75
6591 19 4096 46
6671 40 4096 75
6745 21 4096 67
6840 44 4096 75
6916 11 4096 85
6979 38 4096 61
7030 8 4096 69
7093 40 4096 78
7149 12 4096 57
7231 41 4096 75
7291 13 4096 72
7379 39 4096 90
7459 9 4096 79
7546 30 4096 66
7611 21 4096 57
7696 24 4096 66
7779 2 4096 57
7852 32 4096 63
7903 4 4096 78
7969 42 4096 90
8069 7 4096 66
8123 34 4096 70
8208 14 4096 79
8274 26 4096 63
8364 10 4096 81
8444 28 4096 64
8543 6 4096 52
8594 35 4096 75
8666 16 4096 64
8731 37 4096 72
8794 1 4096 82
8869 25 4096 70
8926 15 4096 79
9019 31 4096 64
9115 3 4096 93
9203 46 4096 75
9270 18 4096 73
9370 27 4096 99
9428 17 4096 91
9522 33 4096 57
