0 9 4096 21
100 21 4096 22
200 33 4096 23
300 44 4096 25
400 11 4096 23
500 15 4096 21
600 30 4096 21
700 42 4096 21
800 1 4096 20
900 17 4096 26
1000 28 4096 23
1100 40 4096 22
1200 6 4096 23
1300 22 4096 25
1400 34 4096 25
1500 39 4096 21
1600 5 4096 22
1699 16 4096 21
1797 32 4096 31
1894 41 4096 25
1989 3 4096 27
2081 18 4096 23
2169 35 4096 20
2251 46 4096 22
2327 4 4096 15
2394 13 4096 26
2452 25 4096 26
2501 45 4096 26
2540 7 4096 22
2571 23 4096 26
2594 27 4096 20
2612 47 4096 21
2628 8 4096 24
2644 20 4096 22
2662 29 4096 28
2685 37 4096 26
2715 10 4096 26
2752 19 4096 23
2798 31 4096 27
2852 43 4096 22
2915 9 4096 14
2985 16 4096 23
3062 28 4096 28
3144 37 4096 24
3231 3 4096 26
3321 18 4096 30
3414 30 4096 21
3509 42 4096 21
3606 5 4096 23
3704 21 4096 30
3803 29 4096 24
3902 41 4096 24
4001 7 4096 26
4101 23 4096 19
4201 31 4096 27
4301 39 4096 19
4401 4 4096 20
4501 20 4096 24
4601 33 4096 25
4701 45 4096 24
4801 11 4096 25
4901 19 4096 20
5001 27 4096 26
5101 46 4096 23
5201 8 4096 23
5301 13 4096 24
5401 32 4096 24
5501 44 4096 27
5601 6 4096 23
5701 22 4096 20
5801 34 4096 21
5901 43 4096 22
6001 1 4096 21
6101 17 4096 21
6201 25 4096 27
6301 40 4096 30
6401 10 4096 20
6501 15 4096 21
6601 35 4096 20
6701 47 4096 24
6801 1 4096 20
6901 16 4096 20
7001 28 4096 25
7101 40 4096 21
7201 3 4096 22
7301 23 4096 30
7401 31 4096 19
7501 42 4096 25
7601 5 4096 15
7701 17 4096 25
7801 29 4096 22
7901 44 4096 25
8001 7 4096 28
8101 18 4096 20
8201 30 4096 23
8301 47 4096 26
8401 4 4096 19
8501 13 4096 25
8601 25 4096 24
8701 45 4096 30
8801 10 4096 26
8901 19 4096 22
9001 34 4096 19
9101 46 4096 22
9201 8 4096 19
9301 21 4096 21
9401 33 4096 26
9501 41 4096 30
9601 11 4096 22
9701 15 4096 23
9801 35 4096 26
9901 39 4096 21
10001 9 4096 27
10101 20 4096 21
10201 32 4096 17
10301 37 4096 25
10401 6 4096 21
10501 22 4096 24
10601 27 4096 27
10701 43 4096 23
10801 4 4096 26
10901 20 4096 21
11001 32 4096 31
11101 41 4096 25
11201 11 4096 24
11301 23 4096 33
11401 35 4096 30
11501 46 4096 19
