0 30 4096 86
100 42 4096 90
200 29 4096 94
300 17 4096 100
400 34 4096 94
500 40 4096 86
600 33 4096 84
700 45 4096 84
800 26 4096 80
900 15 4096 104
1000 2 4096 92
1100 16 4096 90
1200 8 4096 92
1300 21 4096 102
1400 28 4096 102
1500 39 4096 86
1600 24 4096 90
1699 23 4096 84
1797 7 4096 124
1894 18 4096 100
1989 3 4096 110
2081 36 4096 92
2169 32 4096 82
2251 19 4096 90
2327 9 4096 60
2394 41 4096 106
2452 10 4096 106
2501 38 4096 106
2540 31 4096 90
2571 37 4096 106
2594 27 4096 82
2612 20 4096 84
2628 35 4096 96
2644 22 4096 90
2662 1 4096 112
2685 44 4096 106
2715 5 4096 104
2752 12 4096 94
2798 25 4096 110
2852 46 4096 88
2915 11 4096 58
2985 13 4096 94
3062 4 4096 114
3144 43 4096 96
3231 6 4096 106
3321 14 4096 122
3414 24 4096 86
3509 44 4096 86
3606 26 4096 92
3704 13 4096 120
3803 8 4096 98
3902 12 4096 98
4001 2 4096 104
4101 16 4096 76
4201 10 4096 108
4301 42 4096 76
4401 35 4096 82
4501 20 4096 96
4601 1 4096 100
4701 40 4096 96
4801 34 4096 102
4901 14 4096 82
5001 5 4096 106
5101 18 4096 92
5201 27 4096 94
5301 22 4096 96
5401 28 4096 96
5501 39 4096 110
5601 33 4096 92
5701 15 4096 82
5801 4 4096 84
5901 38 4096 88
6001 29 4096 84
6101 21 4096 84
6201 7 4096 108
6301 41 4096 120
6401 32 4096 82
6501 19 4096 86
6601 9 4096 80
6701 17 4096 96
6801 30 4096 80
6901 37 4096 82
7001 25 4096 102
7101 23 4096 84
7201 11 4096 90
7301 43 4096 120
7401 3 4096 78
7501 46 4096 100
7601 31 4096 62
7701 36 4096 100
7801 6 4096 90
7901 45 4096 100
8001 11 4096 114
8101 44 4096 82
8201 8 4096 92
8301 15 4096 104
8401 5 4096 76
8501 19 4096 100
8601 34 4096 96
8701 37 4096 120
8801 35 4096 106
8901 17 4096 88
9001 9 4096 76
9101 13 4096 88
9201 10 4096 76
9301 23 4096 84
9401 32 4096 104
9501 18 4096 120
9601 29 4096 88
9701 46 4096 94
9801 2 4096 106
9901 43 4096 84
10001 3 4096 108
10101 39 4096 86
10201 24 4096 70
10301 36 4096 100
10401 25 4096 86
10501 21 4096 96
10601 31 4096 110
10701 16 4096 94
10801 27 4096 106
10901 14 4096 86
11001 4 4096 124
11101 40 4096 100
11201 30 4096 98
11301 45 4096 132
11401 33 4096 122
11501 20 4096 76
