0 10 4096 64
100 13 4096 67
200 27 4096 70
300 47 4096 75
400 4 4096 70
500 19 4096 64
600 25 4096 63
700 46 4096 63
800 3 4096 60
900 21 4096 78
1000 28 4096 69
1100 40 4096 67
1200 5 4096 69
1300 16 4096 76
1400 26 4096 76
1500 45 4096 64
1600 7 4096 67
1699 17 4096 63
1797 34 4096 93
1894 39 4096 75
1989 2 4096 82
2081 22 4096 69
2169 32 4096 61
2251 44 4096 67
2327 1 4096 45
2394 20 4096 79
2452 33 4096 79
2501 42 4096 79
2540 9 4096 67
2571 14 4096 79
2594 31 4096 61
2612 41 4096 63
2628 8 4096 72
2644 18 4096 67
2662 30 4096 84
2685 43 4096 79
2715 11 4096 78
2752 15 4096 70
2798 29 4096 82
2852 37 4096 66
2915 6 4096 43
2985 23 4096 70
3062 35 4096 85
3144 38 4096 72
3231 10 4096 79
3321 14 4096 91
3414 26 4096 64
3509 41 4096 64
3606 3 4096 69
3704 13 4096 90
3803 33 4096 73
3902 38 4096 73
4001 9 4096 78
4101 15 4096 57
4201 34 4096 81
4301 45 4096 57
4401 2 4096 61
4501 20 4096 72
4601 29 4096 75
4701 39 4096 72
4801 4 4096 76
4901 18 4096 61
5001 31 4096 79
5101 40 4096 69
5201 6 4096 70
5301 22 4096 72
5401 27 4096 72
5501 46 4096 82
5601 1 4096 69
5701 19 4096 61
5801 35 4096 63
5901 42 4096 66
6001 7 4096 63
6101 16 4096 63
6201 28 4096 81
6301 43 4096 90
6401 8 4096 61
6501 23 4096 64
6601 30 4096 60
6701 47 4096 72
6801 5 4096 60
6901 17 4096 61
7001 25 4096 76
7101 37 4096 63
7201 11 4096 67
7301 21 4096 90
7401 32 4096 58
7501 44 4096 75
7601 11 4096 46
7701 15 4096 75
7801 33 4096 67
7901 45 4096 75
8001 7 4096 85
8101 13 4096 61
8201 30 4096 69
8301 43 4096 78
8401 5 4096 57
8501 21 4096 75
8601 25 4096 72
8701 38 4096 90
8801 4 4096 79
8901 16 4096 66
9001 29 4096 57
9101 47 4096 66
9201 6 4096 57
9301 18 4096 63
9401 32 4096 78
9501 39 4096 90
9601 1 4096 66
9701 17 4096 70
9801 31 4096 79
9901 40 4096 63
10001 3 4096 81
10101 23 4096 64
10201 28 4096 52
10301 46 4096 75
10401 2 4096 64
10501 19 4096 72
10601 26 4096 82
10701 42 4096 70
10801 10 4096 79
10901 20 4096 64
11001 27 4096 93
11101 44 4096 75
11201 8 4096 73
11301 14 4096 99
11401 35 4096 91
11501 41 4096 57
