0 14 4096 129
100 27 4096 135
200 1 4096 141
300 43 4096 150
400 12 4096 141
500 35 4096 129
600 17 4096 126
700 32 4096 126
800 13 4096 120
900 40 4096 156
1000 7 4096 138
1100 25 4096 135
1200 5 4096 138
1300 34 4096 153
1400 22 4096 153
1500 30 4096 129
1600 2 4096 135
1699 33 4096 126
1797 10 4096 186
1894 24 4096 150
1989 4 4096 165
2081 29 4096 138
2169 11 4096 123
2251 46 4096 135
2327 9 4096 90
2394 28 4096 159
2452 8 4096 159
2501 37 4096 159
2540 19 4096 135
2571 45 4096 159
2594 3 4096 123
2612 36 4096 126
2628 23 4096 144
2644 31 4096 135
2662 18 4096 168
2685 42 4096 159
2715 20 4096 156
2752 44 4096 141
2798 21 4096 165
2852 39 4096 132
2915 16 4096 87
2985 38 4096 141
3062 15 4096 171
3144 41 4096 144
3231 6 4096 159
3321 26 4096 183
3414 22 4096 129
3509 39 4096 129
3606 11 4096 138
3704 42 4096 180
3803 9 4096 147
3902 43 4096 147
4001 1 4096 156
4101 35 4096 114
4201 8 4096 162
4301 24 4096 114
4401 2 4096 123
4501 25 4096 144
4601 12 4096 150
4701 30 4096 144
4801 16 4096 153
4901 36 4096 123
5001 23 4096 159
5101 37 4096 138
5201 7 4096 141
5301 41 4096 144
5401 13 4096 144
5501 31 4096 165
5601 18 4096 138
5701 26 4096 123
5801 5 4096 126
5901 45 4096 132
6001 10 4096 126
6101 33 4096 126
6201 15 4096 162
6301 28 4096 180
6401 6 4096 123
6501 32 4096 129
6601 14 4096 120
6701 34 4096 144
6801 4 4096 120
6901 38 4096 123
7001 17 4096 153
7101 29 4096 126
7201 20 4096 135
7301 27 4096 180
7401 3 4096 117
7501 46 4096 150
7601 19 4096 93
7701 40 4096 150
7801 21 4096 135
7901 44 4096 150
8001 11 4096 171
8101 38 4096 123
8201 8 4096 138
8301 40 4096 156
8401 12 4096 114
8501 41 4096 150
8601 13 4096 144
8701 39 4096 180
8801 9 4096 159
8901 30 4096 132
9001 21 4096 114
9101 24 4096 132
9201 2 4096 114
9301 32 4096 126
9401 4 4096 156
9501 42 4096 180
9601 7 4096 132
9701 34 4096 141
9801 14 4096 159
9901 26 4096 126
10001 10 4096 162
10101 28 4096 129
10201 6 4096 105
10301 35 4096 150
10401 16 4096 129
10501 37 4096 144
10601 1 4096 165
10701 25 4096 141
10801 15 4096 159
10901 31 4096 129
11001 3 4096 186
11101 46 4096 150
11201 18 4096 147
11301 27 4096 198
11401 17 4096 183
11501 33 4096 114
