0 16 4096 64
99 18 4096 67
176 27 4096 70
266 31 4096 75
321 2 4096 70
403 19 4096 64
503 24 4096 63
566 42 4096 63
646 5 4096 60
706 21 4096 78
778 29 4096 69
828 34 4096 67
925 13 4096 69
1021 9 4096 76
1095 38 4096 76
1181 44 4096 64
1232 14 4096 67
1312 6 4096 63
1406 36 4096 93
1487 45 4096 75
1552 17 4096 82
1649 20 4096 69
1708 28 4096 61
1782 46 4096 67
1870 12 4096 45
1941 8 4096 79
2029 25 4096 79
2120 43 4096 79
2188 4 4096 67
2249 11 4096 79
2310 40 4096 61
2372 32 4096 63
2453 1 4096 72
2503 7 4096 67
2563 39 4096 84
2619 30 4096 79
2674 15 4096 78
2768 22 4096 70
2830 26 4096 82
2885 33 4096 66
2964 3 4096 43
3035 23 4096 70
3126 41 4096 85
3216 35 4096 72
3293 12 4096 79
3344 20 4096 91
3442 27 4096 64
3496 42 4096 64
3595 13 4096 69
3656 7 4096 90
3746 29 4096 73
3802 31 4096 73
3852 14 4096 78
3945 6 4096 57
4024 28 4096 81
4086 45 4096 57
4160 15 4096 61
4249 18 4096 72
4310 40 4096 75
4410 44 4096 72
4510 1 4096 76
4571 11 4096 61
4637 39 4096 79
4713 30 4096 69
4805 16 4096 70
4901 23 4096 72
4960 24 4096 72
5034 33 4096 82
5133 5 4096 69
5203 8 4096 61
5274 36 4096 63
5360 32 4096 66
5454 4 4096 63
5511 9 4096 63
5586 26 4096 81
5671 35 4096 90
5732 3 4096 61
5808 21 4096 64
5888 41 4096 60
5950 46 4096 72
6042 2 4096 60
6125 22 4096 61
6176 38 4096 76
6250 43 4096 63
6303 17 4096 67
6371 19 4096 90
6448 25 4096 58
6532 34 4096 75
6591 16 4096 46
6671 20 4096 75
6745 41 4096 67
6840 33 4096 75
6916 14 4096 85
6979 18 4096 61
7030 28 4096 69
7093 46 4096 78
7149 1 4096 57
7231 19 4096 75
7291 27 4096 72
7379 43 4096 90
7459 17 4096 79
7546 21 4096 66
7611 40 4096 57
7696 44 4096 66
7779 13 4096 57
7852 6 4096 63
7903 24 4096 78
7969 30 4096 90
8069 12 4096 66
8123 7 4096 70
8208 39 4096 79
8274 31 4096 63
8364 5 4096 81
8444 9 4096 64
8543 29 4096 52
8594 45 4096 75
8666 15 4096 64
8731 23 4096 72
8794 26 4096 82
8869 42 4096 70
8926 2 4096 79
9019 22 4096 64
9115 25 4096 93
9203 35 4096 75
9270 3 4096 73
9370 11 4096 99
9428 36 4096 91
9522 32 4096 57
