0 14 4096 43
100 3 4096 45
200 16 4096 47
300 9 4096 50
400 22 4096 47
500 7 4096 43
600 44 4096 42
700 11 4096 42
800 26 4096 40
900 13 4096 52
1000 4 4096 46
1100 21 4096 45
1200 36 4096 46
1300 25 4096 51
1400 42 4096 51
1500 27 4096 43
1600 12 4096 45
1699 19 4096 42
1797 32 4096 62
1894 17 4096 50
1989 24 4096 55
2081 37 4096 46
2169 6 4096 41
2251 41 4096 45
2327 10 4096 30
2394 35 4096 53
2452 18 4096 53
2501 29 4096 53
2540 2 4096 45
2571 1 4096 53
2594 40 4096 41
2612 23 4096 42
2628 30 4096 48
2644 39 4096 45
2662 20 4096 56
2685 43 4096 53
2715 34 4096 52
2752 33 4096 47
2798 46 4096 55
2852 45 4096 44
2915 38 4096 29
2985 15 4096 47
3062 28 4096 57
3144 31 4096 48
3231 8 4096 53
3321 5 4096 61
3414 2 4096 43
3509 43 4096 43
3606 6 4096 46
3704 9 4096 60
3803 28 4096 49
3902 3 4096 49
4001 40 4096 52
4101 35 4096 38
4201 22 4096 54
4301 13 4096 38
4401 24 4096 41
4501 11 4096 48
4601 20 4096 50
4701 25 4096 48
4801 12 4096 51
4901 21 4096 41
5001 42 4096 53
5101 31 4096 46
5201 36 4096 47
5301 39 4096 48
5401 4 4096 48
5501 45 4096 55
5601 16 4096 46
5701 23 4096 41
5801 14 4096 42
5901 19 4096 44
6001 26 4096 42
6101 29 4096 42
6201 30 4096 54
6301 27 4096 60
6401 34 4096 41
6501 7 4096 43
6601 18 4096 40
6701 41 4096 48
6801 44 4096 40
6901 1 4096 41
7001 10 4096 51
7101 5 4096 42
7201 38 4096 45
7301 33 4096 60
7401 46 4096 39
7501 17 4096 50
7601 32 4096 31
7701 15 4096 50
7801 8 4096 45
7901 37 4096 50
8001 44 4096 57
8101 45 4096 41
8201 26 4096 46
8301 17 4096 52
8401 18 4096 38
8501 1 4096 50
8601 16 4096 48
8701 29 4096 60
8801 34 4096 53
8901 33 4096 44
9001 38 4096 38
9101 5 4096 44
9201 4 4096 38
9301 3 4096 42
9401 6 4096 52
9501 31 4096 60
9601 28 4096 44
9701 19 4096 47
9801 14 4096 53
9901 21 4096 42
10001 20 4096 54
10101 9 4096 43
10201 2 4096 35
10301 35 4096 50
10401 36 4096 43
10501 37 4096 48
10601 22 4096 55
10701 41 4096 47
10801 8 4096 53
10901 43 4096 43
11001 40 4096 62
11101 39 4096 50
11201 24 4096 49
11301 23 4096 66
11401 32 4096 61
11501 27 4096 38
