0 21 4096 129
100 34 4096 135
200 43 4096 141
300 32 4096 150
400 20 4096 141
500 4 4096 129
600 10 4096 126
700 44 4096 126
800 40 4096 120
900 37 4096 156
1000 30 4096 138
1100 45 4096 135
1200 22 4096 138
1300 16 4096 153
1400 1 4096 153
1500 27 4096 129
1600 12 4096 135
1699 17 4096 126
1797 2 4096 186
1894 18 4096 150
1989 31 4096 165
2081 39 4096 138
2169 13 4096 123
2251 19 4096 135
2327 23 4096 90
2394 36 4096 159
2452 3 4096 159
2501 25 4096 159
2540 14 4096 135
2571 38 4096 159
2594 29 4096 123
2612 6 4096 126
2628 41 4096 144
2644 7 4096 135
2662 15 4096 168
2685 46 4096 159
2715 42 4096 156
2752 33 4096 141
2798 11 4096 165
2852 24 4096 132
2915 9 4096 87
2985 26 4096 141
3062 8 4096 171
3144 35 4096 144
3231 28 4096 159
3321 5 4096 183
3414 12 4096 129
3509 32 4096 129
3606 43 4096 138
3704 27 4096 180
3803 13 4096 147
3902 45 4096 147
4001 1 4096 156
4101 37 4096 114
4201 10 4096 162
4301 7 4096 114
4401 40 4096 123
4501 25 4096 144
4601 3 4096 150
4701 46 4096 144
4801 31 4096 153
4901 33 4096 123
5001 41 4096 159
5101 36 4096 138
5201 11 4096 141
5301 5 4096 144
5401 15 4096 144
5501 18 4096 165
5601 8 4096 138
5701 19 4096 123
5801 21 4096 126
5901 39 4096 132
6001 22 4096 126
6101 34 4096 126
6201 2 4096 162
6301 26 4096 180
6401 28 4096 123
6501 38 4096 129
6601 42 4096 120
6701 35 4096 144
6801 30 4096 120
6901 16 4096 123
7001 20 4096 153
7101 4 4096 126
7201 29 4096 135
7301 44 4096 180
7401 23 4096 117
7501 17 4096 150
7601 14 4096 93
7701 6 4096 150
7801 9 4096 135
7901 24 4096 150
8001 31 4096 171
8101 33 4096 123
8201 2 4096 138
8301 7 4096 156
8401 9 4096 114
8501 4 4096 150
8601 15 4096 144
8701 18 4096 180
8801 40 4096 159
8901 6 4096 132
9001 30 4096 114
9101 5 4096 132
9201 20 4096 114
9301 38 4096 126
9401 10 4096 156
9501 17 4096 180
9601 1 4096 132
9701 27 4096 141
9801 43 4096 159
9901 35 4096 126
10001 11 4096 162
10101 44 4096 129
10201 12 4096 105
10301 26 4096 150
10401 3 4096 129
10501 25 4096 144
10601 29 4096 165
10701 16 4096 141
10801 21 4096 159
10901 36 4096 129
11001 42 4096 186
11101 37 4096 150
11201 22 4096 147
11301 46 4096 198
11401 28 4096 183
11501 32 4096 114
