0 4 4096 64
100 11 4096 67
200 15 4096 70
300 18 4096 75
400 29 4096 70
500 31 4096 64
600 40 4096 63
700 45 4096 63
800 3 4096 60
900 8 4096 78
1000 14 4096 69
1100 21 4096 67
1200 28 4096 69
1300 35 4096 76
1400 39 4096 76
1500 42 4096 64
1600 5 4096 67
1699 6 4096 63
1797 13 4096 93
1894 20 4096 75
1989 26 4096 82
2081 30 4096 69
2169 38 4096 61
2251 44 4096 67
2327 2 4096 45
2394 9 4096 79
2452 16 4096 79
2501 23 4096 79
2540 25 4096 67
2571 32 4096 79
2594 41 4096 61
2612 43 4096 63
2628 1 4096 72
2644 7 4096 67
2662 17 4096 84
2685 19 4096 79
2715 27 4096 78
2752 33 4096 70
2798 37 4096 82
2852 47 4096 66
2915 3 4096 43
2985 6 4096 70
3062 15 4096 85
3144 21 4096 72
3231 29 4096 79
3321 32 4096 91
3414 37 4096 64
3509 45 4096 64
3606 5 4096 69
3704 7 4096 90
3803 16 4096 73
3902 20 4096 73
4001 26 4096 78
4101 33 4096 57
4201 40 4096 81
4301 44 4096 57
4401 4 4096 61
4501 9 4096 72
4601 13 4096 75
4701 18 4096 72
4801 28 4096 76
4901 35 4096 61
5001 39 4096 79
5101 47 4096 69
5201 2 4096 70
5301 11 4096 72
5401 14 4096 72
5501 23 4096 82
5601 25 4096 69
5701 30 4096 61
5801 41 4096 63
5901 43 4096 66
6001 1 4096 63
6101 8 4096 63
6201 17 4096 81
6301 19 4096 90
6401 27 4096 61
6501 31 4096 64
6601 38 4096 60
6701 42 4096 72
6801 2 4096 60
6901 6 4096 61
7001 14 4096 76
7101 20 4096 63
7201 27 4096 67
7301 31 4096 90
7401 39 4096 58
7501 44 4096 75
7601 4 4096 46
7701 11 4096 75
7801 16 4096 67
7901 18 4096 75
8001 25 4096 85
8101 33 4096 61
8201 41 4096 69
8301 43 4096 78
8401 3 4096 57
8501 9 4096 75
8601 17 4096 72
8701 23 4096 90
8801 28 4096 79
8901 32 4096 66
9001 38 4096 57
9101 45 4096 66
9201 5 4096 57
9301 7 4096 63
9401 13 4096 78
9501 19 4096 90
9601 29 4096 66
9701 30 4096 70
9801 40 4096 79
9901 47 4096 63
10001 1 4096 81
10101 8 4096 64
10201 15 4096 52
10301 21 4096 75
10401 26 4096 64
10501 35 4096 72
10601 37 4096 82
10701 42 4096 70
10801 4 4096 79
10901 8 4096 64
11001 17 4096 93
11101 23 4096 75
11201 28 4096 73
11301 35 4096 99
11401 38 4096 91
11501 47 4096 57
