0 20 4096 43
100 38 4096 45
200 14 4096 47
300 34 4096 50
400 3 4096 47
500 37 4096 43
600 15 4096 42
700 45 4096 42
800 23 4096 40
900 27 4096 52
1000 29 4096 46
1100 35 4096 45
1200 21 4096 46
1300 26 4096 51
1400 40 4096 51
1500 33 4096 43
1600 10 4096 45
1699 39 4096 42
1797 30 4096 62
1894 46 4096 50
1989 11 4096 55
2081 5 4096 46
2169 41 4096 41
2251 47 4096 45
2327 2 4096 30
2394 7 4096 53
2452 43 4096 53
2501 44 4096 53
2540 9 4096 45
2571 6 4096 53
2594 31 4096 41
2612 32 4096 42
2628 8 4096 48
2644 36 4096 45
2662 42 4096 56
2685 19 4096 53
2715 1 4096 52
2752 25 4096 47
2798 28 4096 55
2852 18 4096 44
2915 22 4096 29
2985 24 4096 47
3062 13 4096 57
3144 17 4096 48
3231 20 4096 53
3321 24 4096 61
3414 30 4096 43
3509 35 4096 43
3606 3 4096 46
3704 5 4096 60
3803 14 4096 49
3902 19 4096 49
4001 22 4096 52
4101 38 4096 38
4201 28 4096 54
4301 17 4096 38
4401 21 4096 41
4501 6 4096 48
4601 41 4096 50
4701 44 4096 48
4801 8 4096 51
4901 7 4096 41
5001 15 4096 53
5101 47 4096 46
5201 2 4096 47
5301 37 4096 48
5401 13 4096 48
5501 34 4096 55
5601 23 4096 46
5701 27 4096 41
5801 42 4096 42
5901 33 4096 44
6001 9 4096 42
6101 39 4096 42
6201 31 4096 54
6301 32 4096 60
6401 1 4096 41
6501 26 4096 43
6601 29 4096 40
6701 18 4096 48
6801 10 4096 40
6901 25 4096 41
7001 40 4096 51
7101 46 4096 42
7201 11 4096 45
7301 36 4096 60
7401 43 4096 39
7501 45 4096 50
7601 3 4096 31
7701 6 4096 50
7801 43 4096 45
7901 44 4096 50
8001 20 4096 57
8101 39 4096 41
8201 15 4096 46
8301 18 4096 52
8401 9 4096 38
8501 5 4096 50
8601 28 4096 48
8701 46 4096 60
8801 8 4096 53
8901 27 4096 44
9001 41 4096 38
9101 33 4096 44
9201 21 4096 38
9301 38 4096 42
9401 31 4096 52
9501 34 4096 60
9601 23 4096 44
9701 26 4096 47
9801 13 4096 53
9901 17 4096 42
10001 11 4096 54
10101 7 4096 43
10201 14 4096 35
10301 45 4096 50
10401 10 4096 43
10501 37 4096 48
10601 30 4096 55
10701 47 4096 47
10801 22 4096 53
10901 25 4096 43
11001 42 4096 62
11101 32 4096 50
11201 1 4096 49
11301 36 4096 66
11401 40 4096 61
11501 35 4096 38
