0 17 4096 64
100 39 4096 67
200 8 4096 70
300 3 4096 75
400 35 4096 70
500 36 4096 64
600 1 4096 63
700 41 4096 63
800 2 4096 60
900 45 4096 78
1000 4 4096 69
1100 6 4096 67
1200 44 4096 69
1300 7 4096 76
1400 11 4096 76
1500 12 4096 64
1600 15 4096 67
1699 46 4096 63
1797 20 4096 93
1894 24 4096 75
1989 27 4096 82
2081 23 4096 69
2169 37 4096 61
2251 38 4096 67
2327 40 4096 45
2394 9 4096 79
2452 5 4096 79
2501 42 4096 79
2540 10 4096 67
2571 13 4096 79
2594 14 4096 61
2612 18 4096 63
2628 21 4096 72
2644 25 4096 67
2662 26 4096 84
2685 28 4096 79
2715 29 4096 78
2752 30 4096 70
2798 33 4096 82
2852 43 4096 66
2915 16 4096 43
2985 19 4096 70
3062 22 4096 85
3144 31 4096 72
3231 32 4096 79
3321 34 4096 91
3414 34 4096 64
3509 3 4096 64
3606 8 4096 69
3704 39 4096 90
3803 41 4096 73
3902 1 4096 73
4001 44 4096 78
4101 6 4096 57
4201 2 4096 81
4301 36 4096 57
4401 5 4096 61
4501 45 4096 72
4601 7 4096 75
4701 11 4096 72
4801 12 4096 76
4901 15 4096 61
5001 20 4096 79
5101 40 4096 69
5201 23 4096 70
5301 24 4096 72
5401 27 4096 72
5501 35 4096 82
5601 37 4096 69
5701 38 4096 61
5801 9 4096 63
5901 46 4096 66
6001 4 4096 63
6101 10 4096 63
6201 13 4096 81
6301 14 4096 90
6401 42 4096 61
6501 17 4096 64
6601 18 4096 60
6701 21 4096 72
6801 26 4096 60
6901 28 4096 61
7001 29 4096 76
7101 30 4096 63
7201 33 4096 67
7301 43 4096 90
7401 16 4096 58
7501 19 4096 75
7601 22 4096 46
7701 25 4096 75
7801 31 4096 67
7901 32 4096 75
8001 4 4096 85
8101 39 4096 61
8201 8 4096 69
8301 27 4096 78
8401 2 4096 57
8501 35 4096 75
8601 36 4096 72
8701 1 4096 90
8801 41 4096 79
8901 3 4096 66
9001 44 4096 57
9101 5 4096 66
9201 45 4096 57
9301 6 4096 63
9401 7 4096 78
9501 11 4096 90
9601 12 4096 66
9701 46 4096 70
9801 15 4096 79
9901 20 4096 63
10001 23 4096 81
10101 24 4096 64
10201 37 4096 52
10301 38 4096 75
10401 40 4096 64
10501 9 4096 72
10601 10 4096 82
10701 42 4096 70
10801 13 4096 79
10901 14 4096 64
11001 16 4096 93
11101 17 4096 75
11201 18 4096 73
11301 21 4096 99
11401 26 4096 91
11501 28 4096 57
