0 30 4096 129
100 42 4096 135
200 29 4096 141
300 17 4096 150
400 34 4096 141
500 40 4096 129
600 33 4096 126
700 45 4096 126
800 26 4096 120
900 15 4096 156
1000 2 4096 138
1100 16 4096 135
1200 8 4096 138
1300 21 4096 153
1400 28 4096 153
1500 39 4096 129
1600 24 4096 135
1699 23 4096 126
1797 7 4096 186
1894 18 4096 150
1989 3 4096 165
2081 36 4096 138
2169 32 4096 123
2251 19 4096 135
2327 9 4096 90
2394 41 4096 159
2452 10 4096 159
2501 38 4096 159
2540 31 4096 135
2571 37 4096 159
2594 27 4096 123
2612 20 4096 126
2628 35 4096 144
2644 22 4096 135
2662 1 4096 168
2685 44 4096 159
2715 5 4096 156
2752 12 4096 141
2798 25 4096 165
2852 46 4096 132
2915 11 4096 87
2985 13 4096 141
3062 4 4096 171
3144 43 4096 144
3231 6 4096 159
3321 14 4096 183
3414 24 4096 129
3509 44 4096 129
3606 26 4096 138
3704 13 4096 180
3803 8 4096 147
3902 12 4096 147
4001 2 4096 156
4101 16 4096 114
4201 10 4096 162
4301 42 4096 114
4401 35 4096 123
4501 20 4096 144
4601 1 4096 150
4701 40 4096 144
4801 34 4096 153
4901 14 4096 123
5001 5 4096 159
5101 18 4096 138
5201 27 4096 141
5301 22 4096 144
5401 28 4096 144
5501 39 4096 165
5601 33 4096 138
5701 15 4096 123
5801 4 4096 126
5901 38 4096 132
6001 29 4096 126
6101 21 4096 126
6201 7 4096 162
6301 41 4096 180
6401 32 4096 123
6501 19 4096 129
6601 9 4096 120
6701 17 4096 144
6801 30 4096 120
6901 37 4096 123
7001 25 4096 153
7101 23 4096 126
7201 11 4096 135
7301 43 4096 180
7401 3 4096 117
7501 46 4096 150
7601 31 4096 93
7701 36 4096 150
7801 6 4096 135
7901 45 4096 150
8001 11 4096 171
8101 44 4096 123
8201 8 4096 138
8301 15 4096 156
8401 5 4096 114
8501 19 4096 150
8601 34 4096 144
8701 37 4096 180
8801 35 4096 159
8901 17 4096 132
9001 9 4096 114
9101 13 4096 132
9201 10 4096 114
9301 23 4096 126
9401 32 4096 156
9501 18 4096 180
9601 29 4096 132
9701 46 4096 141
9801 2 4096 159
9901 43 4096 126
10001 3 4096 162
10101 39 4096 129
10201 24 4096 105
10301 36 4096 150
10401 25 4096 129
10501 21 4096 144
10601 31 4096 165
10701 16 4096 141
10801 27 4096 159
10901 14 4096 129
11001 4 4096 186
11101 40 4096 150
11201 30 4096 147
11301 45 4096 198
11401 33 4096 183
11501 20 4096 114
