0 8 4096 43
100 9 4096 45
200 22 4096 47
300 15 4096 50
400 32 4096 47
500 27 4096 43
600 42 4096 42
700 39 4096 42
800 2 4096 40
900 5 4096 52
1000 16 4096 46
1100 17 4096 45
1200 28 4096 46
1300 33 4096 51
1400 46 4096 51
1500 43 4096 43
1600 4 4096 45
1699 11 4096 42
1797 18 4096 62
1894 21 4096 50
1989 30 4096 55
2081 35 4096 46
2169 40 4096 41
2251 41 4096 45
2327 6 4096 30
2394 3 4096 53
2452 20 4096 53
2501 23 4096 53
2540 26 4096 45
2571 31 4096 53
2594 44 4096 41
2612 45 4096 42
2628 10 4096 48
2644 7 4096 45
2662 14 4096 56
2685 19 4096 53
2715 34 4096 52
2752 29 4096 47
2798 38 4096 55
2852 47 4096 44
2915 4 4096 29
2985 11 4096 47
3062 22 4096 57
3144 15 4096 48
3231 28 4096 53
3321 27 4096 61
3414 40 4096 43
3509 47 4096 43
3606 10 4096 46
3704 5 4096 60
3803 14 4096 49
3902 23 4096 49
4001 26 4096 52
4101 29 4096 38
4201 46 4096 54
4301 41 4096 38
4401 8 4096 41
4501 9 4096 48
4601 16 4096 50
4701 17 4096 48
4801 34 4096 51
4901 35 4096 41
5001 42 4096 53
5101 43 4096 46
5201 6 4096 47
5301 3 4096 48
5401 20 4096 48
5501 21 4096 55
5601 32 4096 46
5701 33 4096 41
5801 44 4096 42
5901 45 4096 44
6001 2 4096 42
6101 7 4096 42
6201 18 4096 54
6301 19 4096 60
6401 30 4096 41
6501 31 4096 43
6601 38 4096 40
6701 39 4096 48
6801 10 4096 40
6901 9 4096 41
7001 18 4096 51
7101 15 4096 42
7201 26 4096 45
7301 29 4096 60
7401 44 4096 39
7501 47 4096 50
7601 4 4096 31
7701 5 4096 50
7801 22 4096 45
7901 23 4096 50
8001 30 4096 57
8101 27 4096 41
8201 40 4096 46
8301 39 4096 52
8401 8 4096 38
8501 7 4096 50
8601 16 4096 48
8701 19 4096 60
8801 34 4096 53
8901 31 4096 44
9001 38 4096 38
9101 41 4096 44
9201 6 4096 38
9301 11 4096 42
9401 14 4096 52
9501 21 4096 60
9601 32 4096 44
9701 35 4096 47
9801 46 4096 53
9901 43 4096 42
10001 2 4096 54
10101 3 4096 43
10201 20 4096 35
10301 17 4096 50
10401 28 4096 43
10501 33 4096 48
10601 42 4096 55
10701 45 4096 47
10801 8 4096 53
10901 7 4096 43
11001 22 4096 62
11101 19 4096 50
11201 28 4096 49
11301 33 4096 66
11401 40 4096 61
11501 47 4096 38
