0 25 4096 64
100 26 4096 67
200 41 4096 70
300 31 4096 75
400 21 4096 70
500 46 4096 64
600 12 4096 63
700 15 4096 63
800 28 4096 60
900 43 4096 78
1000 9 4096 69
1100 47 4096 67
1200 1 4096 69
1300 39 4096 76
1400 29 4096 76
1500 30 4096 64
1600 44 4096 67
1699 22 4096 63
1797 36 4096 93
1894 27 4096 75
1989 17 4096 82
2081 7 4096 69
2169 33 4096 61
2251 34 4096 67
2327 13 4096 45
2394 14 4096 79
2452 40 4096 79
2501 18 4096 79
2540 20 4096 67
2571 11 4096 79
2594 24 4096 61
2612 38 4096 63
2628 16 4096 72
2644 19 4096 67
2662 32 4096 84
2685 35 4096 79
2715 37 4096 78
2752 3 4096 70
2798 5 4096 82
2852 42 4096 66
2915 45 4096 43
2985 23 4096 70
3062 36 4096 85
3144 26 4096 72
3231 28 4096 79
3321 19 4096 91
3414 20 4096 64
3509 34 4096 64
3606 12 4096 69
3704 3 4096 90
3803 16 4096 73
3902 43 4096 73
4001 21 4096 78
4101 46 4096 57
4201 13 4096 81
4301 14 4096 57
4401 29 4096 61
4501 18 4096 72
4601 32 4096 75
4701 22 4096 72
4801 37 4096 76
4901 27 4096 61
5001 41 4096 79
5101 31 4096 69
5201 9 4096 70
5301 47 4096 72
5401 1 4096 72
5501 38 4096 82
5601 40 4096 69
5701 42 4096 61
5801 44 4096 63
5901 23 4096 66
6001 24 4096 63
6101 15 4096 63
6201 17 4096 81
6301 7 4096 90
6401 33 4096 61
6501 35 4096 64
6601 25 4096 60
6701 39 4096 72
6801 5 4096 60
6901 30 4096 61
7001 45 4096 76
7101 11 4096 63
7201 13 4096 67
7301 27 4096 90
7401 41 4096 58
7501 18 4096 75
7601 44 4096 46
7701 35 4096 75
7801 12 4096 67
7901 38 4096 75
8001 17 4096 85
8101 43 4096 61
8201 45 4096 69
8301 47 4096 78
8401 1 4096 57
8501 39 4096 75
8601 28 4096 72
8701 30 4096 90
8801 20 4096 79
8901 11 4096 66
9001 36 4096 57
9101 3 4096 66
9201 40 4096 57
9301 19 4096 63
9401 32 4096 78
9501 23 4096 90
9601 25 4096 66
9701 26 4096 70
9801 29 4096 79
9901 31 4096 63
10001 9 4096 81
10101 46 4096 64
10201 37 4096 52
10301 14 4096 75
10401 5 4096 64
10501 7 4096 72
10601 33 4096 82
10701 34 4096 70
10801 24 4096 79
10901 15 4096 64
11001 16 4096 93
11101 42 4096 75
11201 21 4096 73
11301 22 4096 99
11401 37 4096 91
11501 14 4096 57
