0 4 4096 21
100 11 4096 22
200 15 4096 23
300 18 4096 25
400 29 4096 23
500 31 4096 21
600 40 4096 21
700 45 4096 21
800 3 4096 20
900 8 4096 26
1000 14 4096 23
1100 21 4096 22
1200 28 4096 23
1300 35 4096 25
1400 39 4096 25
1500 42 4096 21
1600 5 4096 22
1699 6 4096 21
1797 13 4096 31
1894 20 4096 25
1989 26 4096 27
2081 30 4096 23
2169 38 4096 20
2251 44 4096 22
2327 2 4096 15
2394 9 4096 26
2452 16 4096 26
2501 23 4096 26
2540 25 4096 22
2571 32 4096 26
2594 41 4096 20
2612 43 4096 21
2628 1 4096 24
2644 7 4096 22
2662 17 4096 28
2685 19 4096 26
2715 27 4096 26
2752 33 4096 23
2798 37 4096 27
2852 47 4096 22
2915 3 4096 14
2985 6 4096 23
3062 15 4096 28
3144 21 4096 24
3231 29 4096 26
3321 32 4096 30
3414 37 4096 21
3509 45 4096 21
3606 5 4096 23
3704 7 4096 30
3803 16 4096 24
3902 20 4096 24
4001 26 4096 26
4101 33 4096 19
4201 40 4096 27
4301 44 4096 19
4401 4 4096 20
4501 9 4096 24
4601 13 4096 25
4701 18 4096 24
4801 28 4096 25
4901 35 4096 20
5001 39 4096 26
5101 47 4096 23
5201 2 4096 23
5301 11 4096 24
5401 14 4096 24
5501 23 4096 27
5601 25 4096 23
5701 30 4096 20
5801 41 4096 21
5901 43 4096 22
6001 1 4096 21
6101 8 4096 21
6201 17 4096 27
6301 19 4096 30
6401 27 4096 20
6501 31 4096 21
6601 38 4096 20
6701 42 4096 24
6801 2 4096 20
6901 6 4096 20
7001 14 4096 25
7101 20 4096 21
7201 27 4096 22
7301 31 4096 30
7401 39 4096 19
7501 44 4096 25
7601 4 4096 15
7701 11 4096 25
7801 16 4096 22
7901 18 4096 25
8001 25 4096 28
8101 33 4096 20
8201 41 4096 23
8301 43 4096 26
8401 3 4096 19
8501 9 4096 25
8601 17 4096 24
8701 23 4096 30
8801 28 4096 26
8901 32 4096 22
9001 38 4096 19
9101 45 4096 22
9201 5 4096 19
9301 7 4096 21
9401 13 4096 26
9501 19 4096 30
9601 29 4096 22
9701 30 4096 23
9801 40 4096 26
9901 47 4096 21
10001 1 4096 27
10101 8 4096 21
10201 15 4096 17
10301 21 4096 25
10401 26 4096 21
10501 35 4096 24
10601 37 4096 27
10701 42 4096 23
10801 4 4096 26
10901 8 4096 21
11001 17 4096 31
11101 23 4096 25
11201 28 4096 24
11301 35 4096 33
11401 38 4096 30
11501 47 4096 19
