0 14 4096 172
100 3 4096 180
200 16 4096 188
300 9 4096 200
400 22 4096 188
500 7 4096 172
600 44 4096 168
700 11 4096 168
800 26 4096 160
900 13 4096 208
1000 4 4096 184
1100 21 4096 180
1200 36 4096 184
1300 25 4096 204
1400 42 4096 204
1500 27 4096 172
1600 12 4096 180
1699 19 4096 168
1797 32 4096 248
1894 17 4096 200
1989 24 4096 220
2081 37 4096 184
2169 6 4096 164
2251 41 4096 180
2327 10 4096 120
2394 35 4096 212
2452 18 4096 212
2501 29 4096 212
2540 2 4096 180
2571 1 4096 212
2594 40 4096 164
2612 23 4096 168
2628 30 4096 192
2644 39 4096 180
2662 20 4096 224
2685 43 4096 212
2715 34 4096 208
2752 33 4096 188
2798 46 4096 220
2852 45 4096 176
2915 38 4096 116
2985 15 4096 188
3062 28 4096 228
3144 31 4096 192
3231 8 4096 212
3321 5 4096 244
3414 2 4096 172
3509 43 4096 172
3606 6 4096 184
3704 9 4096 240
3803 28 4096 196
3902 3 4096 196
4001 40 4096 208
4101 35 4096 152
4201 22 4096 216
4301 13 4096 152
4401 24 4096 164
4501 11 4096 192
4601 20 4096 200
4701 25 4096 192
4801 12 4096 204
4901 21 4096 164
5001 42 4096 212
5101 31 4096 184
5201 36 4096 188
5301 39 4096 192
5401 4 4096 192
5501 45 4096 220
5601 16 4096 184
5701 23 4096 164
5801 14 4096 168
5901 19 4096 176
6001 26 4096 168
6101 29 4096 168
6201 30 4096 216
6301 27 4096 240
6401 34 4096 164
6501 7 4096 172
6601 18 4096 160
6701 41 4096 192
6801 44 4096 160
6901 1 4096 164
7001 10 4096 204
7101 5 4096 168
7201 38 4096 180
7301 33 4096 240
7401 46 4096 156
7501 17 4096 200
7601 32 4096 124
7701 15 4096 200
7801 8 4096 180
7901 37 4096 200
8001 44 4096 228
8101 45 4096 164
8201 26 4096 184
8301 17 4096 208
8401 18 4096 152
8501 1 4096 200
8601 16 4096 192
8701 29 4096 240
8801 34 4096 212
8901 33 4096 176
9001 38 4096 152
9101 5 4096 176
9201 4 4096 152
9301 3 4096 168
9401 6 4096 208
9501 31 4096 240
9601 28 4096 176
9701 19 4096 188
9801 14 4096 212
9901 21 4096 168
10001 20 4096 216
10101 9 4096 172
10201 2 4096 140
10301 35 4096 200
10401 36 4096 172
10501 37 4096 192
10601 22 4096 220
10701 41 4096 188
10801 8 4096 212
10901 43 4096 172
11001 40 4096 248
11101 39 4096 200
11201 24 4096 196
11301 23 4096 264
11401 32 4096 244
11501 27 4096 152
