0 1 4096 43
100 11 4096 45
200 45 4096 47
300 15 4096 50
400 5 4096 47
500 34 4096 43
600 44 4096 42
700 47 4096 42
800 29 4096 40
900 27 4096 52
1000 37 4096 46
1100 19 4096 45
1200 9 4096 46
1300 30 4096 51
1400 40 4096 51
1500 43 4096 43
1600 33 4096 45
1699 26 4096 42
1797 13 4096 62
1894 42 4096 50
1989 4 4096 55
2081 7 4096 46
2169 21 4096 41
2251 46 4096 45
2327 24 4096 30
2394 6 4096 53
2452 20 4096 53
2501 18 4096 53
2540 8 4096 45
2571 35 4096 53
2594 41 4096 41
2612 38 4096 42
2628 28 4096 48
2644 3 4096 45
2662 16 4096 56
2685 22 4096 53
2715 25 4096 52
2752 31 4096 47
2798 36 4096 55
2852 23 4096 44
2915 32 4096 29
2985 10 4096 47
3062 17 4096 57
3144 39 4096 48
3231 32 4096 53
3321 10 4096 61
3414 13 4096 43
3509 47 4096 43
3606 5 4096 46
3704 34 4096 60
3803 36 4096 49
3902 42 4096 49
4001 8 4096 52
4101 3 4096 38
4201 45 4096 54
4301 22 4096 38
4401 29 4096 41
4501 6 4096 48
4601 41 4096 50
4701 39 4096 48
4801 24 4096 51
4901 27 4096 41
5001 16 4096 53
5101 23 4096 46
5201 1 4096 47
5301 35 4096 48
5401 40 4096 48
5501 15 4096 55
5601 25 4096 46
5701 11 4096 41
5801 37 4096 42
5901 46 4096 44
6001 33 4096 42
6101 26 4096 42
6201 17 4096 54
6301 38 4096 60
6401 9 4096 41
6501 30 4096 43
6601 44 4096 40
6701 18 4096 48
6801 28 4096 40
6901 7 4096 41
7001 20 4096 51
7101 43 4096 42
7201 4 4096 45
7301 31 4096 60
7401 21 4096 39
7501 19 4096 50
7601 1 4096 31
7701 35 4096 50
7801 41 4096 45
7901 42 4096 50
8001 32 4096 57
8101 30 4096 41
8201 13 4096 46
8301 22 4096 52
8401 8 4096 38
8501 31 4096 50
8601 16 4096 48
8701 23 4096 60
8801 33 4096 53
8901 10 4096 44
9001 44 4096 38
9101 15 4096 44
9201 28 4096 38
9301 34 4096 42
9401 36 4096 52
9501 39 4096 60
9601 4 4096 44
9701 3 4096 47
9801 20 4096 53
9901 38 4096 42
10001 25 4096 54
10101 6 4096 43
10201 17 4096 35
10301 19 4096 50
10401 29 4096 43
10501 27 4096 48
10601 45 4096 55
10701 43 4096 47
10801 24 4096 53
10901 7 4096 43
11001 40 4096 62
11101 46 4096 50
11201 9 4096 49
11301 11 4096 66
11401 21 4096 61
11501 18 4096 38
