0 10 4096 32
100 13 4096 33
200 27 4096 35
300 47 4096 37
400 4 4096 35
500 19 4096 32
600 25 4096 31
700 46 4096 31
800 3 4096 30
900 21 4096 39
1000 28 4096 34
1100 40 4096 33
1200 5 4096 34
1300 16 4096 38
1400 26 4096 38
1500 45 4096 32
1600 7 4096 33
1699 17 4096 31
1797 34 4096 46
1894 39 4096 37
1989 2 4096 41
2081 22 4096 34
2169 32 4096 30
2251 44 4096 33
2327 1 4096 22
2394 20 4096 39
2452 33 4096 39
2501 42 4096 39
2540 9 4096 33
2571 14 4096 39
2594 31 4096 30
2612 41 4096 31
2628 8 4096 36
2644 18 4096 33
2662 30 4096 42
2685 43 4096 39
2715 11 4096 39
2752 15 4096 35
2798 29 4096 41
2852 37 4096 33
2915 6 4096 21
2985 23 4096 35
3062 35 4096 42
3144 38 4096 36
3231 10 4096 39
3321 14 4096 45
3414 26 4096 32
3509 41 4096 32
3606 3 4096 34
3704 13 4096 45
3803 33 4096 36
3902 38 4096 36
4001 9 4096 39
4101 15 4096 28
4201 34 4096 40
4301 45 4096 28
4401 2 4096 30
4501 20 4096 36
4601 29 4096 37
4701 39 4096 36
4801 4 4096 38
4901 18 4096 30
5001 31 4096 39
5101 40 4096 34
5201 6 4096 35
5301 22 4096 36
5401 27 4096 36
5501 46 4096 41
5601 1 4096 34
5701 19 4096 30
5801 35 4096 31
5901 42 4096 33
6001 7 4096 31
6101 16 4096 31
6201 28 4096 40
6301 43 4096 45
6401 8 4096 30
6501 23 4096 32
6601 30 4096 30
6701 47 4096 36
6801 5 4096 30
6901 17 4096 30
7001 25 4096 38
7101 37 4096 31
7201 11 4096 33
7301 21 4096 45
7401 32 4096 29
7501 44 4096 37
7601 11 4096 23
7701 15 4096 37
7801 33 4096 33
7901 45 4096 37
8001 7 4096 42
8101 13 4096 30
8201 30 4096 34
8301 43 4096 39
8401 5 4096 28
8501 21 4096 37
8601 25 4096 36
8701 38 4096 45
8801 4 4096 39
8901 16 4096 33
9001 29 4096 28
9101 47 4096 33
9201 6 4096 28
9301 18 4096 31
9401 32 4096 39
9501 39 4096 45
9601 1 4096 33
9701 17 4096 35
9801 31 4096 39
9901 40 4096 31
10001 3 4096 40
10101 23 4096 32
10201 28 4096 26
10301 46 4096 37
10401 2 4096 32
10501 19 4096 36
10601 26 4096 41
10701 42 4096 35
10801 10 4096 39
10901 20 4096 32
11001 27 4096 46
11101 44 4096 37
11201 8 4096 36
11301 14 4096 49
11401 35 4096 45
11501 41 4096 28
