0 9 4096 64
99 21 4096 67
176 33 4096 70
266 44 4096 75
321 11 4096 70
403 15 4096 64
503 30 4096 63
566 42 4096 63
646 1 4096 60
706 17 4096 78
778 28 4096 69
828 40 4096 67
925 6 4096 69
1021 22 4096 76
1095 34 4096 76
1181 39 4096 64
1232 5 4096 67
1312 16 4096 63
1406 32 4096 93
1487 41 4096 75
1552 3 4096 82
1649 18 4096 69
1708 35 4096 61
1782 46 4096 67
1870 4 4096 45
1941 13 4096 79
2029 25 4096 79
2120 45 4096 79
2188 7 4096 67
2249 23 4096 79
2310 27 4096 61
2372 47 4096 63
2453 8 4096 72
2503 20 4096 67
2563 29 4096 84
2619 37 4096 79
2674 10 4096 78
2768 19 4096 70
2830 31 4096 82
2885 43 4096 66
2964 9 4096 43
3035 16 4096 70
3126 28 4096 85
3216 37 4096 72
3293 3 4096 79
3344 18 4096 91
3442 30 4096 64
3496 42 4096 64
3595 5 4096 69
3656 21 4096 90
3746 29 4096 73
3802 41 4096 73
3852 7 4096 78
3945 23 4096 57
4024 31 4096 81
4086 39 4096 57
4160 4 4096 61
4249 20 4096 72
4310 33 4096 75
4410 45 4096 72
4510 11 4096 76
4571 19 4096 61
4637 27 4096 79
4713 46 4096 69
4805 8 4096 70
4901 13 4096 72
4960 32 4096 72
5034 44 4096 82
5133 6 4096 69
5203 22 4096 61
5274 34 4096 63
5360 43 4096 66
5454 1 4096 63
5511 17 4096 63
5586 25 4096 81
5671 40 4096 90
5732 10 4096 61
5808 15 4096 64
5888 35 4096 60
5950 47 4096 72
6042 1 4096 60
6125 16 4096 61
6176 28 4096 76
6250 40 4096 63
6303 3 4096 67
6371 23 4096 90
6448 31 4096 58
6532 42 4096 75
6591 5 4096 46
6671 17 4096 75
6745 29 4096 67
6840 44 4096 75
6916 7 4096 85
6979 18 4096 61
7030 30 4096 69
7093 47 4096 78
7149 4 4096 57
7231 13 4096 75
7291 25 4096 72
7379 45 4096 90
7459 10 4096 79
7546 19 4096 66
7611 34 4096 57
7696 46 4096 66
7779 8 4096 57
7852 21 4096 63
7903 33 4096 78
7969 41 4096 90
8069 11 4096 66
8123 15 4096 70
8208 35 4096 79
8274 39 4096 63
8364 9 4096 81
8444 20 4096 64
8543 32 4096 52
8594 37 4096 75
8666 6 4096 64
8731 22 4096 72
8794 27 4096 82
8869 43 4096 70
8926 4 4096 79
9019 20 4096 64
9115 32 4096 93
9203 41 4096 75
9270 11 4096 73
9370 23 4096 99
9428 35 4096 91
9522 46 4096 57
