0 20 4096 64
99 38 4096 67
176 14 4096 70
266 34 4096 75
321 3 4096 70
403 37 4096 64
503 15 4096 63
566 45 4096 63
646 23 4096 60
706 27 4096 78
778 29 4096 69
828 35 4096 67
925 21 4096 69
1021 26 4096 76
1095 40 4096 76
1181 33 4096 64
1232 10 4096 67
1312 39 4096 63
1406 30 4096 93
1487 46 4096 75
1552 11 4096 82
1649 5 4096 69
1708 41 4096 61
1782 47 4096 67
1870 2 4096 45
1941 7 4096 79
2029 43 4096 79
2120 44 4096 79
2188 9 4096 67
2249 6 4096 79
2310 31 4096 61
2372 32 4096 63
2453 8 4096 72
2503 36 4096 67
2563 42 4096 84
2619 19 4096 79
2674 1 4096 78
2768 25 4096 70
2830 28 4096 82
2885 18 4096 66
2964 22 4096 43
3035 24 4096 70
3126 13 4096 85
3216 17 4096 72
3293 20 4096 79
3344 24 4096 91
3442 30 4096 64
3496 35 4096 64
3595 3 4096 69
3656 5 4096 90
3746 14 4096 73
3802 19 4096 73
3852 22 4096 78
3945 38 4096 57
4024 28 4096 81
4086 17 4096 57
4160 21 4096 61
4249 6 4096 72
4310 41 4096 75
4410 44 4096 72
4510 8 4096 76
4571 7 4096 61
4637 15 4096 79
4713 47 4096 69
4805 2 4096 70
4901 37 4096 72
4960 13 4096 72
5034 34 4096 82
5133 23 4096 69
5203 27 4096 61
5274 42 4096 63
5360 33 4096 66
5454 9 4096 63
5511 39 4096 63
5586 31 4096 81
5671 32 4096 90
5732 1 4096 61
5808 26 4096 64
5888 29 4096 60
5950 18 4096 72
6042 10 4096 60
6125 25 4096 61
6176 40 4096 76
6250 46 4096 63
6303 11 4096 67
6371 36 4096 90
6448 43 4096 58
6532 45 4096 75
6591 3 4096 46
6671 6 4096 75
6745 43 4096 67
6840 44 4096 75
6916 20 4096 85
6979 39 4096 61
7030 15 4096 69
7093 18 4096 78
7149 9 4096 57
7231 5 4096 75
7291 28 4096 72
7379 46 4096 90
7459 8 4096 79
7546 27 4096 66
7611 41 4096 57
7696 33 4096 66
7779 21 4096 57
7852 38 4096 63
7903 31 4096 78
7969 34 4096 90
8069 23 4096 66
8123 26 4096 70
8208 13 4096 79
8274 17 4096 63
8364 11 4096 81
8444 7 4096 64
8543 14 4096 52
8594 45 4096 75
8666 10 4096 64
8731 37 4096 72
8794 30 4096 82
8869 47 4096 70
8926 22 4096 79
9019 25 4096 64
9115 42 4096 93
9203 32 4096 75
9270 1 4096 73
9370 36 4096 99
9428 40 4096 91
9522 35 4096 57
