0 21 4096 86
100 34 4096 90
200 43 4096 94
300 32 4096 100
400 20 4096 94
500 4 4096 86
600 10 4096 84
700 44 4096 84
800 40 4096 80
900 37 4096 104
1000 30 4096 92
1100 45 4096 90
1200 22 4096 92
1300 16 4096 102
1400 1 4096 102
1500 27 4096 86
1600 12 4096 90
1699 17 4096 84
1797 2 4096 124
1894 18 4096 100
1989 31 4096 110
2081 39 4096 92
2169 13 4096 82
2251 19 4096 90
2327 23 4096 60
2394 36 4096 106
2452 3 4096 106
2501 25 4096 106
2540 14 4096 90
2571 38 4096 106
2594 29 4096 82
2612 6 4096 84
2628 41 4096 96
2644 7 4096 90
2662 15 4096 112
2685 46 4096 106
2715 42 4096 104
2752 33 4096 94
2798 11 4096 110
2852 24 4096 88
2915 9 4096 58
2985 26 4096 94
3062 8 4096 114
3144 35 4096 96
3231 28 4096 106
3321 5 4096 122
3414 12 4096 86
3509 32 4096 86
3606 43 4096 92
3704 27 4096 120
3803 13 4096 98
3902 45 4096 98
4001 1 4096 104
4101 37 4096 76
4201 10 4096 108
4301 7 4096 76
4401 40 4096 82
4501 25 4096 96
4601 3 4096 100
4701 46 4096 96
4801 31 4096 102
4901 33 4096 82
5001 41 4096 106
5101 36 4096 92
5201 11 4096 94
5301 5 4096 96
5401 15 4096 96
5501 18 4096 110
5601 8 4096 92
5701 19 4096 82
5801 21 4096 84
5901 39 4096 88
6001 22 4096 84
6101 34 4096 84
6201 2 4096 108
6301 26 4096 120
6401 28 4096 82
6501 38 4096 86
6601 42 4096 80
6701 35 4096 96
6801 30 4096 80
6901 16 4096 82
7001 20 4096 102
7101 4 4096 84
7201 29 4096 90
7301 44 4096 120
7401 23 4096 78
7501 17 4096 100
7601 14 4096 62
7701 6 4096 100
7801 9 4096 90
7901 24 4096 100
8001 31 4096 114
8101 33 4096 82
8201 2 4096 92
8301 7 4096 104
8401 9 4096 76
8501 4 4096 100
8601 15 4096 96
8701 18 4096 120
8801 40 4096 106
8901 6 4096 88
9001 30 4096 76
9101 5 4096 88
9201 20 4096 76
9301 38 4096 84
9401 10 4096 104
9501 17 4096 120
9601 1 4096 88
9701 27 4096 94
9801 43 4096 106
9901 35 4096 84
10001 11 4096 108
10101 44 4096 86
10201 12 4096 70
10301 26 4096 100
10401 3 4096 86
10501 25 4096 96
10601 29 4096 110
10701 16 4096 94
10801 21 4096 106
10901 36 4096 86
11001 42 4096 124
11101 37 4096 100
11201 22 4096 98
11301 46 4096 132
11401 28 4096 122
11501 32 4096 76
