0 15 4096 32
100 17 4096 33
200 8 4096 35
300 36 4096 37
400 40 4096 35
500 33 4096 32
600 47 4096 31
700 4 4096 31
800 22 4096 30
900 38 4096 39
1000 29 4096 34
1100 45 4096 33
1200 23 4096 34
1300 16 4096 38
1400 11 4096 38
1500 37 4096 32
1600 31 4096 33
1699 44 4096 31
1797 14 4096 46
1894 5 4096 37
1989 10 4096 41
2081 25 4096 34
2169 28 4096 30
2251 34 4096 33
2327 19 4096 22
2394 18 4096 39
2452 20 4096 39
2501 26 4096 39
2540 30 4096 33
2571 32 4096 39
2594 39 4096 30
2612 7 4096 31
2628 9 4096 36
2644 24 4096 33
2662 41 4096 42
2685 46 4096 39
2715 43 4096 39
2752 6 4096 35
2798 21 4096 41
2852 27 4096 33
2915 42 4096 21
2985 35 4096 35
3062 19 4096 42
3144 17 4096 36
3231 10 4096 39
3321 24 4096 45
3414 40 4096 32
3509 46 4096 32
3606 23 4096 34
3704 16 4096 45
3803 9 4096 36
3902 38 4096 36
4001 41 4096 39
4101 34 4096 28
4201 47 4096 40
4301 4 4096 28
4401 11 4096 30
4501 37 4096 36
4601 29 4096 37
4701 33 4096 36
4801 15 4096 38
4901 7 4096 30
5001 21 4096 39
5101 36 4096 34
5201 42 4096 35
5301 32 4096 36
5401 39 4096 36
5501 18 4096 41
5601 8 4096 34
5701 25 4096 30
5801 31 4096 31
5901 44 4096 33
6001 14 4096 31
6101 6 4096 31
6201 22 4096 40
6301 27 4096 45
6401 30 4096 30
6501 45 4096 32
6601 43 4096 30
6701 5 4096 36
6801 20 4096 30
6901 26 4096 30
7001 28 4096 38
7101 35 4096 31
7201 19 4096 33
7301 7 4096 45
7401 8 4096 29
7501 24 4096 37
7601 28 4096 23
7701 32 4096 37
7801 47 4096 33
7901 4 4096 37
8001 10 4096 42
8101 37 4096 30
8201 42 4096 34
8301 44 4096 39
8401 14 4096 28
8501 6 4096 37
8601 9 4096 36
8701 27 4096 45
8801 29 4096 39
8901 45 4096 33
9001 43 4096 28
9101 5 4096 33
9201 22 4096 28
9301 36 4096 31
9401 40 4096 39
9501 33 4096 45
9601 15 4096 33
9701 16 4096 35
9801 20 4096 39
9901 26 4096 31
10001 31 4096 40
10101 46 4096 32
10201 23 4096 26
10301 17 4096 37
10401 21 4096 32
10501 38 4096 36
10601 30 4096 41
10701 35 4096 35
10801 39 4096 39
10901 18 4096 32
11001 11 4096 46
11101 25 4096 37
11201 41 4096 36
11301 34 4096 49
11401 14 4096 45
11501 17 4096 28
