0 20 4096 64
100 38 4096 67
200 14 4096 70
300 34 4096 75
400 3 4096 70
500 37 4096 64
600 15 4096 63
700 45 4096 63
800 23 4096 60
900 27 4096 78
1000 29 4096 69
1100 35 4096 67
1200 21 4096 69
1300 26 4096 76
1400 40 4096 76
1500 33 4096 64
1600 10 4096 67
1699 39 4096 63
1797 30 4096 93
1894 46 4096 75
1989 11 4096 82
2081 5 4096 69
2169 41 4096 61
2251 47 4096 67
2327 2 4096 45
2394 7 4096 79
2452 43 4096 79
2501 44 4096 79
2540 9 4096 67
2571 6 4096 79
2594 31 4096 61
2612 32 4096 63
2628 8 4096 72
2644 36 4096 67
2662 42 4096 84
2685 19 4096 79
2715 1 4096 78
2752 25 4096 70
2798 28 4096 82
2852 18 4096 66
2915 22 4096 43
2985 24 4096 70
3062 13 4096 85
3144 17 4096 72
3231 20 4096 79
3321 24 4096 91
3414 30 4096 64
3509 35 4096 64
3606 3 4096 69
3704 5 4096 90
3803 14 4096 73
3902 19 4096 73
4001 22 4096 78
4101 38 4096 57
4201 28 4096 81
4301 17 4096 57
4401 21 4096 61
4501 6 4096 72
4601 41 4096 75
4701 44 4096 72
4801 8 4096 76
4901 7 4096 61
5001 15 4096 79
5101 47 4096 69
5201 2 4096 70
5301 37 4096 72
5401 13 4096 72
5501 34 4096 82
5601 23 4096 69
5701 27 4096 61
5801 42 4096 63
5901 33 4096 66
6001 9 4096 63
6101 39 4096 63
6201 31 4096 81
6301 32 4096 90
6401 1 4096 61
6501 26 4096 64
6601 29 4096 60
6701 18 4096 72
6801 10 4096 60
6901 25 4096 61
7001 40 4096 76
7101 46 4096 63
7201 11 4096 67
7301 36 4096 90
7401 43 4096 58
7501 45 4096 75
7601 3 4096 46
7701 6 4096 75
7801 43 4096 67
7901 44 4096 75
8001 20 4096 85
8101 39 4096 61
8201 15 4096 69
8301 18 4096 78
8401 9 4096 57
8501 5 4096 75
8601 28 4096 72
8701 46 4096 90
8801 8 4096 79
8901 27 4096 66
9001 41 4096 57
9101 33 4096 66
9201 21 4096 57
9301 38 4096 63
9401 31 4096 78
9501 34 4096 90
9601 23 4096 66
9701 26 4096 70
9801 13 4096 79
9901 17 4096 63
10001 11 4096 81
10101 7 4096 64
10201 14 4096 52
10301 45 4096 75
10401 10 4096 64
10501 37 4096 72
10601 30 4096 82
10701 47 4096 70
10801 22 4096 79
10901 25 4096 64
11001 42 4096 93
11101 32 4096 75
11201 1 4096 73
11301 36 4096 99
11401 40 4096 91
11501 35 4096 57
