0 21 4096 43
100 34 4096 45
200 43 4096 47
300 32 4096 50
400 20 4096 47
500 4 4096 43
600 10 4096 42
700 44 4096 42
800 40 4096 40
900 37 4096 52
1000 30 4096 46
1100 45 4096 45
1200 22 4096 46
1300 16 4096 51
1400 1 4096 51
1500 27 4096 43
1600 12 4096 45
1699 17 4096 42
1797 2 4096 62
1894 18 4096 50
1989 31 4096 55
2081 39 4096 46
2169 13 4096 41
2251 19 4096 45
2327 23 4096 30
2394 36 4096 53
2452 3 4096 53
2501 25 4096 53
2540 14 4096 45
2571 38 4096 53
2594 29 4096 41
2612 6 4096 42
2628 41 4096 48
2644 7 4096 45
2662 15 4096 56
2685 46 4096 53
2715 42 4096 52
2752 33 4096 47
2798 11 4096 55
2852 24 4096 44
2915 9 4096 29
2985 26 4096 47
3062 8 4096 57
3144 35 4096 48
3231 28 4096 53
3321 5 4096 61
3414 12 4096 43
3509 32 4096 43
3606 43 4096 46
3704 27 4096 60
3803 13 4096 49
3902 45 4096 49
4001 1 4096 52
4101 37 4096 38
4201 10 4096 54
4301 7 4096 38
4401 40 4096 41
4501 25 4096 48
4601 3 4096 50
4701 46 4096 48
4801 31 4096 51
4901 33 4096 41
5001 41 4096 53
5101 36 4096 46
5201 11 4096 47
5301 5 4096 48
5401 15 4096 48
5501 18 4096 55
5601 8 4096 46
5701 19 4096 41
5801 21 4096 42
5901 39 4096 44
6001 22 4096 42
6101 34 4096 42
6201 2 4096 54
6301 26 4096 60
6401 28 4096 41
6501 38 4096 43
6601 42 4096 40
6701 35 4096 48
6801 30 4096 40
6901 16 4096 41
7001 20 4096 51
7101 4 4096 42
7201 29 4096 45
7301 44 4096 60
7401 23 4096 39
7501 17 4096 50
7601 14 4096 31
7701 6 4096 50
7801 9 4096 45
7901 24 4096 50
8001 31 4096 57
8101 33 4096 41
8201 2 4096 46
8301 7 4096 52
8401 9 4096 38
8501 4 4096 50
8601 15 4096 48
8701 18 4096 60
8801 40 4096 53
8901 6 4096 44
9001 30 4096 38
9101 5 4096 44
9201 20 4096 38
9301 38 4096 42
9401 10 4096 52
9501 17 4096 60
9601 1 4096 44
9701 27 4096 47
9801 43 4096 53
9901 35 4096 42
10001 11 4096 54
10101 44 4096 43
10201 12 4096 35
10301 26 4096 50
10401 3 4096 43
10501 25 4096 48
10601 29 4096 55
10701 16 4096 47
10801 21 4096 53
10901 36 4096 43
11001 42 4096 62
11101 37 4096 50
11201 22 4096 49
11301 46 4096 66
11401 28 4096 61
11501 32 4096 38
