0 26 4096 64
100 30 4096 67
200 9 4096 70
300 39 4096 75
400 18 4096 70
500 46 4096 64
600 24 4096 63
700 28 4096 63
800 34 4096 60
900 14 4096 78
1000 40 4096 69
1100 23 4096 67
1200 2 4096 69
1300 29 4096 76
1400 32 4096 76
1500 13 4096 64
1600 41 4096 67
1699 21 4096 63
1797 27 4096 93
1894 7 4096 75
1989 11 4096 82
2081 36 4096 69
2169 19 4096 61
2251 22 4096 67
2327 25 4096 45
2394 6 4096 79
2452 10 4096 79
2501 37 4096 79
2540 43 4096 67
2571 47 4096 79
2594 1 4096 61
2612 31 4096 63
2628 33 4096 72
2644 38 4096 67
2662 42 4096 84
2685 45 4096 79
2715 3 4096 78
2752 5 4096 70
2798 35 4096 82
2852 15 4096 66
2915 17 4096 43
2985 44 4096 70
3062 27 4096 85
3144 30 4096 72
3231 32 4096 79
3321 38 4096 91
3414 43 4096 64
3509 45 4096 64
3606 2 4096 69
3704 6 4096 90
3803 33 4096 73
3902 13 4096 73
4001 19 4096 78
4101 44 4096 57
4201 24 4096 81
4301 31 4096 57
4401 34 4096 61
4501 39 4096 72
4601 18 4096 75
4701 47 4096 72
4801 1 4096 76
4901 28 4096 61
5001 11 4096 79
5101 37 4096 69
5201 17 4096 70
5301 21 4096 72
5401 26 4096 72
5501 5 4096 82
5601 9 4096 69
5701 36 4096 61
5801 40 4096 63
5901 46 4096 66
6001 25 4096 63
6101 7 4096 63
6201 10 4096 81
6301 15 4096 90
6401 42 4096 61
6501 22 4096 64
6601 3 4096 60
6701 29 4096 72
6801 35 4096 60
6901 14 4096 61
7001 41 4096 76
7101 23 4096 63
7201 3 4096 67
7301 31 4096 90
7401 33 4096 58
7501 39 4096 75
7601 18 4096 46
7701 45 4096 75
7801 1 4096 67
7901 30 4096 75
8001 32 4096 85
8101 13 4096 61
8201 41 4096 69
8301 47 4096 78
8401 2 4096 57
8501 7 4096 75
8601 34 4096 72
8701 15 4096 90
8801 42 4096 79
8901 44 4096 66
9001 26 4096 57
9101 5 4096 66
9201 11 4096 57
9301 36 4096 63
9401 17 4096 78
9501 22 4096 90
9601 24 4096 66
9701 28 4096 70
9801 9 4096 79
9901 38 4096 63
10001 43 4096 81
10101 46 4096 64
10201 25 4096 52
10301 29 4096 75
10401 10 4096 64
10501 37 4096 72
10601 40 4096 82
10701 21 4096 70
10801 27 4096 79
10901 6 4096 64
11001 35 4096 93
11101 14 4096 75
11201 19 4096 73
11301 23 4096 99
11401 2 4096 91
11501 7 4096 57
