0 12 4096 21
100 13 4096 22
200 6 4096 23
300 22 4096 25
400 26 4096 23
500 38 4096 21
600 31 4096 21
700 46 4096 21
800 1 4096 20
900 14 4096 26
1000 7 4096 23
1100 21 4096 22
1200 25 4096 23
1300 40 4096 25
1400 33 4096 25
1500 35 4096 21
1600 4 4096 22
1699 5 4096 21
1797 8 4096 31
1894 20 4096 25
1989 36 4096 27
2081 29 4096 23
2169 42 4096 20
2251 45 4096 22
2327 3 4096 15
2394 16 4096 26
2452 9 4096 26
2501 23 4096 26
2540 27 4096 22
2571 41 4096 26
2594 32 4096 20
2612 44 4096 21
2628 2 4096 24
2644 15 4096 22
2662 18 4096 28
2685 11 4096 26
2715 24 4096 26
2752 39 4096 23
2798 34 4096 27
2852 43 4096 22
2915 3 4096 14
2985 13 4096 23
3062 6 4096 28
3144 23 4096 24
3231 25 4096 26
3321 39 4096 30
3414 32 4096 21
3509 44 4096 21
3606 1 4096 23
3704 5 4096 30
3803 9 4096 24
3902 11 4096 24
4001 27 4096 26
4101 40 4096 19
4201 31 4096 27
4301 43 4096 19
4401 4 4096 20
4501 15 4096 24
4601 8 4096 25
4701 21 4096 24
4801 36 4096 25
4901 29 4096 20
5001 33 4096 26
5101 45 4096 23
5201 2 4096 23
5301 16 4096 24
5401 18 4096 24
5501 20 4096 27
5601 24 4096 23
5701 41 4096 20
5801 42 4096 21
5901 46 4096 22
6001 12 4096 21
6101 14 4096 21
6201 7 4096 27
6301 22 4096 30
6401 26 4096 20
6501 38 4096 21
6601 34 4096 20
6701 35 4096 24
6801 3 4096 20
6901 5 4096 20
7001 8 4096 25
7101 11 4096 21
7201 25 4096 22
7301 41 4096 30
7401 33 4096 19
7501 46 4096 25
7601 1 4096 15
7701 14 4096 25
7801 9 4096 22
7901 21 4096 25
8001 24 4096 28
8101 39 4096 20
8201 32 4096 23
8301 43 4096 26
8401 12 4096 19
8501 13 4096 25
8601 18 4096 24
8701 23 4096 30
8801 26 4096 26
8901 38 4096 22
9001 31 4096 19
9101 35 4096 22
9201 4 4096 19
9301 15 4096 21
9401 7 4096 26
9501 20 4096 30
9601 27 4096 22
9701 29 4096 23
9801 34 4096 26
9901 45 4096 21
10001 2 4096 27
10101 16 4096 21
10201 6 4096 17
10301 22 4096 25
10401 36 4096 21
10501 40 4096 24
10601 42 4096 27
10701 44 4096 23
10801 4 4096 26
10901 14 4096 21
11001 6 4096 31
11101 23 4096 25
11201 25 4096 24
11301 29 4096 33
11401 34 4096 30
11501 35 4096 19
