0 3 4096 43
100 45 4096 45
200 10 4096 47
300 25 4096 50
400 37 4096 47
500 4 4096 43
600 11 4096 42
700 36 4096 42
800 46 4096 40
900 1 4096 52
1000 2 4096 46
1100 43 4096 45
1200 6 4096 46
1300 8 4096 51
1400 39 4096 51
1500 9 4096 43
1600 12 4096 45
1699 13 4096 42
1797 35 4096 62
1894 22 4096 50
1989 23 4096 55
2081 24 4096 46
2169 34 4096 41
2251 38 4096 45
2327 40 4096 30
2394 41 4096 53
2452 44 4096 53
2501 5 4096 53
2540 7 4096 45
2571 14 4096 53
2594 15 4096 41
2612 16 4096 42
2628 18 4096 48
2644 20 4096 45
2662 21 4096 56
2685 26 4096 53
2715 27 4096 52
2752 29 4096 47
2798 31 4096 55
2852 32 4096 44
2915 33 4096 29
2985 42 4096 47
3062 17 4096 57
3144 19 4096 48
3231 28 4096 53
3321 30 4096 61
3414 45 4096 43
3509 1 4096 43
3606 10 4096 46
3704 36 4096 60
3803 2 4096 49
3902 23 4096 49
4001 37 4096 52
4101 46 4096 38
4201 4 4096 54
4301 3 4096 38
4401 43 4096 41
4501 6 4096 48
4601 8 4096 50
4701 39 4096 48
4801 11 4096 51
4901 12 4096 41
5001 13 4096 53
5101 22 4096 46
5201 24 4096 47
5301 25 4096 48
5401 33 4096 48
5501 34 4096 55
5601 35 4096 46
5701 38 4096 41
5801 41 4096 42
5901 9 4096 44
6001 5 4096 42
6101 44 4096 42
6201 7 4096 54
6301 14 4096 60
6401 15 4096 41
6501 16 4096 43
6601 18 4096 40
6701 20 4096 48
6801 21 4096 40
6901 26 4096 41
7001 27 4096 51
7101 29 4096 42
7201 31 4096 45
7301 32 4096 60
7401 40 4096 39
7501 42 4096 50
7601 17 4096 31
7701 19 4096 50
7801 28 4096 45
7901 30 4096 50
8001 29 4096 57
8101 10 4096 41
8201 37 4096 46
8301 1 4096 52
8401 8 4096 38
8501 35 4096 50
8601 36 4096 48
8701 2 4096 60
8801 43 4096 53
8901 3 4096 44
9001 45 4096 38
9101 4 4096 44
9201 46 4096 38
9301 6 4096 42
9401 11 4096 52
9501 39 4096 60
9601 12 4096 44
9701 13 4096 47
9801 22 4096 53
9901 23 4096 42
10001 24 4096 54
10101 25 4096 43
10201 34 4096 35
10301 38 4096 50
10401 9 4096 43
10501 41 4096 48
10601 44 4096 55
10701 5 4096 47
10801 7 4096 53
10901 14 4096 43
11001 15 4096 62
11101 16 4096 50
11201 18 4096 49
11301 20 4096 66
11401 21 4096 61
11501 26 4096 38
