0 3 4096 43
99 45 4096 45
176 10 4096 47
266 25 4096 50
321 37 4096 47
403 4 4096 43
503 11 4096 42
566 36 4096 42
646 46 4096 40
706 1 4096 52
778 2 4096 46
828 43 4096 45
925 6 4096 46
1021 8 4096 51
1095 39 4096 51
1181 9 4096 43
1232 12 4096 45
1312 13 4096 42
1406 35 4096 62
1487 22 4096 50
1552 23 4096 55
1649 24 4096 46
1708 34 4096 41
1782 38 4096 45
1870 40 4096 30
1941 41 4096 53
2029 44 4096 53
2120 5 4096 53
2188 7 4096 45
2249 14 4096 53
2310 15 4096 41
2372 16 4096 42
2453 18 4096 48
2503 20 4096 45
2563 21 4096 56
2619 26 4096 53
2674 27 4096 52
2768 29 4096 47
2830 31 4096 55
2885 32 4096 44
2964 33 4096 29
3035 42 4096 47
3126 17 4096 57
3216 19 4096 48
3293 28 4096 53
3344 30 4096 61
3442 40 4096 43
3496 10 4096 43
3595 37 4096 46
3656 1 4096 60
3746 8 4096 49
3802 34 4096 49
3852 36 4096 52
3945 2 4096 38
4024 43 4096 54
4086 3 4096 38
4160 45 4096 41
4249 4 4096 48
4310 46 4096 50
4410 6 4096 48
4510 11 4096 51
4571 39 4096 41
4637 12 4096 53
4713 13 4096 46
4805 22 4096 47
4901 23 4096 48
4960 24 4096 48
5034 25 4096 55
5133 35 4096 46
5203 38 4096 41
5274 9 4096 42
5360 41 4096 44
5454 44 4096 42
5511 5 4096 42
5586 7 4096 54
5671 14 4096 60
5732 15 4096 41
5808 16 4096 43
5888 18 4096 40
5950 20 4096 48
6042 21 4096 40
6125 26 4096 41
6176 27 4096 51
6250 29 4096 42
6303 31 4096 45
6371 32 4096 60
6448 33 4096 39
6532 42 4096 50
6591 17 4096 31
6671 19 4096 50
6745 28 4096 45
6840 30 4096 50
6916 43 4096 57
6979 1 4096 41
7030 10 4096 46
7093 37 4096 52
7149 8 4096 38
7231 25 4096 50
7291 11 4096 48
7379 36 4096 60
7459 45 4096 53
7546 2 4096 44
7611 46 4096 38
7696 3 4096 44
7779 4 4096 38
7852 6 4096 42
7903 39 4096 52
7969 9 4096 60
8069 12 4096 44
8123 13 4096 47
8208 35 4096 53
8274 22 4096 42
8364 23 4096 54
8444 24 4096 43
8543 34 4096 35
8594 38 4096 50
8666 40 4096 43
8731 41 4096 48
8794 44 4096 55
8869 5 4096 47
8926 7 4096 53
9019 14 4096 43
9115 15 4096 62
9203 16 4096 50
9270 18 4096 49
9370 20 4096 66
9428 21 4096 61
9522 26 4096 38
