0 5 4096 64
100 37 4096 67
200 10 4096 70
300 25 4096 75
400 8 4096 70
500 35 4096 64
600 36 4096 63
700 1 4096 63
800 43 4096 60
900 2 4096 78
1000 45 4096 69
1100 3 4096 67
1200 46 4096 69
1300 4 4096 76
1400 6 4096 76
1500 11 4096 64
1600 39 4096 67
1699 12 4096 63
1797 13 4096 93
1894 22 4096 75
1989 23 4096 82
2081 24 4096 69
2169 33 4096 61
2251 34 4096 67
2327 38 4096 45
2394 41 4096 79
2452 44 4096 79
2501 7 4096 79
2540 9 4096 67
2571 14 4096 79
2594 15 4096 61
2612 16 4096 63
2628 18 4096 72
2644 20 4096 67
2662 21 4096 84
2685 26 4096 79
2715 27 4096 78
2752 29 4096 70
2798 31 4096 82
2852 32 4096 66
2915 40 4096 43
2985 42 4096 70
3062 17 4096 85
3144 19 4096 72
3231 28 4096 79
3321 30 4096 91
3414 41 4096 64
3509 10 4096 64
3606 1 4096 69
3704 25 4096 90
3803 8 4096 73
3902 35 4096 73
4001 36 4096 78
4101 2 4096 57
4201 37 4096 81
4301 11 4096 57
4401 43 4096 61
4501 3 4096 72
4601 45 4096 75
4701 4 4096 72
4801 6 4096 76
4901 46 4096 61
5001 12 4096 79
5101 13 4096 69
5201 9 4096 70
5301 22 4096 72
5401 39 4096 72
5501 23 4096 82
5601 24 4096 69
5701 34 4096 61
5801 38 4096 63
5901 44 4096 66
6001 5 4096 63
6101 7 4096 63
6201 14 4096 81
6301 15 4096 90
6401 16 4096 61
6501 18 4096 64
6601 20 4096 60
6701 21 4096 72
6801 26 4096 60
6901 27 4096 61
7001 29 4096 76
7101 31 4096 63
7201 32 4096 67
7301 33 4096 90
7401 40 4096 58
7501 42 4096 75
7601 17 4096 46
7701 19 4096 75
7801 28 4096 67
7901 30 4096 75
8001 16 4096 85
8101 37 4096 61
8201 10 4096 69
8301 35 4096 78
8401 1 4096 57
8501 39 4096 75
8601 8 4096 72
8701 45 4096 90
8801 2 4096 79
8901 46 4096 66
9001 3 4096 57
9101 4 4096 66
9201 36 4096 57
9301 6 4096 63
9401 11 4096 78
9501 12 4096 90
9601 43 4096 66
9701 13 4096 70
9801 22 4096 79
9901 23 4096 63
10001 24 4096 81
10101 25 4096 64
10201 33 4096 52
10301 34 4096 75
10401 38 4096 64
10501 41 4096 72
10601 9 4096 82
10701 44 4096 70
10801 5 4096 79
10901 7 4096 64
11001 14 4096 93
11101 15 4096 75
11201 18 4096 73
11301 20 4096 99
11401 21 4096 91
11501 26 4096 57
