0 40 4096 43
100 10 4096 45
200 37 4096 47
300 1 4096 50
400 8 4096 47
500 34 4096 43
600 36 4096 42
700 2 4096 42
800 43 4096 40
900 3 4096 52
1000 45 4096 46
1100 4 4096 45
1200 46 4096 46
1300 6 4096 51
1400 11 4096 51
1500 39 4096 43
1600 12 4096 45
1699 13 4096 42
1797 22 4096 62
1894 23 4096 50
1989 24 4096 55
2081 25 4096 46
2169 35 4096 41
2251 38 4096 45
2327 9 4096 30
2394 41 4096 53
2452 44 4096 53
2501 5 4096 53
2540 7 4096 45
2571 14 4096 53
2594 15 4096 41
2612 16 4096 42
2628 18 4096 48
2644 20 4096 45
2662 21 4096 56
2685 26 4096 53
2715 27 4096 52
2752 29 4096 47
2798 31 4096 55
2852 32 4096 44
2915 33 4096 29
2985 42 4096 47
3062 17 4096 57
3144 19 4096 48
3231 28 4096 53
3321 30 4096 61
3414 46 4096 43
3509 1 4096 43
3606 2 4096 46
3704 43 4096 60
3803 10 4096 49
3902 37 4096 49
4001 3 4096 52
4101 34 4096 38
4201 45 4096 54
4301 4 4096 38
4401 6 4096 41
4501 36 4096 48
4601 8 4096 50
4701 39 4096 48
4801 9 4096 51
4901 11 4096 41
5001 12 4096 53
5101 13 4096 46
5201 22 4096 47
5301 41 4096 48
5401 23 4096 48
5501 24 4096 55
5601 25 4096 46
5701 35 4096 41
5801 38 4096 42
5901 44 4096 44
6001 5 4096 42
6101 7 4096 42
6201 14 4096 54
6301 15 4096 60
6401 16 4096 41
6501 18 4096 43
6601 20 4096 40
6701 21 4096 48
6801 26 4096 40
6901 27 4096 41
7001 29 4096 51
7101 31 4096 42
7201 32 4096 45
7301 33 4096 60
7401 40 4096 39
7501 42 4096 50
7601 17 4096 31
7701 19 4096 50
7801 28 4096 45
7901 30 4096 50
8001 4 4096 57
8101 37 4096 41
8201 10 4096 46
8301 45 4096 52
8401 1 4096 38
8501 23 4096 50
8601 25 4096 48
8701 46 4096 60
8801 2 4096 53
8901 3 4096 44
9001 43 4096 38
9101 6 4096 44
9201 8 4096 38
9301 36 4096 42
9401 11 4096 52
9501 39 4096 60
9601 12 4096 44
9701 13 4096 47
9801 22 4096 53
9901 24 4096 42
10001 33 4096 54
10101 34 4096 43
10201 35 4096 35
10301 38 4096 50
10401 41 4096 43
10501 9 4096 48
10601 5 4096 55
10701 44 4096 47
10801 7 4096 53
10901 14 4096 43
11001 15 4096 62
11101 16 4096 50
11201 18 4096 49
11301 20 4096 66
11401 21 4096 61
11501 26 4096 38
