0 5 4096 43
99 37 4096 45
176 10 4096 47
266 25 4096 50
321 8 4096 47
403 35 4096 43
503 36 4096 42
566 1 4096 42
646 43 4096 40
706 2 4096 52
778 45 4096 46
828 3 4096 45
925 46 4096 46
1021 4 4096 51
1095 6 4096 51
1181 11 4096 43
1232 39 4096 45
1312 12 4096 42
1406 13 4096 62
1487 22 4096 50
1552 23 4096 55
1649 24 4096 46
1708 33 4096 41
1782 34 4096 45
1870 38 4096 30
1941 41 4096 53
2029 44 4096 53
2120 7 4096 53
2188 9 4096 45
2249 14 4096 53
2310 15 4096 41
2372 16 4096 42
2453 18 4096 48
2503 20 4096 45
2563 21 4096 56
2619 26 4096 53
2674 27 4096 52
2768 29 4096 47
2830 31 4096 55
2885 32 4096 44
2964 40 4096 29
3035 42 4096 47
3126 17 4096 57
3216 19 4096 48
3293 28 4096 53
3344 30 4096 61
3442 41 4096 43
3496 10 4096 43
3595 1 4096 46
3656 25 4096 60
3746 8 4096 49
3802 35 4096 49
3852 36 4096 52
3945 2 4096 38
4024 37 4096 54
4086 11 4096 38
4160 43 4096 41
4249 3 4096 48
4310 45 4096 50
4410 4 4096 48
4510 6 4096 51
4571 46 4096 41
4637 12 4096 53
4713 13 4096 46
4805 9 4096 47
4901 22 4096 48
4960 39 4096 48
5034 23 4096 55
5133 24 4096 46
5203 34 4096 41
5274 38 4096 42
5360 44 4096 44
5454 5 4096 42
5511 7 4096 42
5586 14 4096 54
5671 15 4096 60
5732 16 4096 41
5808 18 4096 43
5888 20 4096 40
5950 21 4096 48
6042 26 4096 40
6125 27 4096 41
6176 29 4096 51
6250 31 4096 42
6303 32 4096 45
6371 33 4096 60
6448 40 4096 39
6532 42 4096 50
6591 17 4096 31
6671 19 4096 50
6745 28 4096 45
6840 30 4096 50
6916 16 4096 57
6979 37 4096 41
7030 10 4096 46
7093 35 4096 52
7149 1 4096 38
7231 39 4096 50
7291 8 4096 48
7379 45 4096 60
7459 2 4096 53
7546 46 4096 44
7611 3 4096 38
7696 4 4096 44
7779 36 4096 38
7852 6 4096 42
7903 11 4096 52
7969 12 4096 60
8069 43 4096 44
8123 13 4096 47
8208 22 4096 53
8274 23 4096 42
8364 24 4096 54
8444 25 4096 43
8543 33 4096 35
8594 34 4096 50
8666 38 4096 43
8731 41 4096 48
8794 9 4096 55
8869 44 4096 47
8926 5 4096 53
9019 7 4096 43
9115 14 4096 62
9203 15 4096 50
9270 18 4096 49
9370 20 4096 66
9428 21 4096 61
9522 26 4096 38
