0.1340955644485606,
1.0000000000000000,
1.0000000000000000,
1.0000000000000000,
1.0000000000000000,
1.0000000000000000,
1.0000000000000000,
1.0000000000000000,
1.0000000000000000,
0.0033617981061649,
1.0000000000000000,
1.0000000000000000,
1.0000000000000000,
1.0000000000000000,
0.0102221734648079,
1.0000000000000000,
1.0000000000000000,
1.0000000000000000,
0.1992569895036182,
1.0000000000000000,
1.0000000000000000,
1.0000000000000000,
1.0000000000000000,
1.0000000000000000,
1.0000000000000000,
1.0000000000000000,
1.0000000000000000,
1.0000000000000000,
1.0000000000000000,
1.0000000000000000,
1.0000000000000000,
0.1315666062397353,
1.0000000000000000,
1.0000000000000000,
1.0000000000000000,
1.0000000000000000,
1.0000000000000000,
1.0000000000000000,
0.1235811573212878,
0.1909478149462212,
1.0000000000000000,
0.4544913626366667,
1.0000000000000000,
1.0000000000000000,
1.0000000000000000,
1.0000000000000000,
1.0000000000000000,
1.0000000000000000,
1.0000000000000000,
1.0000000000000000,
1.0000000000000000,
1.0000000000000000,
1.0000000000000000,
1.0000000000000000,
1.0000000000000000,
1.0000000000000000,
1.0000000000000000,
1.0000000000000000,
1.0000000000000000,
1.0000000000000000,
1.0000000000000000,
1.0000000000000000,
1.0000000000000000,
1.0000000000000000,
1.0000000000000000,
1.0000000000000000,
1.0000000000000000,
0.0987967551795009,
1.0000000000000000,
1.0000000000000000,
1.0000000000000000,
1.0000000000000000,
1.0000000000000000,
1.0000000000000000,
1.0000000000000000,
1.0000000000000000,
1.0000000000000000,
1.0000000000000000,
1.0000000000000000,
1.0000000000000000,
1.0000000000000000,
1.0000000000000000,
1.0000000000000000,
1.0000000000000000,
1.0000000000000000,
1.0000000000000000,
1.0000000000000000,
1.0000000000000000,
1.0000000000000000,
1.0000000000000000,
1.0000000000000000,
1.0000000000000000,
1.0000000000000000,
1.0000000000000000,
1.0000000000000000,
1.0000000000000000,
1.0000000000000000,
1.0000000000000000,
1.0000000000000000,
1.0000000000000000,
1.0000000000000000,
1.0000000000000000,
1.0000000000000000,
1.0000000000000000,
1.0000000000000000,
1.0000000000000000,
1.0000000000000000,
1.0000000000000000,
1.0000000000000000,
1.0000000000000000,
1.0000000000000000,
1.0000000000000000,
0.6669593855714953,
1.0000000000000000,
1.0000000000000000,
0.6253725999579760,
1.0000000000000000,
1.0000000000000000,
1.0000000000000000,
1.0000000000000000,
1.0000000000000000,
1.0000000000000000,
1.0000000000000000,
1.0000000000000000,
0.4428172227970613,
1.0000000000000000,
1.0000000000000000,
1.0000000000000000,
1.0000000000000000,
1.0000000000000000,
1.0000000000000000,
1.0000000000000000,
1.0000000000000000,
1.0000000000000000,
1.0000000000000000,
1.0000000000000000,
1.0000000000000000,
1.0000000000000000,
1.0000000000000000,
1.0000000000000000,
1.0000000000000000,
1.0000000000000000,
0.0985995525957949,
1.0000000000000000,
1.0000000000000000,
1.0000000000000000,
0.6989951378967129,
1.0000000000000000,
1.0000000000000000,
1.0000000000000000,
1.0000000000000000,
1.0000000000000000,
1.0000000000000000,
1.0000000000000000,
1.0000000000000000,
0.0424496865476599,
0.0452920140437535,
1.0000000000000000,
1.0000000000000000,
1.0000000000000000,
1.0000000000000000,
1.0000000000000000,
1.0000000000000000,
1.0000000000000000,
1.0000000000000000,
1.0000000000000000,
1.0000000000000000,
1.0000000000000000,
1.0000000000000000,
1.0000000000000000,
1.0000000000000000,
1.0000000000000000,
1.0000000000000000,
1.0000000000000000,
1.0000000000000000,
1.0000000000000000,
1.0000000000000000,
0.1439607185652250,
0.9925615647606350,
1.0000000000000000,
1.0000000000000000,
1.0000000000000000,
1.0000000000000000,
0.0650487505672947,
1.0000000000000000,
1.0000000000000000,
1.0000000000000000,
1.0000000000000000,
1.0000000000000000,
1.0000000000000000,
1.0000000000000000,
1.0000000000000000,
1.0000000000000000,
1.0000000000000000,
1.0000000000000000,
1.0000000000000000,
1.0000000000000000,
1.0000000000000000,
0.0776942418155222,
1.0000000000000000,
1.0000000000000000,
1.0000000000000000,
1.0000000000000000,
1.0000000000000000,
1.0000000000000000,
1.0000000000000000,
1.0000000000000000,
1.0000000000000000,
1.0000000000000000,
1.0000000000000000,
1.0000000000000000,
1.0000000000000000,
1.0000000000000000,
0.0529935528789468,
1.0000000000000000,
1.0000000000000000,
1.0000000000000000,
1.0000000000000000,
1.0000000000000000,
1.0000000000000000,
1.0000000000000000,
1.0000000000000000,
1.0000000000000000,
1.0000000000000000,
1.0000000000000000,
1.0000000000000000,
1.0000000000000000,
1.0000000000000000,
1.0000000000000000,
1.0000000000000000,
1.0000000000000000,
1.0000000000000000,
1.0000000000000000,
1.0000000000000000,
1.0000000000000000,
1.0000000000000000,
1.0000000000000000,
1.0000000000000000,
1.0000000000000000,
1.0000000000000000,
1.0000000000000000,
1.0000000000000000,
1.0000000000000000,
0.0792502649258270,
1.0000000000000000,
1.0000000000000000,
1.0000000000000000,
1.0000000000000000,
1.0000000000000000,
1.0000000000000000,
1.0000000000000000,
1.0000000000000000,
1.0000000000000000,
1.0000000000000000,
1.0000000000000000,
1.0000000000000000,
1.0000000000000000,
1.0000000000000000,
1.0000000000000000,
1.0000000000000000,
1.0000000000000000,
1.0000000000000000,
1.0000000000000000,
1.0000000000000000,
1.0000000000000000,
1.0000000000000000,
1.0000000000000000,
1.0000000000000000,
1.0000000000000000,
0.0525725130134010,
1.0000000000000000,
1.0000000000000000,
1.0000000000000000,
1.0000000000000000,
1.0000000000000000,
1.0000000000000000,
1.0000000000000000,
1.0000000000000000,
1.0000000000000000,
1.0000000000000000,
1.0000000000000000,
1.0000000000000000,
1.0000000000000000,
1.0000000000000000,
1.0000000000000000,
1.0000000000000000,
1.0000000000000000,
1.0000000000000000,
1.0000000000000000,
1.0000000000000000,
1.0000000000000000,
0.0054191880685408,
0.0142377443090320,
0.0097318490740967,
1.0000000000000000,
1.0000000000000000,
1.0000000000000000,
1.0000000000000000,
1.0000000000000000,
1.0000000000000000,
1.0000000000000000,
1.0000000000000000,
1.0000000000000000,
1.0000000000000000,
1.0000000000000000,
1.0000000000000000,
1.0000000000000000,
1.0000000000000000,
1.0000000000000000,
1.0000000000000000,
1.0000000000000000,
1.0000000000000000,
1.0000000000000000,
1.0000000000000000,
1.0000000000000000,
1.0000000000000000,
1.0000000000000000,
1.0000000000000000,
1.0000000000000000,
1.0000000000000000,
1.0000000000000000,
1.0000000000000000,
1.0000000000000000,
1.0000000000000000,
1.0000000000000000,
1.0000000000000000,
1.0000000000000000,
1.0000000000000000,
1.0000000000000000,
1.0000000000000000,
1.0000000000000000,
1.0000000000000000,
1.0000000000000000,
1.0000000000000000,
1.0000000000000000,
1.0000000000000000,
1.0000000000000000,
1.0000000000000000,
1.0000000000000000,
1.0000000000000000,
1.0000000000000000,
1.0000000000000000,
1.0000000000000000,
1.0000000000000000,
1.0000000000000000,
1.0000000000000000,
1.0000000000000000,
0.3198993955522703,
0.7459944570843817,
1.0000000000000000,
1.0000000000000000,
1.0000000000000000,
1.0000000000000000,
1.0000000000000000,
1.0000000000000000,
1.0000000000000000,
1.0000000000000000,
1.0000000000000000,
1.0000000000000000,
1.0000000000000000,
1.0000000000000000,
1.0000000000000000,
1.0000000000000000,
1.0000000000000000,
1.0000000000000000,
1.0000000000000000,
1.0000000000000000,
1.0000000000000000,
1.0000000000000000,
1.0000000000000000,
1.0000000000000000,
1.0000000000000000,
1.0000000000000000,
1.0000000000000000,
1.0000000000000000,
1.0000000000000000,
1.0000000000000000,
1.0000000000000000,
1.0000000000000000,
1.0000000000000000,
1.0000000000000000,
1.0000000000000000,
1.0000000000000000,
1.0000000000000000,
1.0000000000000000,
1.0000000000000000,
1.0000000000000000,
1.0000000000000000,
1.0000000000000000,
1.0000000000000000,
1.0000000000000000,
1.0000000000000000,
1.0000000000000000,
0.1333907136490171,
1.0000000000000000,
1.0000000000000000,
1.0000000000000000,
1.0000000000000000,
1.0000000000000000,
1.0000000000000000,
1.0000000000000000,
1.0000000000000000,
1.0000000000000000,
1.0000000000000000,
1.0000000000000000,
1.0000000000000000,
1.0000000000000000,
1.0000000000000000,
1.0000000000000000,
1.0000000000000000,
1.0000000000000000,
1.0000000000000000,
1.0000000000000000,
1.0000000000000000,
1.0000000000000000,
1.0000000000000000,
1.0000000000000000,
1.0000000000000000,
1.0000000000000000,
1.0000000000000000,
0.4926213478961771,
1.0000000000000000,
1.0000000000000000,
1.0000000000000000,
1.0000000000000000,
1.0000000000000000,
1.0000000000000000,
1.0000000000000000,
1.0000000000000000,
1.0000000000000000,
1.0000000000000000,
1.0000000000000000,
1.0000000000000000,
1.0000000000000000,
1.0000000000000000,
1.0000000000000000,
1.0000000000000000,
1.0000000000000000,
1.0000000000000000,
1.0000000000000000,
1.0000000000000000,
1.0000000000000000,
1.0000000000000000,
0.9921187741989299,
1.0000000000000000,
1.0000000000000000,
1.0000000000000000,
1.0000000000000000,
1.0000000000000000,
1.0000000000000000,
1.0000000000000000,
1.0000000000000000,
0.0367597738802670,
1.0000000000000000,
1.0000000000000000,
1.0000000000000000,
1.0000000000000000,
1.0000000000000000,
1.0000000000000000,
1.0000000000000000,
0.5008728307446952,
1.0000000000000000,
1.0000000000000000,
1.0000000000000000,
1.0000000000000000,
1.0000000000000000,
0.0169789190356600,
0.1339115304432358,
1.0000000000000000,
1.0000000000000000,
1.0000000000000000,
1.0000000000000000,
0.0572877626182943,
1.0000000000000000,
1.0000000000000000,
1.0000000000000000,
1.0000000000000000,
1.0000000000000000,
0.2073509856052487,
1.0000000000000000,
1.0000000000000000,
0.6255626499090036,
0.1121292891470278,
1.0000000000000000,
1.0000000000000000,
1.0000000000000000,
1.0000000000000000,
1.0000000000000000,
1.0000000000000000,
1.0000000000000000,
1.0000000000000000,
1.0000000000000000,
1.0000000000000000,
1.0000000000000000,
1.0000000000000000,
0.0638188797989306,
1.0000000000000000,
1.0000000000000000,
1.0000000000000000,
1.0000000000000000,
1.0000000000000000,
1.0000000000000000,
1.0000000000000000,
1.0000000000000000,
1.0000000000000000,
1.0000000000000000,
0.0013159518451957,
1.0000000000000000,
1.0000000000000000,
1.0000000000000000,
1.0000000000000000,
1.0000000000000000,
1.0000000000000000,
1.0000000000000000,
1.0000000000000000,
1.0000000000000000,
1.0000000000000000,
1.0000000000000000,
1.0000000000000000,
1.0000000000000000,
1.0000000000000000,
0.1951067913869481,
1.0000000000000000,
1.0000000000000000,
1.0000000000000000,
1.0000000000000000,
1.0000000000000000,
1.0000000000000000,
1.0000000000000000,
1.0000000000000000,
1.0000000000000000,
1.0000000000000000,
1.0000000000000000,
1.0000000000000000,
1.0000000000000000,
1.0000000000000000,
1.0000000000000000,
1.0000000000000000,
1.0000000000000000,
1.0000000000000000,
1.0000000000000000,
1.0000000000000000,
0.2040820274319077,
0.1170489827059410,
1.0000000000000000,
1.0000000000000000,
1.0000000000000000,
1.0000000000000000,
1.0000000000000000,
1.0000000000000000,
1.0000000000000000,
1.0000000000000000,
1.0000000000000000,
1.0000000000000000,
1.0000000000000000,
1.0000000000000000,
1.0000000000000000,
1.0000000000000000,
1.0000000000000000,
0.2860732998855144,
1.0000000000000000,
1.0000000000000000,
1.0000000000000000,
1.0000000000000000,
0.0080356579219399,
1.0000000000000000,
1.0000000000000000,
1.0000000000000000,
1.0000000000000000,
1.0000000000000000,
1.0000000000000000,
1.0000000000000000,
1.0000000000000000,
1.0000000000000000,
1.0000000000000000,
1.0000000000000000,
1.0000000000000000,
1.0000000000000000,
1.0000000000000000,
1.0000000000000000,
1.0000000000000000,
1.0000000000000000,
1.0000000000000000,
1.0000000000000000,
1.0000000000000000,
1.0000000000000000,
0.0058967883811988,
1.0000000000000000,
1.0000000000000000,
1.0000000000000000,
1.0000000000000000,
1.0000000000000000,
0.6071735210461291,
1.0000000000000000,
1.0000000000000000,
1.0000000000000000,
1.0000000000000000,
1.0000000000000000,
1.0000000000000000,
1.0000000000000000,
1.0000000000000000,
1.0000000000000000,
1.0000000000000000,
1.0000000000000000,
1.0000000000000000,
1.0000000000000000,
0.0371093700399981,
1.0000000000000000,
1.0000000000000000,
1.0000000000000000,
1.0000000000000000,
1.0000000000000000,
1.0000000000000000,
1.0000000000000000,
1.0000000000000000,
1.0000000000000000,
1.0000000000000000,
0.0839701616599324,
1.0000000000000000,
0.4894889009264355,
1.0000000000000000,
1.0000000000000000,
1.0000000000000000,
1.0000000000000000,
1.0000000000000000,
1.0000000000000000,
1.0000000000000000,
1.0000000000000000,
0.0823312569663189,
1.0000000000000000,
1.0000000000000000,
1.0000000000000000,
1.0000000000000000,
1.0000000000000000,
1.0000000000000000,
1.0000000000000000,
1.0000000000000000,
1.0000000000000000,
1.0000000000000000,
1.0000000000000000,
1.0000000000000000,
1.0000000000000000,
1.0000000000000000,
1.0000000000000000,
1.0000000000000000,
0.0168054352366462,
1.0000000000000000,
1.0000000000000000,
1.0000000000000000,
1.0000000000000000,
1.0000000000000000,
1.0000000000000000,
1.0000000000000000,
1.0000000000000000,
1.0000000000000000,
1.0000000000000000,
1.0000000000000000,
1.0000000000000000,
1.0000000000000000,
1.0000000000000000,
1.0000000000000000,
1.0000000000000000,
1.0000000000000000,
1.0000000000000000,
0.0138752980804990,
1.0000000000000000,
1.0000000000000000,
1.0000000000000000,
1.0000000000000000,
1.0000000000000000,
1.0000000000000000,
1.0000000000000000,
1.0000000000000000,
1.0000000000000000,
1.0000000000000000,
0.1973822797781130,
1.0000000000000000,
1.0000000000000000,
1.0000000000000000,
1.0000000000000000,
1.0000000000000000,
1.0000000000000000,
1.0000000000000000,
1.0000000000000000,
1.0000000000000000,
1.0000000000000000,
1.0000000000000000,
1.0000000000000000,
1.0000000000000000,
1.0000000000000000,
1.0000000000000000,
1.0000000000000000,
1.0000000000000000,
1.0000000000000000,
1.0000000000000000,
1.0000000000000000,
1.0000000000000000,
1.0000000000000000,
0.0332918844155460,
1.0000000000000000,
1.0000000000000000,
1.0000000000000000,
1.0000000000000000,
1.0000000000000000,
1.0000000000000000,
1.0000000000000000,
1.0000000000000000,
1.0000000000000000,
1.0000000000000000,
1.0000000000000000,
1.0000000000000000,
1.0000000000000000,
1.0000000000000000,
1.0000000000000000,
1.0000000000000000,
0.4717567947648652,
1.0000000000000000,
1.0000000000000000,
1.0000000000000000,
1.0000000000000000,
1.0000000000000000,
1.0000000000000000,
1.0000000000000000,
1.0000000000000000,
1.0000000000000000,
1.0000000000000000,
1.0000000000000000,
1.0000000000000000,
1.0000000000000000,
1.0000000000000000,
1.0000000000000000,
1.0000000000000000,
1.0000000000000000,
1.0000000000000000,
1.0000000000000000,
1.0000000000000000,
1.0000000000000000,
1.0000000000000000,
1.0000000000000000,
1.0000000000000000,
1.0000000000000000,
1.0000000000000000,
1.0000000000000000,
1.0000000000000000,
1.0000000000000000,
1.0000000000000000,
1.0000000000000000,
1.0000000000000000,
0.0487027256858816,
1.0000000000000000,
1.0000000000000000,
1.0000000000000000,
1.0000000000000000,
0.0446542928273592,
1.0000000000000000,
1.0000000000000000,
1.0000000000000000,
1.0000000000000000,
1.0000000000000000,
1.0000000000000000,
1.0000000000000000,
1.0000000000000000,
1.0000000000000000,
1.0000000000000000,
1.0000000000000000,
1.0000000000000000,
1.0000000000000000,
1.0000000000000000,
1.0000000000000000,
1.0000000000000000,
0.0668857451334447,
1.0000000000000000,
1.0000000000000000,
1.0000000000000000,
1.0000000000000000,
1.0000000000000000,
0.9365042445013417,
1.0000000000000000,
1.0000000000000000,
1.0000000000000000,
1.0000000000000000,
1.0000000000000000,
1.0000000000000000,
1.0000000000000000,
1.0000000000000000,
1.0000000000000000,
1.0000000000000000,
1.0000000000000000,
1.0000000000000000,
1.0000000000000000,
1.0000000000000000,
1.0000000000000000,
1.0000000000000000,
1.0000000000000000,
1.0000000000000000,
1.0000000000000000,
1.0000000000000000,
1.0000000000000000,
1.0000000000000000,
1.0000000000000000,
1.0000000000000000,
1.0000000000000000,
1.0000000000000000,
1.0000000000000000,
0.0215135482578479,
1.0000000000000000,
1.0000000000000000,
1.0000000000000000,
1.0000000000000000,
1.0000000000000000,
1.0000000000000000,
1.0000000000000000,
1.0000000000000000,
1.0000000000000000,
1.0000000000000000,
1.0000000000000000,
1.0000000000000000,
1.0000000000000000,
0.0101129952744676,
1.0000000000000000,
1.0000000000000000,
1.0000000000000000,
1.0000000000000000,
1.0000000000000000,
1.0000000000000000,
1.0000000000000000,
1.0000000000000000,
1.0000000000000000,
1.0000000000000000,
1.0000000000000000,
1.0000000000000000,
1.0000000000000000,
1.0000000000000000,
1.0000000000000000,
1.0000000000000000,
1.0000000000000000,
1.0000000000000000,
1.0000000000000000,
1.0000000000000000,
1.0000000000000000,
1.0000000000000000,
1.0000000000000000,
1.0000000000000000,
1.0000000000000000,
1.0000000000000000,
0.1049238013161917,
1.0000000000000000,
1.0000000000000000,
1.0000000000000000,
1.0000000000000000,
1.0000000000000000,
1.0000000000000000,
1.0000000000000000,
1.0000000000000000,
1.0000000000000000,
1.0000000000000000,
1.0000000000000000,
1.0000000000000000,
1.0000000000000000,
1.0000000000000000,
1.0000000000000000,
1.0000000000000000,
1.0000000000000000,
1.0000000000000000,
1.0000000000000000,
1.0000000000000000,
1.0000000000000000,
1.0000000000000000,
1.0000000000000000,
1.0000000000000000,
1.0000000000000000,
1.0000000000000000,
1.0000000000000000,
1.0000000000000000,
1.0000000000000000,
1.0000000000000000,
1.0000000000000000,
1.0000000000000000,
1.0000000000000000,
1.0000000000000000,
1.0000000000000000,
1.0000000000000000,
0.8130931522589856,
1.0000000000000000,
1.0000000000000000,
1.0000000000000000,
1.0000000000000000,
1.0000000000000000,
1.0000000000000000,
1.0000000000000000,
1.0000000000000000,
1.0000000000000000,
1.0000000000000000,
1.0000000000000000,
1.0000000000000000,
1.0000000000000000,
1.0000000000000000,
0.0586260925206770,
1.0000000000000000,
1.0000000000000000,
1.0000000000000000,
1.0000000000000000,
0.0572131083132520,
1.0000000000000000,
1.0000000000000000,
1.0000000000000000,
1.0000000000000000,
1.0000000000000000,
1.0000000000000000,
1.0000000000000000,
1.0000000000000000,
1.0000000000000000,
1.0000000000000000,
1.0000000000000000,
1.0000000000000000,
1.0000000000000000,
1.0000000000000000,
1.0000000000000000,
1.0000000000000000,
1.0000000000000000,
1.0000000000000000,
1.0000000000000000,
1.0000000000000000,
1.0000000000000000,
1.0000000000000000,
1.0000000000000000,
1.0000000000000000,
1.0000000000000000,
1.0000000000000000,
1.0000000000000000,
1.0000000000000000,
1.0000000000000000,
1.0000000000000000,
1.0000000000000000,
1.0000000000000000,
1.0000000000000000,
1.0000000000000000,
0.8881689274659728,
1.0000000000000000,
1.0000000000000000,
1.0000000000000000,
1.0000000000000000,
1.0000000000000000,
0.1916109983223693,
1.0000000000000000,
1.0000000000000000,
1.0000000000000000,
1.0000000000000000,
1.0000000000000000,
1.0000000000000000,
1.0000000000000000,
1.0000000000000000,
1.0000000000000000,
1.0000000000000000,
1.0000000000000000,
1.0000000000000000,
1.0000000000000000,
1.0000000000000000,
1.0000000000000000,
0.0441467124357525,
1.0000000000000000,
1.0000000000000000,
1.0000000000000000,
1.0000000000000000,
1.0000000000000000,
1.0000000000000000,
1.0000000000000000,
1.0000000000000000,
1.0000000000000000,
0.1321045703783480,
1.0000000000000000,
1.0000000000000000,
1.0000000000000000,
1.0000000000000000,
1.0000000000000000,
1.0000000000000000,
1.0000000000000000,
1.0000000000000000,
0.8473540917051424,
1.0000000000000000,
1.0000000000000000,
1.0000000000000000,
1.0000000000000000,
1.0000000000000000,
0.0760146043366721,
1.0000000000000000,
1.0000000000000000,
1.0000000000000000,
0.0360096504818768,
1.0000000000000000,
1.0000000000000000,
1.0000000000000000,
1.0000000000000000,
1.0000000000000000,
1.0000000000000000,
1.0000000000000000,
1.0000000000000000,
1.0000000000000000,
1.0000000000000000,
1.0000000000000000,
1.0000000000000000,
1.0000000000000000,
1.0000000000000000,
1.0000000000000000,
1.0000000000000000,
1.0000000000000000,
1.0000000000000000,
1.0000000000000000,
1.0000000000000000,
1.0000000000000000,
1.0000000000000000,
1.0000000000000000,
0.2614560966818647,
1.0000000000000000,
1.0000000000000000,
1.0000000000000000,
1.0000000000000000,
1.0000000000000000,
1.0000000000000000,
1.0000000000000000,
1.0000000000000000,
1.0000000000000000,
1.0000000000000000,
1.0000000000000000,
1.0000000000000000,
1.0000000000000000,
1.0000000000000000,
0.2507197950133492,
1.0000000000000000,
1.0000000000000000,
1.0000000000000000,
1.0000000000000000,
1.0000000000000000,
1.0000000000000000,
1.0000000000000000,
1.0000000000000000,
1.0000000000000000,
0.2338793919463437,
1.0000000000000000,
1.0000000000000000,
1.0000000000000000,
0.0101230853444621,
1.0000000000000000,
1.0000000000000000,
1.0000000000000000,
1.0000000000000000,
1.0000000000000000,
1.0000000000000000,
1.0000000000000000,
1.0000000000000000,
1.0000000000000000,
1.0000000000000000,
1.0000000000000000,
1.0000000000000000,
1.0000000000000000,
1.0000000000000000,
1.0000000000000000,
1.0000000000000000,
1.0000000000000000,
1.0000000000000000,
1.0000000000000000,
1.0000000000000000,
1.0000000000000000,
1.0000000000000000,
1.0000000000000000,
1.0000000000000000,
0.0952211818021334,
1.0000000000000000,
1.0000000000000000,
1.0000000000000000,
1.0000000000000000,
1.0000000000000000,
1.0000000000000000,
1.0000000000000000,
0.6330764818700101,
1.0000000000000000,
1.0000000000000000,
1.0000000000000000,
1.0000000000000000,
0.1734671693897157,
1.0000000000000000,
1.0000000000000000,
1.0000000000000000,
1.0000000000000000,
1.0000000000000000,
1.0000000000000000,
0.1456982662968357,
1.0000000000000000,
1.0000000000000000,
1.0000000000000000,
1.0000000000000000,
1.0000000000000000,
1.0000000000000000,
1.0000000000000000,
1.0000000000000000,
1.0000000000000000,
1.0000000000000000,
1.0000000000000000,
1.0000000000000000,
1.0000000000000000,
1.0000000000000000,
1.0000000000000000,
1.0000000000000000,
1.0000000000000000,
1.0000000000000000,
1.0000000000000000,
1.0000000000000000,
1.0000000000000000,
1.0000000000000000,
1.0000000000000000,
1.0000000000000000,
1.0000000000000000,
1.0000000000000000,
1.0000000000000000,
1.0000000000000000,
1.0000000000000000,
1.0000000000000000,
1.0000000000000000,
1.0000000000000000,
1.0000000000000000,
1.0000000000000000,
1.0000000000000000,
1.0000000000000000,
1.0000000000000000,
1.0000000000000000,
1.0000000000000000,
1.0000000000000000,
1.0000000000000000,
1.0000000000000000,
1.0000000000000000,
1.0000000000000000,
1.0000000000000000,
1.0000000000000000,
1.0000000000000000,
1.0000000000000000,
1.0000000000000000,
1.0000000000000000,
1.0000000000000000,
1.0000000000000000,
1.0000000000000000,
1.0000000000000000,
1.0000000000000000,
1.0000000000000000,
1.0000000000000000,
1.0000000000000000,
1.0000000000000000,
1.0000000000000000,
1.0000000000000000,
1.0000000000000000,
1.0000000000000000,
1.0000000000000000,
1.0000000000000000,
1.0000000000000000,
1.0000000000000000,
1.0000000000000000,
1.0000000000000000,
1.0000000000000000,
1.0000000000000000,
1.0000000000000000,
1.0000000000000000,
1.0000000000000000,
1.0000000000000000,
1.0000000000000000,
1.0000000000000000,
1.0000000000000000,
1.0000000000000000,
1.0000000000000000,
1.0000000000000000,
1.0000000000000000,
1.0000000000000000,
1.0000000000000000,
1.0000000000000000,
1.0000000000000000,
1.0000000000000000,
1.0000000000000000,
1.0000000000000000,
1.0000000000000000,
0.1089335401806082,
1.0000000000000000,
1.0000000000000000,
1.0000000000000000,
1.0000000000000000,
0.0414711225739016,
1.0000000000000000,
1.0000000000000000,
1.0000000000000000,
1.0000000000000000,
1.0000000000000000,
1.0000000000000000,
1.0000000000000000,
1.0000000000000000,
1.0000000000000000,
1.0000000000000000,
1.0000000000000000,
1.0000000000000000,
1.0000000000000000,
0.0179451212453394,
0.7862796031986345,
1.0000000000000000,
1.0000000000000000,
1.0000000000000000,
1.0000000000000000,
1.0000000000000000,
1.0000000000000000,
1.0000000000000000,
1.0000000000000000,
1.0000000000000000,
1.0000000000000000,
1.0000000000000000,
1.0000000000000000,
1.0000000000000000,
1.0000000000000000,
1.0000000000000000,
1.0000000000000000,
1.0000000000000000,
1.0000000000000000,
1.0000000000000000,
1.0000000000000000,
0.0464070591597684,
1.0000000000000000,
1.0000000000000000,
1.0000000000000000,
1.0000000000000000,
1.0000000000000000,
0.0363110483056450,
1.0000000000000000,
1.0000000000000000,
1.0000000000000000,
1.0000000000000000,
1.0000000000000000,
1.0000000000000000,
1.0000000000000000,
1.0000000000000000,
1.0000000000000000,
1.0000000000000000,
1.0000000000000000,
1.0000000000000000,
1.0000000000000000,
1.0000000000000000,
1.0000000000000000,
1.0000000000000000,
1.0000000000000000,
1.0000000000000000,
1.0000000000000000,
1.0000000000000000,
1.0000000000000000,
1.0000000000000000,
1.0000000000000000,
0.0083284292425781,
1.0000000000000000,
0.0580940508723202,
1.0000000000000000,
1.0000000000000000,
1.0000000000000000,
1.0000000000000000,
1.0000000000000000,
1.0000000000000000,
1.0000000000000000,
1.0000000000000000,
1.0000000000000000,
1.0000000000000000,
1.0000000000000000,
0.1185846916939313,
1.0000000000000000,
1.0000000000000000,
1.0000000000000000,
1.0000000000000000,
1.0000000000000000,
1.0000000000000000,
1.0000000000000000,
1.0000000000000000,
1.0000000000000000,
1.0000000000000000,
1.0000000000000000,
1.0000000000000000,
1.0000000000000000,
1.0000000000000000,
1.0000000000000000,
1.0000000000000000,
1.0000000000000000,
1.0000000000000000,
1.0000000000000000,
1.0000000000000000,
1.0000000000000000,
1.0000000000000000,
1.0000000000000000,
1.0000000000000000,
1.0000000000000000,
1.0000000000000000,
1.0000000000000000,
1.0000000000000000,
1.0000000000000000,
1.0000000000000000,
1.0000000000000000,
1.0000000000000000,
1.0000000000000000,
1.0000000000000000,
1.0000000000000000,
1.0000000000000000,
1.0000000000000000,
1.0000000000000000,
1.0000000000000000,
0.9599851661128519,
1.0000000000000000,
1.0000000000000000,
1.0000000000000000,
1.0000000000000000,
1.0000000000000000,
1.0000000000000000,
1.0000000000000000,
1.0000000000000000,
1.0000000000000000,
1.0000000000000000,
1.0000000000000000,
1.0000000000000000,
1.0000000000000000,
1.0000000000000000,
1.0000000000000000,
1.0000000000000000,
1.0000000000000000,
1.0000000000000000,
1.0000000000000000,
0.6450559377598347,
1.0000000000000000,
1.0000000000000000,
1.0000000000000000,
1.0000000000000000,
1.0000000000000000,
1.0000000000000000,
1.0000000000000000,
1.0000000000000000,
0.0810935730882487,
1.0000000000000000,
1.0000000000000000,
1.0000000000000000,
1.0000000000000000,
1.0000000000000000,
1.0000000000000000,
1.0000000000000000,
1.0000000000000000,
1.0000000000000000,
1.0000000000000000,
1.0000000000000000,
1.0000000000000000,
1.0000000000000000,
1.0000000000000000,
1.0000000000000000,
1.0000000000000000,
1.0000000000000000,
1.0000000000000000,
1.0000000000000000,
1.0000000000000000,
1.0000000000000000,
1.0000000000000000,
1.0000000000000000,
1.0000000000000000,
1.0000000000000000,
1.0000000000000000,
1.0000000000000000,
1.0000000000000000,
1.0000000000000000,
1.0000000000000000,
1.0000000000000000,
1.0000000000000000,
1.0000000000000000,
1.0000000000000000,
1.0000000000000000,
1.0000000000000000,
1.0000000000000000,
1.0000000000000000,
1.0000000000000000,
1.0000000000000000,
1.0000000000000000,
1.0000000000000000,
0.6411158803191509,
1.0000000000000000,
1.0000000000000000,
1.0000000000000000,
1.0000000000000000,
1.0000000000000000,
1.0000000000000000,
1.0000000000000000,
1.0000000000000000,
1.0000000000000000,
1.0000000000000000,
0.0110021648530005,
1.0000000000000000,
1.0000000000000000,
1.0000000000000000,
1.0000000000000000,
1.0000000000000000,
1.0000000000000000,
1.0000000000000000,
1.0000000000000000,
1.0000000000000000,
1.0000000000000000,
1.0000000000000000,
1.0000000000000000,
1.0000000000000000,
1.0000000000000000,
1.0000000000000000,
1.0000000000000000,
0.1083161480871963,
1.0000000000000000,
1.0000000000000000,
1.0000000000000000,
1.0000000000000000,
1.0000000000000000,
1.0000000000000000,
1.0000000000000000,
1.0000000000000000,
0.1552519743255056,
1.0000000000000000,
1.0000000000000000,
1.0000000000000000,
1.0000000000000000,
1.0000000000000000,
1.0000000000000000,
1.0000000000000000,
1.0000000000000000,
1.0000000000000000,
1.0000000000000000,
1.0000000000000000,
1.0000000000000000,
1.0000000000000000,
1.0000000000000000,
1.0000000000000000,
1.0000000000000000,
1.0000000000000000,
1.0000000000000000,
1.0000000000000000,
1.0000000000000000,
1.0000000000000000,
1.0000000000000000,
1.0000000000000000,
1.0000000000000000,
1.0000000000000000,
1.0000000000000000,
1.0000000000000000,
1.0000000000000000,
1.0000000000000000,
1.0000000000000000,
1.0000000000000000,
1.0000000000000000,
1.0000000000000000,
1.0000000000000000,
1.0000000000000000,
1.0000000000000000,
1.0000000000000000,
1.0000000000000000,
1.0000000000000000,
1.0000000000000000,
1.0000000000000000,
1.0000000000000000,
1.0000000000000000,
1.0000000000000000,
1.0000000000000000,
1.0000000000000000,
1.0000000000000000,
1.0000000000000000,
1.0000000000000000,
1.0000000000000000,
1.0000000000000000,
1.0000000000000000,
1.0000000000000000,
1.0000000000000000,
1.0000000000000000,
1.0000000000000000,
1.0000000000000000,
1.0000000000000000,
1.0000000000000000,
1.0000000000000000,
1.0000000000000000,
1.0000000000000000,
1.0000000000000000,
1.0000000000000000,
1.0000000000000000,
1.0000000000000000,
1.0000000000000000,
1.0000000000000000,
1.0000000000000000,
1.0000000000000000,
1.0000000000000000,
1.0000000000000000,
1.0000000000000000,
1.0000000000000000,
1.0000000000000000,
1.0000000000000000,
1.0000000000000000,
1.0000000000000000,
1.0000000000000000,
1.0000000000000000,
1.0000000000000000,
1.0000000000000000,
1.0000000000000000,
1.0000000000000000,
1.0000000000000000,
1.0000000000000000,
1.0000000000000000,
1.0000000000000000,
1.0000000000000000,
1.0000000000000000,
1.0000000000000000,
1.0000000000000000,
1.0000000000000000,
1.0000000000000000,
1.0000000000000000,
1.0000000000000000,
1.0000000000000000,
1.0000000000000000,
1.0000000000000000,
1.0000000000000000,
1.0000000000000000,
1.0000000000000000,
1.0000000000000000,
1.0000000000000000,
1.0000000000000000,
1.0000000000000000,
1.0000000000000000,
1.0000000000000000,
1.0000000000000000,
1.0000000000000000,
1.0000000000000000,
1.0000000000000000,
1.0000000000000000,
1.0000000000000000,
1.0000000000000000,
1.0000000000000000,
1.0000000000000000,
1.0000000000000000,
1.0000000000000000,
1.0000000000000000,
1.0000000000000000,
1.0000000000000000,
1.0000000000000000,
1.0000000000000000,
1.0000000000000000,
1.0000000000000000,
1.0000000000000000,
1.0000000000000000,
1.0000000000000000,
1.0000000000000000,
1.0000000000000000,
1.0000000000000000,
1.0000000000000000,
1.0000000000000000,
1.0000000000000000,
1.0000000000000000,
1.0000000000000000,
1.0000000000000000,
1.0000000000000000,
0.0114066751217970,
1.0000000000000000,
0.2666547075413587,
1.0000000000000000,
1.0000000000000000,
1.0000000000000000,
1.0000000000000000,
1.0000000000000000,
1.0000000000000000,
1.0000000000000000,
0.0222757404491024,
1.0000000000000000,
0.1042005453618911,
1.0000000000000000,
1.0000000000000000,
1.0000000000000000,
1.0000000000000000,
0.0314655222962053,
1.0000000000000000,
1.0000000000000000,
1.0000000000000000,
1.0000000000000000,
1.0000000000000000,
1.0000000000000000,
1.0000000000000000,
1.0000000000000000,
1.0000000000000000,
1.0000000000000000,
1.0000000000000000,
1.0000000000000000,
1.0000000000000000,
1.0000000000000000,
1.0000000000000000,
1.0000000000000000,
1.0000000000000000,
1.0000000000000000,
1.0000000000000000,
1.0000000000000000,
1.0000000000000000,
1.0000000000000000,
1.0000000000000000,
1.0000000000000000,
1.0000000000000000,
1.0000000000000000,
1.0000000000000000,
1.0000000000000000,
1.0000000000000000,
1.0000000000000000,
1.0000000000000000,
1.0000000000000000,
1.0000000000000000,
1.0000000000000000,
1.0000000000000000,
1.0000000000000000,
1.0000000000000000,
1.0000000000000000,
0.2278097945543162,
1.0000000000000000,
1.0000000000000000,
1.0000000000000000,
1.0000000000000000,
1.0000000000000000,
1.0000000000000000,
1.0000000000000000,
1.0000000000000000,
1.0000000000000000,
1.0000000000000000,
1.0000000000000000,
1.0000000000000000,
1.0000000000000000,
1.0000000000000000,
1.0000000000000000,
1.0000000000000000,
1.0000000000000000,
1.0000000000000000,
1.0000000000000000,
1.0000000000000000,
1.0000000000000000,
1.0000000000000000,
1.0000000000000000,
1.0000000000000000,
1.0000000000000000,
1.0000000000000000,
1.0000000000000000,
1.0000000000000000,
0.2440721017386838,
1.0000000000000000,
1.0000000000000000,
1.0000000000000000,
1.0000000000000000,
0.0433458281361139,
1.0000000000000000,
1.0000000000000000,
1.0000000000000000,
1.0000000000000000,
1.0000000000000000,
1.0000000000000000,
1.0000000000000000,
1.0000000000000000,
1.0000000000000000,
1.0000000000000000,
1.0000000000000000,
1.0000000000000000,
0.1186354055034404,
1.0000000000000000,
1.0000000000000000,
-1.0000000000000000,
-1.0000000000000000,
-1.0000000000000000,
-1.0000000000000000,
-1.0000000000000000,
-1.0000000000000000,
-1.0000000000000000,
-1.0000000000000000,
-1.0000000000000000,
-1.0000000000000000,
-1.0000000000000000,
-1.0000000000000000,
-1.0000000000000000,
-1.0000000000000000,
-1.0000000000000000,
-1.0000000000000000,
-1.0000000000000000,
-1.0000000000000000,
-0.9184835445099878,
-1.0000000000000000,
-1.0000000000000000,
-1.0000000000000000,
-1.0000000000000000,
-1.0000000000000000,
-1.0000000000000000,
-1.0000000000000000,
-1.0000000000000000,
-1.0000000000000000,
-1.0000000000000000,
-1.0000000000000000,
-1.0000000000000000,
-1.0000000000000000,
-1.0000000000000000,
-1.0000000000000000,
-1.0000000000000000,
-1.0000000000000000,
-1.0000000000000000,
-1.0000000000000000,
-0.1692872595909446,
-1.0000000000000000,
-1.0000000000000000,
-1.0000000000000000,
-1.0000000000000000,
-1.0000000000000000,
-1.0000000000000000,
-1.0000000000000000,
-1.0000000000000000,
-1.0000000000000000,
-1.0000000000000000,
-1.0000000000000000,
-1.0000000000000000,
-1.0000000000000000,
-1.0000000000000000,
-1.0000000000000000,
-0.4233772264859167,
-1.0000000000000000,
-1.0000000000000000,
-0.5420184594941535,
-1.0000000000000000,
-1.0000000000000000,
-1.0000000000000000,
-1.0000000000000000,
-0.1333848230796828,
-1.0000000000000000,
-1.0000000000000000,
-1.0000000000000000,
-1.0000000000000000,
-1.0000000000000000,
-1.0000000000000000,
-1.0000000000000000,
-1.0000000000000000,
-1.0000000000000000,
-1.0000000000000000,
-0.6972597183824017,
-1.0000000000000000,
-1.0000000000000000,
-0.6045220354276887,
-1.0000000000000000,
-1.0000000000000000,
-1.0000000000000000,
-1.0000000000000000,
-1.0000000000000000,
-1.0000000000000000,
-1.0000000000000000,
-1.0000000000000000,
-1.0000000000000000,
-1.0000000000000000,
-1.0000000000000000,
-1.0000000000000000,
-1.0000000000000000,
-1.0000000000000000,
-1.0000000000000000,
-1.0000000000000000,
-1.0000000000000000,
-1.0000000000000000,
-1.0000000000000000,
-1.0000000000000000,
-1.0000000000000000,
-1.0000000000000000,
-1.0000000000000000,
-1.0000000000000000,
-1.0000000000000000,
-1.0000000000000000,
-1.0000000000000000,
-1.0000000000000000,
-0.6159502980806788,
-1.0000000000000000,
-1.0000000000000000,
-1.0000000000000000,
-1.0000000000000000,
-1.0000000000000000,
-1.0000000000000000,
-1.0000000000000000,
-1.0000000000000000,
-1.0000000000000000,
-1.0000000000000000,
-1.0000000000000000,
-1.0000000000000000,
-1.0000000000000000,
-1.0000000000000000,
-1.0000000000000000,
-1.0000000000000000,
-1.0000000000000000,
-1.0000000000000000,
-1.0000000000000000,
-1.0000000000000000,
-1.0000000000000000,
-1.0000000000000000,
-1.0000000000000000,
-1.0000000000000000,
-1.0000000000000000,
-1.0000000000000000,
-1.0000000000000000,
-1.0000000000000000,
-1.0000000000000000,
-1.0000000000000000,
-1.0000000000000000,
-1.0000000000000000,
-1.0000000000000000,
-1.0000000000000000,
-1.0000000000000000,
-1.0000000000000000,
-0.4291971391271170,
-1.0000000000000000,
-1.0000000000000000,
-0.7398217732397905,
-1.0000000000000000,
-1.0000000000000000,
-1.0000000000000000,
-1.0000000000000000,
-0.4738337234357231,
-1.0000000000000000,
-1.0000000000000000,
-1.0000000000000000,
-1.0000000000000000,
-0.7178706434916571,
-1.0000000000000000,
-1.0000000000000000,
-1.0000000000000000,
-1.0000000000000000,
-1.0000000000000000,
-0.9607763125340034,
-1.0000000000000000,
-1.0000000000000000,
-1.0000000000000000,
-1.0000000000000000,
-1.0000000000000000,
-1.0000000000000000,
-1.0000000000000000,
-1.0000000000000000,
-1.0000000000000000,
-1.0000000000000000,
-1.0000000000000000,
-1.0000000000000000,
-1.0000000000000000,
-0.1782455202825045,
-1.0000000000000000,
-1.0000000000000000,
-1.0000000000000000,
-1.0000000000000000,
-0.0924187651835344,
-1.0000000000000000,
-1.0000000000000000,
-1.0000000000000000,
-1.0000000000000000,
-1.0000000000000000,
-1.0000000000000000,
-1.0000000000000000,
-1.0000000000000000,
-1.0000000000000000,
-1.0000000000000000,
-1.0000000000000000,
-1.0000000000000000,
-1.0000000000000000,
-1.0000000000000000,
-1.0000000000000000,
-1.0000000000000000,
-1.0000000000000000,
-1.0000000000000000,
-1.0000000000000000,
-0.8660192746068015,
-1.0000000000000000,
-1.0000000000000000,
-1.0000000000000000,
-1.0000000000000000,
-1.0000000000000000,
-1.0000000000000000,
-1.0000000000000000,
-1.0000000000000000,
-1.0000000000000000,
-1.0000000000000000,
-1.0000000000000000,
-1.0000000000000000,
-1.0000000000000000,
-1.0000000000000000,
-1.0000000000000000,
-1.0000000000000000,
-1.0000000000000000,
-1.0000000000000000,
-1.0000000000000000,
-1.0000000000000000,
-1.0000000000000000,
-1.0000000000000000,
-1.0000000000000000,
-1.0000000000000000,
-1.0000000000000000,
-1.0000000000000000,
-1.0000000000000000,
-1.0000000000000000,
-1.0000000000000000,
-1.0000000000000000,
-1.0000000000000000,
-1.0000000000000000,
-1.0000000000000000,
-1.0000000000000000,
-1.0000000000000000,
-1.0000000000000000,
-1.0000000000000000,
-1.0000000000000000,
-1.0000000000000000,
-1.0000000000000000,
-1.0000000000000000,
-1.0000000000000000,
-1.0000000000000000,
-1.0000000000000000,
-1.0000000000000000,
-1.0000000000000000,
-1.0000000000000000,
-1.0000000000000000,
-1.0000000000000000,
-1.0000000000000000,
-1.0000000000000000,
-1.0000000000000000,
-1.0000000000000000,
-1.0000000000000000,
-1.0000000000000000,
-1.0000000000000000,
-1.0000000000000000,
-1.0000000000000000,
-1.0000000000000000,
-0.2419866607039461,
-1.0000000000000000,
-1.0000000000000000,
-0.8572199579073823,
-1.0000000000000000,
-1.0000000000000000,
-1.0000000000000000,
-1.0000000000000000,
-1.0000000000000000,
-1.0000000000000000,
-1.0000000000000000,
-1.0000000000000000,
-1.0000000000000000,
-1.0000000000000000,
-1.0000000000000000,
-1.0000000000000000,
-1.0000000000000000,
-1.0000000000000000,
-1.0000000000000000,
-1.0000000000000000,
-1.0000000000000000,
-1.0000000000000000,
-1.0000000000000000,
-1.0000000000000000,
-1.0000000000000000,
-1.0000000000000000,
-1.0000000000000000,
-1.0000000000000000,
-1.0000000000000000,
-1.0000000000000000,
-1.0000000000000000,
-1.0000000000000000,
-1.0000000000000000,
-1.0000000000000000,
-1.0000000000000000,
-1.0000000000000000,
-1.0000000000000000,
-1.0000000000000000,
-1.0000000000000000,
-1.0000000000000000,
-1.0000000000000000,
-1.0000000000000000,
-1.0000000000000000,
-1.0000000000000000,
-1.0000000000000000,
-1.0000000000000000,
-1.0000000000000000,
-1.0000000000000000,
-1.0000000000000000,
-1.0000000000000000,
-1.0000000000000000,
-1.0000000000000000,
-0.8242970795498598,
-1.0000000000000000,
-1.0000000000000000,
-1.0000000000000000,
-1.0000000000000000,
-1.0000000000000000,
-1.0000000000000000,
-1.0000000000000000,
-1.0000000000000000,
-1.0000000000000000,
-1.0000000000000000,
-1.0000000000000000,
-1.0000000000000000,
-1.0000000000000000,
-1.0000000000000000,
-1.0000000000000000,
-1.0000000000000000,
-1.0000000000000000,
-1.0000000000000000,
-1.0000000000000000,
-1.0000000000000000,
-1.0000000000000000,
-1.0000000000000000,
-1.0000000000000000,
-1.0000000000000000,
-1.0000000000000000,
-1.0000000000000000,
-1.0000000000000000,
-1.0000000000000000,
-1.0000000000000000,
-1.0000000000000000,
-1.0000000000000000,
-1.0000000000000000,
-1.0000000000000000,
-1.0000000000000000,
-1.0000000000000000,
-1.0000000000000000,
-1.0000000000000000,
-1.0000000000000000,
-0.2554560381846809,
-1.0000000000000000,
-1.0000000000000000,
-1.0000000000000000,
-1.0000000000000000,
-1.0000000000000000,
-1.0000000000000000,
-1.0000000000000000,
-1.0000000000000000,
-1.0000000000000000,
-1.0000000000000000,
-1.0000000000000000,
-1.0000000000000000,
-1.0000000000000000,
-1.0000000000000000,
-1.0000000000000000,
-1.0000000000000000,
-1.0000000000000000,
-1.0000000000000000,
-1.0000000000000000,
-1.0000000000000000,
-1.0000000000000000,
-1.0000000000000000,
-1.0000000000000000,
-1.0000000000000000,
-1.0000000000000000,
-1.0000000000000000,
-1.0000000000000000,
-1.0000000000000000,
-1.0000000000000000,
-1.0000000000000000,
-0.3838922152192532,
-1.0000000000000000,
-1.0000000000000000,
-1.0000000000000000,
-1.0000000000000000,
-1.0000000000000000,
-1.0000000000000000,
-1.0000000000000000,
-1.0000000000000000,
-1.0000000000000000,
-1.0000000000000000,
-1.0000000000000000,
-1.0000000000000000,
-1.0000000000000000,
-1.0000000000000000,
-1.0000000000000000,
-1.0000000000000000,
-1.0000000000000000,
-1.0000000000000000,
-1.0000000000000000,
-1.0000000000000000,
-1.0000000000000000,
-1.0000000000000000,
-1.0000000000000000,
-1.0000000000000000,
-1.0000000000000000,
-1.0000000000000000,
-1.0000000000000000,
-1.0000000000000000,
-1.0000000000000000,
-1.0000000000000000,
-1.0000000000000000,
-1.0000000000000000,
-1.0000000000000000,
-1.0000000000000000,
-1.0000000000000000,
-1.0000000000000000,
-1.0000000000000000,
-1.0000000000000000,
-1.0000000000000000,
-1.0000000000000000,
-1.0000000000000000,
-1.0000000000000000,
-1.0000000000000000,
-1.0000000000000000,
-1.0000000000000000,
-1.0000000000000000,
-1.0000000000000000,
-1.0000000000000000,
-1.0000000000000000,
-1.0000000000000000,
-1.0000000000000000,
-1.0000000000000000,
-1.0000000000000000,
-1.0000000000000000,
-1.0000000000000000,
-1.0000000000000000,
-1.0000000000000000,
-1.0000000000000000,
-1.0000000000000000,
-0.3418998923276814,
-1.0000000000000000,
-1.0000000000000000,
-1.0000000000000000,
-1.0000000000000000,
-1.0000000000000000,
-1.0000000000000000,
-0.8550555103939370,
-1.0000000000000000,
-1.0000000000000000,
-1.0000000000000000,
-1.0000000000000000,
-1.0000000000000000,
-1.0000000000000000,
-1.0000000000000000,
-1.0000000000000000,
-1.0000000000000000,
-1.0000000000000000,
-1.0000000000000000,
-1.0000000000000000,
-0.1076874650010067,
-1.0000000000000000,
-1.0000000000000000,
-1.0000000000000000,
-1.0000000000000000,
-1.0000000000000000,
-1.0000000000000000,
-1.0000000000000000,
-1.0000000000000000,
-1.0000000000000000,
-1.0000000000000000,
-1.0000000000000000,
-1.0000000000000000,
-0.3529451651159916,
-1.0000000000000000,
-1.0000000000000000,
-1.0000000000000000,
-1.0000000000000000,
-1.0000000000000000,
-1.0000000000000000,
-1.0000000000000000,
-1.0000000000000000,
-1.0000000000000000,
-1.0000000000000000,
-1.0000000000000000,
-1.0000000000000000,
-1.0000000000000000,
-1.0000000000000000,
-1.0000000000000000,
-1.0000000000000000,
-1.0000000000000000,
-1.0000000000000000,
-1.0000000000000000,
-1.0000000000000000,
-1.0000000000000000,
-1.0000000000000000,
-1.0000000000000000,
-1.0000000000000000,
-1.0000000000000000,
-1.0000000000000000,
-1.0000000000000000,
-1.0000000000000000,
-1.0000000000000000,
-1.0000000000000000,
-1.0000000000000000,
-1.0000000000000000,
-1.0000000000000000,
-1.0000000000000000,
-1.0000000000000000,
-1.0000000000000000,
-1.0000000000000000,
-1.0000000000000000,
-1.0000000000000000,
-1.0000000000000000,
-1.0000000000000000,
-1.0000000000000000,
-1.0000000000000000,
-1.0000000000000000,
-1.0000000000000000,
-1.0000000000000000,
-1.0000000000000000,
-1.0000000000000000,
-1.0000000000000000,
-1.0000000000000000,
-1.0000000000000000,
-1.0000000000000000,
-1.0000000000000000,
-1.0000000000000000,
-1.0000000000000000,
-1.0000000000000000,
-1.0000000000000000,
-1.0000000000000000,
-1.0000000000000000,
-1.0000000000000000,
-1.0000000000000000,
-1.0000000000000000,
-1.0000000000000000,
-1.0000000000000000,
-1.0000000000000000,
-0.4104044526710235,
-1.0000000000000000,
-1.0000000000000000,
-1.0000000000000000,
-1.0000000000000000,
-1.0000000000000000,
-1.0000000000000000,
-1.0000000000000000,
-1.0000000000000000,
-1.0000000000000000,
-0.8411574280016495,
-1.0000000000000000,
-0.8176092721359681,
-0.0716384837185712,
-1.0000000000000000,
-1.0000000000000000,
-1.0000000000000000,
-1.0000000000000000,
-1.0000000000000000,
-1.0000000000000000,
-1.0000000000000000,
-1.0000000000000000,
-1.0000000000000000,
-1.0000000000000000,
-1.0000000000000000,
-0.3332599367811590,
-1.0000000000000000,
-1.0000000000000000,
-1.0000000000000000,
-1.0000000000000000,
-1.0000000000000000,
-1.0000000000000000,
-1.0000000000000000,
-1.0000000000000000,
-1.0000000000000000,
-1.0000000000000000,
-1.0000000000000000,
-1.0000000000000000,
-1.0000000000000000,
-1.0000000000000000,
-1.0000000000000000,
-1.0000000000000000,
-1.0000000000000000,
-1.0000000000000000,
-1.0000000000000000,
-1.0000000000000000,
-1.0000000000000000,
-1.0000000000000000,
-1.0000000000000000,
-0.1326782541954950,
-1.0000000000000000,
-1.0000000000000000,
-1.0000000000000000,
-1.0000000000000000,
-1.0000000000000000,
-1.0000000000000000,
-1.0000000000000000,
-1.0000000000000000,
-1.0000000000000000,
-1.0000000000000000,
-1.0000000000000000,
-1.0000000000000000,
-1.0000000000000000,
-1.0000000000000000,
-1.0000000000000000,
-1.0000000000000000,
-1.0000000000000000,
-1.0000000000000000,
-1.0000000000000000,
-1.0000000000000000,
-1.0000000000000000,
-1.0000000000000000,
-1.0000000000000000,
-1.0000000000000000,
-1.0000000000000000,
-1.0000000000000000,
-1.0000000000000000,
-1.0000000000000000,
-1.0000000000000000,
-1.0000000000000000,
-1.0000000000000000,
-1.0000000000000000,
-1.0000000000000000,
-1.0000000000000000,
-1.0000000000000000,
-1.0000000000000000,
-1.0000000000000000,
-1.0000000000000000,
-1.0000000000000000,
-1.0000000000000000,
-1.0000000000000000,
-1.0000000000000000,
-1.0000000000000000,
-1.0000000000000000,
-1.0000000000000000,
-1.0000000000000000,
-1.0000000000000000,
-1.0000000000000000,
-1.0000000000000000,
-1.0000000000000000,
-1.0000000000000000,
-1.0000000000000000,
-1.0000000000000000,
-1.0000000000000000,
-1.0000000000000000,
-1.0000000000000000,
-1.0000000000000000,
-1.0000000000000000,
-1.0000000000000000,
-1.0000000000000000,
-1.0000000000000000,
-1.0000000000000000,
-1.0000000000000000,
-1.0000000000000000,
-1.0000000000000000,
-1.0000000000000000,
-1.0000000000000000,
-1.0000000000000000,
-1.0000000000000000,
-1.0000000000000000,
-1.0000000000000000,
-1.0000000000000000,
-1.0000000000000000,
-1.0000000000000000,
-1.0000000000000000,
-1.0000000000000000,
-1.0000000000000000,
-1.0000000000000000,
-1.0000000000000000,
-1.0000000000000000,
-1.0000000000000000,
-1.0000000000000000,
-1.0000000000000000,
-1.0000000000000000,
-1.0000000000000000,
-1.0000000000000000,
-1.0000000000000000,
-1.0000000000000000,
-1.0000000000000000,
-1.0000000000000000,
-1.0000000000000000,
-1.0000000000000000,
-1.0000000000000000,
-1.0000000000000000,
-1.0000000000000000,
-1.0000000000000000,
-1.0000000000000000,
-1.0000000000000000,
-1.0000000000000000,
-1.0000000000000000,
-1.0000000000000000,
-1.0000000000000000,
-1.0000000000000000,
-1.0000000000000000,
-1.0000000000000000,
-1.0000000000000000,
-1.0000000000000000,
-1.0000000000000000,
-1.0000000000000000,
-1.0000000000000000,
-1.0000000000000000,
-1.0000000000000000,
-1.0000000000000000,
-1.0000000000000000,
-1.0000000000000000,
-1.0000000000000000,
-1.0000000000000000,
-1.0000000000000000,
-1.0000000000000000,
-1.0000000000000000,
-1.0000000000000000,
-1.0000000000000000,
-1.0000000000000000,
-1.0000000000000000,
-1.0000000000000000,
-1.0000000000000000,
-1.0000000000000000,
-1.0000000000000000,
-1.0000000000000000,
-1.0000000000000000,
-1.0000000000000000,
-1.0000000000000000,
-1.0000000000000000,
-1.0000000000000000,
-1.0000000000000000,
-1.0000000000000000,
-1.0000000000000000,
-1.0000000000000000,
-1.0000000000000000,
-1.0000000000000000,
-1.0000000000000000,
-1.0000000000000000,
-1.0000000000000000,
-1.0000000000000000,
-1.0000000000000000,
-1.0000000000000000,
-1.0000000000000000,
-0.2621322534940739,
-1.0000000000000000,
-1.0000000000000000,
-1.0000000000000000,
-1.0000000000000000,
-0.3625856153817061,
-1.0000000000000000,
-1.0000000000000000,
-1.0000000000000000,
-1.0000000000000000,
-1.0000000000000000,
-1.0000000000000000,
-1.0000000000000000,
-1.0000000000000000,
-1.0000000000000000,
-1.0000000000000000,
-1.0000000000000000,
-1.0000000000000000,
-1.0000000000000000,
-1.0000000000000000,
-1.0000000000000000,
-1.0000000000000000,
-1.0000000000000000,
-1.0000000000000000,
-1.0000000000000000,
-1.0000000000000000,
-1.0000000000000000,
-1.0000000000000000,
-1.0000000000000000,
-1.0000000000000000,
-0.1740586465488124,
-0.1493483588906474,
-1.0000000000000000,
-1.0000000000000000,
-1.0000000000000000,
-1.0000000000000000,
-1.0000000000000000,
-1.0000000000000000,
-1.0000000000000000,
-1.0000000000000000,
-1.0000000000000000,
-1.0000000000000000,
-1.0000000000000000,
-1.0000000000000000,
-1.0000000000000000,
-1.0000000000000000,
-1.0000000000000000,
-1.0000000000000000,
-1.0000000000000000,
-1.0000000000000000,
-1.0000000000000000,
-1.0000000000000000,
-1.0000000000000000,
-1.0000000000000000,
-1.0000000000000000,
-0.2753929565196679,
-1.0000000000000000,
-1.0000000000000000,
-1.0000000000000000,
-0.3600537969493445,
-1.0000000000000000,
-1.0000000000000000,
-1.0000000000000000,
-1.0000000000000000,
-1.0000000000000000,
-1.0000000000000000,
-1.0000000000000000,
-1.0000000000000000,
-1.0000000000000000,
-1.0000000000000000,
-1.0000000000000000,
-1.0000000000000000,
-1.0000000000000000,
-1.0000000000000000,
-1.0000000000000000,
-1.0000000000000000,
-1.0000000000000000,
-1.0000000000000000,
-1.0000000000000000,
-1.0000000000000000,
-1.0000000000000000,
-1.0000000000000000,
-1.0000000000000000,
-1.0000000000000000,
-1.0000000000000000,
-1.0000000000000000,
-1.0000000000000000,
-1.0000000000000000,
-1.0000000000000000,
-1.0000000000000000,
-1.0000000000000000,
-1.0000000000000000,
-1.0000000000000000,
-1.0000000000000000,
-1.0000000000000000,
-1.0000000000000000,
-1.0000000000000000,
-1.0000000000000000,
-1.0000000000000000,
-1.0000000000000000,
-1.0000000000000000,
-1.0000000000000000,
-1.0000000000000000,
-1.0000000000000000,
-1.0000000000000000,
-1.0000000000000000,
-1.0000000000000000,
-1.0000000000000000,
-1.0000000000000000,
-1.0000000000000000,
-1.0000000000000000,
-1.0000000000000000,
-1.0000000000000000,
-1.0000000000000000,
-1.0000000000000000,
-1.0000000000000000,
-1.0000000000000000,
-1.0000000000000000,
-1.0000000000000000,
-0.1041977347325365,
-1.0000000000000000,
-1.0000000000000000,
-1.0000000000000000,
-1.0000000000000000,
-1.0000000000000000,
-1.0000000000000000,
-1.0000000000000000,
-1.0000000000000000,
-1.0000000000000000,
-1.0000000000000000,
-1.0000000000000000,
-1.0000000000000000,
-1.0000000000000000,
-1.0000000000000000,
-1.0000000000000000,
-1.0000000000000000,
-1.0000000000000000,
-0.2546490552673987,
-1.0000000000000000,
-1.0000000000000000,
-1.0000000000000000,
-1.0000000000000000,
-1.0000000000000000,
-1.0000000000000000,
-1.0000000000000000,
-1.0000000000000000,
-1.0000000000000000,
-1.0000000000000000,
-1.0000000000000000,
-1.0000000000000000,
-1.0000000000000000,
-1.0000000000000000,
-1.0000000000000000,
-1.0000000000000000,
-1.0000000000000000,
-1.0000000000000000,
-1.0000000000000000,
-1.0000000000000000,
-1.0000000000000000,
-1.0000000000000000,
-1.0000000000000000,
-1.0000000000000000,
-1.0000000000000000,
-0.7739187477118040,
-1.0000000000000000,
-1.0000000000000000,
-1.0000000000000000,
-1.0000000000000000,
-1.0000000000000000,
-1.0000000000000000,
-1.0000000000000000,
-1.0000000000000000,
-1.0000000000000000,
-1.0000000000000000,
-1.0000000000000000,
-1.0000000000000000,
-1.0000000000000000,
-1.0000000000000000,
-1.0000000000000000,
-1.0000000000000000,
-1.0000000000000000,
-1.0000000000000000,
-1.0000000000000000,
-1.0000000000000000,
-1.0000000000000000,
-1.0000000000000000,
-1.0000000000000000,
-1.0000000000000000,
-1.0000000000000000,
-1.0000000000000000,
-1.0000000000000000,
-1.0000000000000000,
-1.0000000000000000,
-1.0000000000000000,
-1.0000000000000000,
-1.0000000000000000,
-1.0000000000000000,
-1.0000000000000000,
-1.0000000000000000,
-1.0000000000000000,
-1.0000000000000000,
-1.0000000000000000,
-1.0000000000000000,
-1.0000000000000000,
-1.0000000000000000,
-1.0000000000000000,
-1.0000000000000000,
-1.0000000000000000,
-1.0000000000000000,
-1.0000000000000000,
-1.0000000000000000,
-1.0000000000000000,
-1.0000000000000000,
-1.0000000000000000,
-1.0000000000000000,
-1.0000000000000000,
-1.0000000000000000,
-1.0000000000000000,
-1.0000000000000000,
-1.0000000000000000,
-1.0000000000000000,
-1.0000000000000000,
-1.0000000000000000,
-1.0000000000000000,
-1.0000000000000000,
-1.0000000000000000,
-1.0000000000000000,
-1.0000000000000000,
-1.0000000000000000,
-1.0000000000000000,
-1.0000000000000000,
-1.0000000000000000,
-1.0000000000000000,
-0.0673617256120193,
-1.0000000000000000,
-1.0000000000000000,
-1.0000000000000000,
-1.0000000000000000,
-1.0000000000000000,
-1.0000000000000000,
-1.0000000000000000,
-1.0000000000000000,
-1.0000000000000000,
-1.0000000000000000,
-1.0000000000000000,
-1.0000000000000000,
-1.0000000000000000,
-1.0000000000000000,
-1.0000000000000000,
-1.0000000000000000,
-1.0000000000000000,
-1.0000000000000000,
-1.0000000000000000,
-1.0000000000000000,
-1.0000000000000000,
-1.0000000000000000,
-1.0000000000000000,
-1.0000000000000000,
-1.0000000000000000,
-1.0000000000000000,
-1.0000000000000000,
-1.0000000000000000,
-1.0000000000000000,
-1.0000000000000000,
-1.0000000000000000,
-1.0000000000000000,
-1.0000000000000000,
-1.0000000000000000,
-1.0000000000000000,
-1.0000000000000000,
-1.0000000000000000,
-1.0000000000000000,
-1.0000000000000000,
-1.0000000000000000,
-1.0000000000000000,
-1.0000000000000000,
-1.0000000000000000,
-1.0000000000000000,
-1.0000000000000000,
-1.0000000000000000,
-1.0000000000000000,
-1.0000000000000000,
-1.0000000000000000,
-1.0000000000000000,
-1.0000000000000000,
-1.0000000000000000,
-1.0000000000000000,
-1.0000000000000000,
-1.0000000000000000,
-1.0000000000000000,
-1.0000000000000000,
-1.0000000000000000,
-1.0000000000000000,
-1.0000000000000000,
-1.0000000000000000,
-1.0000000000000000,
-1.0000000000000000,
-1.0000000000000000,
-1.0000000000000000,
-1.0000000000000000,
-1.0000000000000000,
-1.0000000000000000,
-1.0000000000000000,
-1.0000000000000000,
-1.0000000000000000,
-1.0000000000000000,
-1.0000000000000000,
-1.0000000000000000,
-1.0000000000000000,
-1.0000000000000000,
-1.0000000000000000,
-1.0000000000000000,
-1.0000000000000000,
-1.0000000000000000,
-1.0000000000000000,
-1.0000000000000000,
-1.0000000000000000,
-1.0000000000000000,
-1.0000000000000000,
-1.0000000000000000,
-1.0000000000000000,
-1.0000000000000000,
-1.0000000000000000,
-1.0000000000000000,
-1.0000000000000000,
-1.0000000000000000,
-1.0000000000000000,
-1.0000000000000000,
-1.0000000000000000,
-1.0000000000000000,
-1.0000000000000000,
-1.0000000000000000,
-1.0000000000000000,
-1.0000000000000000,
-0.8801391661125167,
-1.0000000000000000,
-1.0000000000000000,
-1.0000000000000000,
-1.0000000000000000,
-1.0000000000000000,
-1.0000000000000000,
-1.0000000000000000,
-1.0000000000000000,
-1.0000000000000000,
-1.0000000000000000,
-1.0000000000000000,
-1.0000000000000000,
-1.0000000000000000,
-1.0000000000000000,
-1.0000000000000000,
-1.0000000000000000,
-1.0000000000000000,
-1.0000000000000000,
-1.0000000000000000,
-1.0000000000000000,
-1.0000000000000000,
-1.0000000000000000,
-1.0000000000000000,
-0.8876117493001576,
-1.0000000000000000,
-1.0000000000000000,
-1.0000000000000000,
-1.0000000000000000,
-1.0000000000000000,
-1.0000000000000000,
-1.0000000000000000,
-1.0000000000000000,
-1.0000000000000000,
-1.0000000000000000,
-1.0000000000000000,
-1.0000000000000000,
-1.0000000000000000,
-1.0000000000000000,
-1.0000000000000000,
-1.0000000000000000,
-1.0000000000000000,
-1.0000000000000000,
-1.0000000000000000,
-1.0000000000000000,
-1.0000000000000000,
-1.0000000000000000,
-1.0000000000000000,
-1.0000000000000000,
-1.0000000000000000,
-1.0000000000000000,
-0.9238432136331469,
-1.0000000000000000,
-1.0000000000000000,
-1.0000000000000000,
-1.0000000000000000,
-1.0000000000000000,
-1.0000000000000000,
-1.0000000000000000,
-1.0000000000000000,
-1.0000000000000000,
-1.0000000000000000,
-1.0000000000000000,
-1.0000000000000000,
-0.7753107938709177,
-1.0000000000000000,
-1.0000000000000000,
-1.0000000000000000,
-1.0000000000000000,
-1.0000000000000000,
-1.0000000000000000,
-1.0000000000000000,
-1.0000000000000000,
-1.0000000000000000,
-1.0000000000000000,
-1.0000000000000000,
-1.0000000000000000,
-1.0000000000000000,
-1.0000000000000000,
-1.0000000000000000,
-0.4590225052198875,
-0.9332370746810191,
-1.0000000000000000,
-1.0000000000000000,
-1.0000000000000000,
-1.0000000000000000,
-1.0000000000000000,
-1.0000000000000000,
-1.0000000000000000,
-1.0000000000000000,
-1.0000000000000000,
-1.0000000000000000,
-1.0000000000000000,
-1.0000000000000000,
-1.0000000000000000,
-1.0000000000000000,
-1.0000000000000000,
-1.0000000000000000,
-1.0000000000000000,
-1.0000000000000000,
-1.0000000000000000,
-1.0000000000000000,
-1.0000000000000000,
-1.0000000000000000,
-1.0000000000000000,
-1.0000000000000000,
-0.6106152588722947,
-1.0000000000000000,
-1.0000000000000000,
-1.0000000000000000,
-1.0000000000000000,
-1.0000000000000000,
-1.0000000000000000,
-1.0000000000000000,
-1.0000000000000000,
-1.0000000000000000,
-1.0000000000000000,
-1.0000000000000000,
-1.0000000000000000,
-1.0000000000000000,
-1.0000000000000000,
-1.0000000000000000,
-1.0000000000000000,
-1.0000000000000000,
-1.0000000000000000,
-0.0655676941326931,
-1.0000000000000000,
-1.0000000000000000,
-1.0000000000000000,
-1.0000000000000000,
-1.0000000000000000,
-1.0000000000000000,
-1.0000000000000000,
-1.0000000000000000,
-1.0000000000000000,
-1.0000000000000000,
-1.0000000000000000,
-1.0000000000000000,
-1.0000000000000000,
-1.0000000000000000,
-1.0000000000000000,
-1.0000000000000000,
-1.0000000000000000,
-1.0000000000000000,
-1.0000000000000000,
-1.0000000000000000,
-1.0000000000000000,
-1.0000000000000000,
-1.0000000000000000,
-1.0000000000000000,
-1.0000000000000000,
-1.0000000000000000,
-1.0000000000000000,
-1.0000000000000000,
-1.0000000000000000,
-1.0000000000000000,
-1.0000000000000000,
-1.0000000000000000,
-1.0000000000000000,
-1.0000000000000000,
-1.0000000000000000,
-1.0000000000000000,
-1.0000000000000000,
-1.0000000000000000,
-1.0000000000000000,
-1.0000000000000000,
-1.0000000000000000,
-1.0000000000000000,
-1.0000000000000000,
-1.0000000000000000,
-1.0000000000000000,
-1.0000000000000000,
-1.0000000000000000,
-1.0000000000000000,
-0.7313603745501589,
-1.0000000000000000,
-1.0000000000000000,
-1.0000000000000000,
-0.8679989478608712,
-1.0000000000000000,
-1.0000000000000000,
-1.0000000000000000,
-1.0000000000000000,
-1.0000000000000000,
-1.0000000000000000,
-1.0000000000000000,
-1.0000000000000000,
-1.0000000000000000,
-1.0000000000000000,
-1.0000000000000000,
-1.0000000000000000,
-1.0000000000000000,
-1.0000000000000000,
-1.0000000000000000,
-1.0000000000000000,
-1.0000000000000000,
-1.0000000000000000,
-1.0000000000000000,
-1.0000000000000000,
-1.0000000000000000,
-1.0000000000000000,
-1.0000000000000000,
-1.0000000000000000,
-1.0000000000000000,
-1.0000000000000000,
-1.0000000000000000,
-1.0000000000000000,
-1.0000000000000000,
-1.0000000000000000,
-1.0000000000000000,
-1.0000000000000000,
-1.0000000000000000,
-1.0000000000000000,
-1.0000000000000000,
-1.0000000000000000,
-1.0000000000000000,
-1.0000000000000000,
-1.0000000000000000,
-1.0000000000000000,
-1.0000000000000000,
-0.3380485783662702,
-1.0000000000000000,
-1.0000000000000000,
-1.0000000000000000,
-1.0000000000000000,
-1.0000000000000000,
-1.0000000000000000,
-1.0000000000000000,
-1.0000000000000000,
-1.0000000000000000,
-1.0000000000000000,
-1.0000000000000000,
-1.0000000000000000,
-1.0000000000000000,
-1.0000000000000000,
-1.0000000000000000,
-1.0000000000000000,
-1.0000000000000000,
-1.0000000000000000,
-1.0000000000000000,
-1.0000000000000000,
-1.0000000000000000,
-1.0000000000000000,
-1.0000000000000000,
-1.0000000000000000,
-1.0000000000000000,
-1.0000000000000000,
-1.0000000000000000,
-1.0000000000000000,
-1.0000000000000000,
-1.0000000000000000,
-1.0000000000000000,
-1.0000000000000000,
-1.0000000000000000,
-1.0000000000000000,
-1.0000000000000000,
-1.0000000000000000,
-1.0000000000000000,
-1.0000000000000000,
-1.0000000000000000,
-1.0000000000000000,
-1.0000000000000000,
-1.0000000000000000,
-1.0000000000000000,
-1.0000000000000000,
-1.0000000000000000,
-1.0000000000000000,
-1.0000000000000000,
-1.0000000000000000,
-1.0000000000000000,
-1.0000000000000000,
-1.0000000000000000,
-1.0000000000000000,
-1.0000000000000000,
-1.0000000000000000,
-1.0000000000000000,
-1.0000000000000000,
-0.3473160029430067,
-1.0000000000000000,
-1.0000000000000000,
-1.0000000000000000,
-1.0000000000000000,
-1.0000000000000000,
-1.0000000000000000,
-0.0657372034172211,
-1.0000000000000000,
-1.0000000000000000,
-1.0000000000000000,
-1.0000000000000000,
-1.0000000000000000,
-1.0000000000000000,
-1.0000000000000000,
-1.0000000000000000,
-1.0000000000000000,
-1.0000000000000000,
-0.4864642547466267,
-1.0000000000000000,
-1.0000000000000000,
-0.2036144769548533,
-1.0000000000000000,
-1.0000000000000000,
-1.0000000000000000,
-1.0000000000000000,
-1.0000000000000000,
-1.0000000000000000,
-1.0000000000000000,
-1.0000000000000000,
-1.0000000000000000,
-1.0000000000000000,
-1.0000000000000000,
-1.0000000000000000,
-1.0000000000000000,
-1.0000000000000000,
-1.0000000000000000,
-1.0000000000000000,
-1.0000000000000000,
-1.0000000000000000,
-1.0000000000000000,
-1.0000000000000000,
-1.0000000000000000,
-1.0000000000000000,
-1.0000000000000000,
-1.0000000000000000,
-1.0000000000000000,
-1.0000000000000000,
-1.0000000000000000,
-1.0000000000000000,
-1.0000000000000000,
-1.0000000000000000,
-0.0415411069046405,
-1.0000000000000000,
-1.0000000000000000,
-1.0000000000000000,
-1.0000000000000000,
-1.0000000000000000,
-1.0000000000000000,
-1.0000000000000000,
-1.0000000000000000,
-1.0000000000000000,
-1.0000000000000000,
-1.0000000000000000,
-1.0000000000000000,
-1.0000000000000000,
-1.0000000000000000,
-1.0000000000000000,
-1.0000000000000000,
-1.0000000000000000,
-1.0000000000000000,
-1.0000000000000000,
-0.4288348442110312,
-1.0000000000000000,
-0.2180246113479134,
-1.0000000000000000,
-1.0000000000000000,
-1.0000000000000000,
-1.0000000000000000,
-1.0000000000000000,
-1.0000000000000000,
-1.0000000000000000,
-1.0000000000000000,
-1.0000000000000000,
-1.0000000000000000,
-1.0000000000000000,
-1.0000000000000000,
-1.0000000000000000,
-1.0000000000000000,
-1.0000000000000000,
-1.0000000000000000,
-1.0000000000000000,
-1.0000000000000000,
-1.0000000000000000,
-1.0000000000000000,
-1.0000000000000000,
-1.0000000000000000,
-1.0000000000000000,
-1.0000000000000000,
-1.0000000000000000,
-1.0000000000000000,
-1.0000000000000000,
-1.0000000000000000,
-1.0000000000000000,
-1.0000000000000000,
-1.0000000000000000,
-1.0000000000000000,
-1.0000000000000000,
-1.0000000000000000,
-1.0000000000000000,
-1.0000000000000000,
-1.0000000000000000,
-1.0000000000000000,
-1.0000000000000000,
-1.0000000000000000,
-1.0000000000000000,
-1.0000000000000000,
-1.0000000000000000,
-1.0000000000000000,
-1.0000000000000000,
-1.0000000000000000,
-1.0000000000000000,
-1.0000000000000000,
-1.0000000000000000,
-1.0000000000000000,
-1.0000000000000000,
-1.0000000000000000,
-1.0000000000000000,
-0.2944707240673484,
-1.0000000000000000,
-1.0000000000000000,
-1.0000000000000000,
-0.2810387694861663,
-1.0000000000000000,
-1.0000000000000000,
-1.0000000000000000,
-1.0000000000000000,
-1.0000000000000000,
-1.0000000000000000,
-1.0000000000000000,
-1.0000000000000000,
-1.0000000000000000,
-1.0000000000000000,
-1.0000000000000000,
-1.0000000000000000,
-1.0000000000000000,
-1.0000000000000000,
-1.0000000000000000,
-1.0000000000000000,
-1.0000000000000000,
-1.0000000000000000,
-1.0000000000000000,
-1.0000000000000000,
-1.0000000000000000,
-1.0000000000000000,
-1.0000000000000000,
-1.0000000000000000,
-1.0000000000000000,
-1.0000000000000000,
-1.0000000000000000,
-1.0000000000000000,
-1.0000000000000000,
-1.0000000000000000,
-1.0000000000000000,
-1.0000000000000000,
-1.0000000000000000,
-1.0000000000000000,
-1.0000000000000000,
-1.0000000000000000,
-1.0000000000000000,
-1.0000000000000000,
-1.0000000000000000,
-1.0000000000000000,
-1.0000000000000000,
-1.0000000000000000,
-1.0000000000000000,
-1.0000000000000000,
-1.0000000000000000,
-1.0000000000000000,
-1.0000000000000000,
-1.0000000000000000,
-1.0000000000000000,
-1.0000000000000000,
-1.0000000000000000,
-1.0000000000000000,
-1.0000000000000000,
-1.0000000000000000,
-1.0000000000000000,
-1.0000000000000000,
-0.2775152909048987,
-1.0000000000000000,
-1.0000000000000000,
-1.0000000000000000,
-1.0000000000000000,
-0.0168159325863668,
-1.0000000000000000,
-1.0000000000000000,
-1.0000000000000000,
-1.0000000000000000,
-1.0000000000000000,
-1.0000000000000000,
-1.0000000000000000,
-1.0000000000000000,
-0.5961044043100333,
-1.0000000000000000,
-1.0000000000000000,
-1.0000000000000000,
-1.0000000000000000,
-1.0000000000000000,
-1.0000000000000000,
-1.0000000000000000,
-1.0000000000000000,
-1.0000000000000000,
-1.0000000000000000,
-1.0000000000000000,
-1.0000000000000000,
-1.0000000000000000,
-1.0000000000000000,
-1.0000000000000000,
-1.0000000000000000,
-1.0000000000000000,
-1.0000000000000000,
-1.0000000000000000,
-1.0000000000000000,
-1.0000000000000000,
-1.0000000000000000,
-1.0000000000000000,
-1.0000000000000000,
-1.0000000000000000,
-1.0000000000000000,
-1.0000000000000000,
-0.7872546065010074,
-1.0000000000000000,
-1.0000000000000000,
-1.0000000000000000,
-1.0000000000000000,
-1.0000000000000000,
-1.0000000000000000,
-1.0000000000000000,
-1.0000000000000000,
-1.0000000000000000,
-1.0000000000000000,
-1.0000000000000000,
-1.0000000000000000,
-1.0000000000000000,
-0.0864763678113775,
-1.0000000000000000,
-1.0000000000000000,
-1.0000000000000000,
-1.0000000000000000,
-1.0000000000000000,
-1.0000000000000000,
-1.0000000000000000,
-1.0000000000000000,
-1.0000000000000000,
-1.0000000000000000,
-1.0000000000000000,
-1.0000000000000000,
-0.7721484669272969,
-1.0000000000000000,
-1.0000000000000000,
-1.0000000000000000,
-1.0000000000000000,
-1.0000000000000000,
-1.0000000000000000,
-1.0000000000000000,
-1.0000000000000000,
-1.0000000000000000,
-1.0000000000000000,
-1.0000000000000000,
-1.0000000000000000,
-1.0000000000000000,
-1.0000000000000000,
-1.0000000000000000,
-1.0000000000000000,
-1.0000000000000000,
-1.0000000000000000,
-1.0000000000000000,
-1.0000000000000000,
-1.0000000000000000,
-1.0000000000000000,
-1.0000000000000000,
-1.0000000000000000,
-1.0000000000000000,
-1.0000000000000000,
-1.0000000000000000,
-1.0000000000000000,
-1.0000000000000000,
-1.0000000000000000,
-1.0000000000000000,
-1.0000000000000000,
-1.0000000000000000,
-1.0000000000000000,
-1.0000000000000000,
-1.0000000000000000,
-1.0000000000000000,
-1.0000000000000000,
-1.0000000000000000,
-0.0969274208778725,
-1.0000000000000000,
-1.0000000000000000,
-1.0000000000000000,
-1.0000000000000000,
-1.0000000000000000,
-1.0000000000000000,
-1.0000000000000000,
-1.0000000000000000,
-1.0000000000000000,
-1.0000000000000000,
-1.0000000000000000,
-1.0000000000000000,
-1.0000000000000000,
-1.0000000000000000,
-1.0000000000000000,
-1.0000000000000000,
-1.0000000000000000,
-1.0000000000000000,
-1.0000000000000000,
-1.0000000000000000,
-1.0000000000000000,
-1.0000000000000000,
-1.0000000000000000,
-1.0000000000000000,
-1.0000000000000000,
-1.0000000000000000,
-1.0000000000000000,
-1.0000000000000000,
-1.0000000000000000,
-1.0000000000000000,
-1.0000000000000000,
-0.7001012907654738,
-1.0000000000000000,
-1.0000000000000000,
-1.0000000000000000,
-1.0000000000000000,
-1.0000000000000000,
-1.0000000000000000,
-1.0000000000000000,
-1.0000000000000000,
-0.7127407706369420,
-1.0000000000000000,
-1.0000000000000000,
-1.0000000000000000,
-0.8392793481727793,
-1.0000000000000000,
-1.0000000000000000,
-1.0000000000000000,
-1.0000000000000000,
-1.0000000000000000,
-1.0000000000000000,
-1.0000000000000000,
-1.0000000000000000,
-1.0000000000000000,
-1.0000000000000000,
-1.0000000000000000,
-1.0000000000000000,
-1.0000000000000000,
-1.0000000000000000,
-1.0000000000000000,
-1.0000000000000000,
-1.0000000000000000,
-1.0000000000000000,
-1.0000000000000000,
-1.0000000000000000,
-1.0000000000000000,
-1.0000000000000000,
-1.0000000000000000,
-1.0000000000000000,
-1.0000000000000000,
-1.0000000000000000,
-1.0000000000000000,
-1.0000000000000000,
-1.0000000000000000,
-1.0000000000000000,
-1.0000000000000000,
-1.0000000000000000,
-1.0000000000000000,
-1.0000000000000000,
-1.0000000000000000,
-1.0000000000000000,
-1.0000000000000000,
-1.0000000000000000,
-1.0000000000000000,
-1.0000000000000000,
-1.0000000000000000,
-1.0000000000000000,
-1.0000000000000000,
-1.0000000000000000,
-1.0000000000000000,
-1.0000000000000000,
-1.0000000000000000,
-1.0000000000000000,
-1.0000000000000000,
-1.0000000000000000,
-1.0000000000000000,
-1.0000000000000000,
-1.0000000000000000,
-1.0000000000000000,
-1.0000000000000000,
-1.0000000000000000,
-1.0000000000000000,
-1.0000000000000000,
-1.0000000000000000,
-1.0000000000000000,
-1.0000000000000000,
-1.0000000000000000,
-1.0000000000000000,
-1.0000000000000000,
-1.0000000000000000,
-1.0000000000000000,
-1.0000000000000000,
-1.0000000000000000,
-1.0000000000000000,
-1.0000000000000000,
-1.0000000000000000,
-1.0000000000000000,
-1.0000000000000000,
-1.0000000000000000,
-1.0000000000000000,
-1.0000000000000000,
-1.0000000000000000,
-1.0000000000000000,
-1.0000000000000000,
-1.0000000000000000,
-1.0000000000000000,
-1.0000000000000000,
-1.0000000000000000,
-1.0000000000000000,
-1.0000000000000000,
-1.0000000000000000,
-0.5935509137071903,
-0.0945828890690214,
-1.0000000000000000,
-1.0000000000000000,
-1.0000000000000000,
-1.0000000000000000,
-1.0000000000000000,
-1.0000000000000000,
-1.0000000000000000,
-1.0000000000000000,
-1.0000000000000000,
-1.0000000000000000,
-1.0000000000000000,
-1.0000000000000000,
-1.0000000000000000,
-1.0000000000000000,
-1.0000000000000000,
-1.0000000000000000,
-1.0000000000000000,
-0.3255620690537346,
-1.0000000000000000,
-1.0000000000000000,
-1.0000000000000000,
-1.0000000000000000,
-0.8989281972296583,
-1.0000000000000000,
-1.0000000000000000,
-1.0000000000000000,
-1.0000000000000000,
-1.0000000000000000,
-1.0000000000000000,
-1.0000000000000000,
-1.0000000000000000,
-1.0000000000000000,
-1.0000000000000000,
-1.0000000000000000,
-1.0000000000000000,
-1.0000000000000000,
-1.0000000000000000,
-1.0000000000000000,
-1.0000000000000000,
-1.0000000000000000,
-1.0000000000000000,
-1.0000000000000000,
-1.0000000000000000,
-1.0000000000000000,
-1.0000000000000000,
-1.0000000000000000,
-1.0000000000000000,
-1.0000000000000000,
-1.0000000000000000,
-1.0000000000000000,
-1.0000000000000000,
-1.0000000000000000,
-1.0000000000000000,
-1.0000000000000000,
-1.0000000000000000,
-1.0000000000000000,
-1.0000000000000000,
-1.0000000000000000,
-1.0000000000000000,
-1.0000000000000000,
-1.0000000000000000,
-1.0000000000000000,
-1.0000000000000000,
-1.0000000000000000,
-0.4832479603563234,
-1.0000000000000000,
-1.0000000000000000,
-1.0000000000000000,
-1.0000000000000000,
-1.0000000000000000,
-1.0000000000000000,
-1.0000000000000000,
-1.0000000000000000,
-1.0000000000000000,
-1.0000000000000000,
-1.0000000000000000,
-1.0000000000000000,
-1.0000000000000000,
-1.0000000000000000,
-1.0000000000000000,
-1.0000000000000000,
-1.0000000000000000,
-1.0000000000000000,
-1.0000000000000000,
-0.8100421253057088,
-1.0000000000000000,
-1.0000000000000000,
-1.0000000000000000,
-1.0000000000000000,
-1.0000000000000000,
-1.0000000000000000,
-1.0000000000000000,
-1.0000000000000000,
-1.0000000000000000,
-1.0000000000000000,
-1.0000000000000000,
-1.0000000000000000,
-0.2092936882797666,
-1.0000000000000000,
-1.0000000000000000,
-1.0000000000000000,
-1.0000000000000000,
-1.0000000000000000,
-1.0000000000000000,
-1.0000000000000000,
-1.0000000000000000,
-1.0000000000000000,
-1.0000000000000000,
-1.0000000000000000,
-1.0000000000000000,
-1.0000000000000000,
-1.0000000000000000,
-1.0000000000000000,
-1.0000000000000000,
-0.3741591530800327,
-1.0000000000000000,
-1.0000000000000000,
-1.0000000000000000,
-1.0000000000000000,
-1.0000000000000000,
-1.0000000000000000,
-1.0000000000000000,
-1.0000000000000000,
-1.0000000000000000,
-1.0000000000000000,
-1.0000000000000000,
-1.0000000000000000,
-1.0000000000000000,
-1.0000000000000000,
-1.0000000000000000,
-1.0000000000000000,
-1.0000000000000000,
-1.0000000000000000,
-1.0000000000000000,
-1.0000000000000000,
-1.0000000000000000,
-1.0000000000000000,
-1.0000000000000000,
-1.0000000000000000,
-1.0000000000000000,
-1.0000000000000000,
-1.0000000000000000,
-1.0000000000000000,
-1.0000000000000000,
-1.0000000000000000,
-1.0000000000000000,
-1.0000000000000000,
-1.0000000000000000,
-1.0000000000000000,
-1.0000000000000000,
-0.5816038364885030,
-1.0000000000000000,
-1.0000000000000000,
-1.0000000000000000,
-1.0000000000000000,
-1.0000000000000000,
-1.0000000000000000,
-1.0000000000000000,
-1.0000000000000000,
-1.0000000000000000,
-1.0000000000000000,
-1.0000000000000000,
-1.0000000000000000,
-1.0000000000000000,
-1.0000000000000000,
-1.0000000000000000,
-1.0000000000000000,
-1.0000000000000000,
-1.0000000000000000,
-1.0000000000000000,
-1.0000000000000000,
-1.0000000000000000,
-1.0000000000000000,
-1.0000000000000000,
-1.0000000000000000,
-1.0000000000000000,
-1.0000000000000000,
-1.0000000000000000,
-1.0000000000000000,
-1.0000000000000000,
-1.0000000000000000,
-1.0000000000000000,
-1.0000000000000000,
-1.0000000000000000,
-1.0000000000000000,
-1.0000000000000000,
-1.0000000000000000,
-1.0000000000000000,
-1.0000000000000000,
-1.0000000000000000,
-1.0000000000000000,
-1.0000000000000000,
-1.0000000000000000,
-1.0000000000000000,
-0.8035510127600753,
-1.0000000000000000,
-1.0000000000000000,
-1.0000000000000000,
-1.0000000000000000,
-1.0000000000000000,
-1.0000000000000000,
-1.0000000000000000,
-1.0000000000000000,
-0.6116990639132397,
-1.0000000000000000,
-1.0000000000000000,
-1.0000000000000000,
-1.0000000000000000,
-1.0000000000000000,
-1.0000000000000000,
-1.0000000000000000,
-0.4977571139545289,
-1.0000000000000000,
-1.0000000000000000,
-1.0000000000000000,
-1.0000000000000000,
-1.0000000000000000,
-1.0000000000000000,
-1.0000000000000000,
-1.0000000000000000,
-1.0000000000000000,
-1.0000000000000000,
-1.0000000000000000,
-1.0000000000000000,
-1.0000000000000000,
-1.0000000000000000,
-1.0000000000000000,
-1.0000000000000000,
-1.0000000000000000,
-1.0000000000000000,
-1.0000000000000000,
-0.0436818282197891,
-0.1551407745230886,
-1.0000000000000000,
-1.0000000000000000,
-1.0000000000000000,
-1.0000000000000000,
-1.0000000000000000,
-1.0000000000000000,
-1.0000000000000000,
-1.0000000000000000,
-1.0000000000000000,
-1.0000000000000000,
-1.0000000000000000,
-1.0000000000000000,
-1.0000000000000000,
-1.0000000000000000,
-1.0000000000000000,
-1.0000000000000000,
-1.0000000000000000,
-1.0000000000000000,
-1.0000000000000000,
-1.0000000000000000,
-1.0000000000000000,
-1.0000000000000000,
-1.0000000000000000,
-1.0000000000000000,
-1.0000000000000000,
-1.0000000000000000,
-1.0000000000000000,
-1.0000000000000000,
-1.0000000000000000,
-1.0000000000000000,
-1.0000000000000000,
-1.0000000000000000,
-1.0000000000000000,
-1.0000000000000000,
-1.0000000000000000,
-1.0000000000000000,
-1.0000000000000000,
-1.0000000000000000,
-1.0000000000000000,
-1.0000000000000000,
-1.0000000000000000,
-1.0000000000000000,
-1.0000000000000000,
-1.0000000000000000,
-1.0000000000000000,
-1.0000000000000000,
-1.0000000000000000,
-1.0000000000000000,
-1.0000000000000000,
-1.0000000000000000,
-1.0000000000000000,
-1.0000000000000000,
-1.0000000000000000,
-1.0000000000000000,
-1.0000000000000000,
-1.0000000000000000,
-1.0000000000000000,
-1.0000000000000000,
-1.0000000000000000,
-1.0000000000000000,
-1.0000000000000000,
-1.0000000000000000,
-1.0000000000000000,
-1.0000000000000000,
-1.0000000000000000,
-1.0000000000000000,
-0.5416031078131296,
-1.0000000000000000,
-1.0000000000000000,
-0.4916026270857017,
-1.0000000000000000,
-1.0000000000000000,
-1.0000000000000000,
-1.0000000000000000,
-1.0000000000000000,
-1.0000000000000000,
-1.0000000000000000,
-1.0000000000000000,
-1.0000000000000000,
-1.0000000000000000,
-1.0000000000000000,
-1.0000000000000000,
-1.0000000000000000,
-1.0000000000000000,
-1.0000000000000000,
-1.0000000000000000,
-1.0000000000000000,
-1.0000000000000000,
-1.0000000000000000,
-1.0000000000000000,
-1.0000000000000000,
-1.0000000000000000,
-1.0000000000000000,
-1.0000000000000000,
-1.0000000000000000,
-1.0000000000000000,
-1.0000000000000000,
-1.0000000000000000,
-0.2125896210555904,
-1.0000000000000000,
-1.0000000000000000,
-1.0000000000000000,
-1.0000000000000000,
-1.0000000000000000,
-1.0000000000000000,
-0.0076353306898728,
-1.0000000000000000,
-1.0000000000000000,
-1.0000000000000000,
-1.0000000000000000,
-1.0000000000000000,
-1.0000000000000000,
-1.0000000000000000,
-1.0000000000000000,
-1.0000000000000000,
-1.0000000000000000,
-1.0000000000000000,
-1.0000000000000000,
-1.0000000000000000,
-1.0000000000000000,
-1.0000000000000000,
-1.0000000000000000,
-1.0000000000000000,
-1.0000000000000000,
-1.0000000000000000,
-1.0000000000000000,
-1.0000000000000000,
-1.0000000000000000,
-1.0000000000000000,
-1.0000000000000000,
-0.5979429390457107,
-1.0000000000000000,
-1.0000000000000000,
-1.0000000000000000,
-1.0000000000000000,
-1.0000000000000000,
-1.0000000000000000,
-1.0000000000000000,
-1.0000000000000000,
-1.0000000000000000,
-1.0000000000000000,
-1.0000000000000000,
-1.0000000000000000,
-1.0000000000000000,
-1.0000000000000000,
-0.3379598597438171,
-1.0000000000000000,
-1.0000000000000000,
-1.0000000000000000,
-1.0000000000000000,
-1.0000000000000000,
-1.0000000000000000,
-1.0000000000000000,
-1.0000000000000000,
-1.0000000000000000,
-1.0000000000000000,
-1.0000000000000000,
-1.0000000000000000,
-1.0000000000000000,
-1.0000000000000000,
-1.0000000000000000,
-1.0000000000000000,
-1.0000000000000000,
-1.0000000000000000,
-1.0000000000000000,
-1.0000000000000000,
-1.0000000000000000,
-1.0000000000000000,
-1.0000000000000000,
-1.0000000000000000,
-1.0000000000000000,
-1.0000000000000000,
-1.0000000000000000,
-1.0000000000000000,
-1.0000000000000000,
-1.0000000000000000,
-1.0000000000000000,
-1.0000000000000000,
-1.0000000000000000,
-1.0000000000000000,
-1.0000000000000000,
-0.4156198274426126,
-1.0000000000000000,
-1.0000000000000000,
-1.0000000000000000,
-0.3708353922802010,
-1.0000000000000000,
-1.0000000000000000,
-1.0000000000000000,
-0.7076420487513106,
-1.0000000000000000,
-1.0000000000000000,
-1.0000000000000000,
-1.0000000000000000,
-1.0000000000000000,
-1.0000000000000000,
-1.0000000000000000,
-1.0000000000000000,
-1.0000000000000000,
-1.0000000000000000,
-1.0000000000000000,
-1.0000000000000000,
-1.0000000000000000,
-1.0000000000000000,
-1.0000000000000000,
-1.0000000000000000,
-1.0000000000000000,
-1.0000000000000000,
-1.0000000000000000,
-1.0000000000000000,
-1.0000000000000000,
-1.0000000000000000,
-1.0000000000000000,
-1.0000000000000000,
-1.0000000000000000,
-1.0000000000000000,
-1.0000000000000000,
-1.0000000000000000,
-1.0000000000000000,
-1.0000000000000000,
-1.0000000000000000,
-1.0000000000000000,
-1.0000000000000000,
-1.0000000000000000,
-1.0000000000000000,
-1.0000000000000000,
-1.0000000000000000,
-1.0000000000000000,
-1.0000000000000000,
-1.0000000000000000,
-1.0000000000000000,
-0.9113664331066478,
-1.0000000000000000,
-1.0000000000000000,
-1.0000000000000000,
-0.9519688965049815,
-1.0000000000000000,
-1.0000000000000000,
-1.0000000000000000,
-1.0000000000000000,
-1.0000000000000000,
-1.0000000000000000,
-1.0000000000000000,
-1.0000000000000000,
-1.0000000000000000,
-1.0000000000000000,
-1.0000000000000000,
-1.0000000000000000,
-1.0000000000000000,
-1.0000000000000000,
-1.0000000000000000,
-1.0000000000000000,
-1.0000000000000000,
-1.0000000000000000,
-1.0000000000000000,
-1.0000000000000000,
-0.7804511294746891,
-1.0000000000000000,
-1.0000000000000000,
-1.0000000000000000,
-1.0000000000000000,
-1.0000000000000000,
-0.5519592646237994,
-1.0000000000000000,
-1.0000000000000000,
-1.0000000000000000,
-1.0000000000000000,
-0.6860317867094631,
-1.0000000000000000,
-1.0000000000000000,
-1.0000000000000000,
-1.0000000000000000,
-1.0000000000000000,
-1.0000000000000000,
-1.0000000000000000,
-1.0000000000000000,
-1.0000000000000000,
-1.0000000000000000,
-1.0000000000000000,
-1.0000000000000000,
-1.0000000000000000,
-1.0000000000000000,
-1.0000000000000000,
-1.0000000000000000,
-1.0000000000000000,
-1.0000000000000000,
-1.0000000000000000,
-0.9427780413285761,
-1.0000000000000000,
-1.0000000000000000,
-1.0000000000000000,
-1.0000000000000000,
-1.0000000000000000,
-1.0000000000000000,
-1.0000000000000000,
-1.0000000000000000,
-1.0000000000000000,
-1.0000000000000000,
-1.0000000000000000,
-1.0000000000000000,
-1.0000000000000000,
-1.0000000000000000,
-1.0000000000000000,
-1.0000000000000000,
-1.0000000000000000,
-1.0000000000000000,
-1.0000000000000000,
-1.0000000000000000,
-1.0000000000000000,
-1.0000000000000000,
-1.0000000000000000,
-1.0000000000000000,
-1.0000000000000000,
-0.3062283366081012,
-1.0000000000000000,
-1.0000000000000000,
-1.0000000000000000,
-1.0000000000000000,
-1.0000000000000000,
-1.0000000000000000,
-1.0000000000000000,
-1.0000000000000000,
-1.0000000000000000,
-1.0000000000000000,
-1.0000000000000000,
-1.0000000000000000,
-0.2499284210528017,
-1.0000000000000000,
-1.0000000000000000,
-1.0000000000000000,
-1.0000000000000000,
-1.0000000000000000,
-1.0000000000000000,
-1.0000000000000000,
-0.6227967775700997,
-1.0000000000000000,
-1.0000000000000000,
-1.0000000000000000,
-1.0000000000000000,
-1.0000000000000000,
-1.0000000000000000,
-0.5253104139166271,
-1.0000000000000000,
-1.0000000000000000,
-1.0000000000000000,
-1.0000000000000000,
-1.0000000000000000,
-1.0000000000000000,
-1.0000000000000000,
-1.0000000000000000,
-1.0000000000000000,
-1.0000000000000000,
-1.0000000000000000,
-1.0000000000000000,
-1.0000000000000000,
-1.0000000000000000,
-1.0000000000000000,
-1.0000000000000000,
-1.0000000000000000,
-1.0000000000000000,
-1.0000000000000000,
-1.0000000000000000,
-1.0000000000000000,
-1.0000000000000000,
-1.0000000000000000,
-1.0000000000000000,
-1.0000000000000000,
-1.0000000000000000,
-1.0000000000000000,
-1.0000000000000000,
-1.0000000000000000,
-1.0000000000000000,
-1.0000000000000000,
-1.0000000000000000,
-1.0000000000000000,
-1.0000000000000000,
-1.0000000000000000,
-1.0000000000000000,
-0.4705854070002229,
-1.0000000000000000,
-1.0000000000000000,
-1.0000000000000000,
-1.0000000000000000,
-1.0000000000000000,
-1.0000000000000000,
-1.0000000000000000,
-1.0000000000000000,
-1.0000000000000000,
-1.0000000000000000,
-1.0000000000000000,
-1.0000000000000000,
-1.0000000000000000,
-1.0000000000000000,
-1.0000000000000000,
-1.0000000000000000,
-1.0000000000000000,
-1.0000000000000000,
-1.0000000000000000,
-1.0000000000000000,
-1.0000000000000000,
-1.0000000000000000,
-0.0993397086639838,
-1.0000000000000000,
-1.0000000000000000,
-1.0000000000000000,
-1.0000000000000000,
-1.0000000000000000,
-1.0000000000000000,
-1.0000000000000000,
-1.0000000000000000,
-1.0000000000000000,
-1.0000000000000000,
-1.0000000000000000,
-1.0000000000000000,
-1.0000000000000000,
-1.0000000000000000,
-1.0000000000000000,
-1.0000000000000000,
-1.0000000000000000,
-1.0000000000000000,
-1.0000000000000000,
-1.0000000000000000,
-1.0000000000000000,
-1.0000000000000000,
-1.0000000000000000,
