0 13 4096 43
100 47 4096 45
200 5 4096 47
300 37 4096 50
400 10 4096 47
500 41 4096 43
600 11 4096 42
700 39 4096 42
800 6 4096 40
900 45 4096 52
1000 2 4096 46
1100 43 4096 45
1200 1 4096 46
1300 46 4096 51
1400 7 4096 51
1500 36 4096 43
1600 22 4096 45
1699 40 4096 42
1797 9 4096 62
1894 25 4096 50
1989 18 4096 55
2081 35 4096 46
2169 3 4096 41
2251 42 4096 45
2327 12 4096 30
2394 44 4096 53
2452 16 4096 53
2501 38 4096 53
2540 23 4096 45
2571 29 4096 53
2594 20 4096 41
2612 27 4096 42
2628 34 4096 48
2644 14 4096 45
2662 31 4096 56
2685 17 4096 53
2715 33 4096 52
2752 15 4096 47
2798 30 4096 55
2852 21 4096 44
2915 26 4096 29
2985 19 4096 47
3062 37 4096 57
3144 10 4096 48
3231 41 4096 53
3321 2 4096 61
3414 47 4096 43
3509 6 4096 43
3606 39 4096 46
3704 11 4096 60
3803 43 4096 49
3902 1 4096 49
4001 46 4096 52
4101 5 4096 38
4201 45 4096 54
4301 12 4096 38
4401 42 4096 41
4501 22 4096 48
4601 36 4096 50
4701 7 4096 48
4801 25 4096 51
4901 9 4096 41
5001 40 4096 53
5101 3 4096 46
5201 35 4096 47
5301 16 4096 48
5401 44 4096 48
5501 13 4096 55
5601 31 4096 46
5701 20 4096 41
5801 38 4096 42
5901 18 4096 44
6001 27 4096 42
6101 23 4096 42
6201 14 4096 54
6301 33 4096 60
6401 17 4096 41
6501 30 4096 43
6601 15 4096 40
6701 34 4096 48
6801 29 4096 40
6901 21 4096 41
7001 26 4096 51
7101 19 4096 42
7201 37 4096 45
7301 10 4096 60
7401 41 4096 39
7501 6 4096 50
7601 47 4096 31
7701 1 4096 50
7801 46 4096 45
7901 2 4096 50
8001 43 4096 57
8101 11 4096 41
8201 39 4096 46
8301 7 4096 52
8401 36 4096 38
8501 22 4096 50
8601 40 4096 48
8701 3 4096 60
8801 45 4096 53
8901 5 4096 44
9001 44 4096 38
9101 12 4096 44
9201 42 4096 38
9301 9 4096 42
9401 25 4096 52
9501 18 4096 60
9601 38 4096 44
9701 23 4096 47
9801 13 4096 53
9901 35 4096 42
10001 16 4096 54
10101 31 4096 43
10201 14 4096 35
10301 34 4096 50
10401 27 4096 43
10501 20 4096 48
10601 29 4096 55
10701 19 4096 47
10801 33 4096 53
10901 15 4096 43
11001 30 4096 62
11101 26 4096 50
11201 21 4096 49
11301 17 4096 66
11401 47 4096 61
11501 1 4096 38
