0 13 4096 43
99 47 4096 45
176 5 4096 47
266 37 4096 50
321 10 4096 47
403 41 4096 43
503 11 4096 42
566 39 4096 42
646 6 4096 40
706 45 4096 52
778 2 4096 46
828 43 4096 45
925 1 4096 46
1021 46 4096 51
1095 7 4096 51
1181 36 4096 43
1232 22 4096 45
1312 40 4096 42
1406 9 4096 62
1487 25 4096 50
1552 18 4096 55
1649 35 4096 46
1708 3 4096 41
1782 42 4096 45
1870 12 4096 30
1941 44 4096 53
2029 16 4096 53
2120 38 4096 53
2188 23 4096 45
2249 29 4096 53
2310 20 4096 41
2372 27 4096 42
2453 34 4096 48
2503 14 4096 45
2563 31 4096 56
2619 17 4096 53
2674 33 4096 52
2768 15 4096 47
2830 30 4096 55
2885 21 4096 44
2964 26 4096 29
3035 19 4096 47
3126 37 4096 57
3216 10 4096 48
3293 41 4096 53
3344 2 4096 61
3442 47 4096 43
3496 6 4096 43
3595 39 4096 46
3656 11 4096 60
3746 43 4096 49
3802 1 4096 49
3852 46 4096 52
3945 5 4096 38
4024 45 4096 54
4086 12 4096 38
4160 42 4096 41
4249 22 4096 48
4310 36 4096 50
4410 7 4096 48
4510 25 4096 51
4571 9 4096 41
4637 40 4096 53
4713 3 4096 46
4805 35 4096 47
4901 16 4096 48
4960 44 4096 48
5034 13 4096 55
5133 31 4096 46
5203 20 4096 41
5274 38 4096 42
5360 18 4096 44
5454 27 4096 42
5511 23 4096 42
5586 14 4096 54
5671 33 4096 60
5732 17 4096 41
5808 30 4096 43
5888 15 4096 40
5950 34 4096 48
6042 29 4096 40
6125 21 4096 41
6176 26 4096 51
6250 19 4096 42
6303 37 4096 45
6371 10 4096 60
6448 41 4096 39
6532 6 4096 50
6591 47 4096 31
6671 1 4096 50
6745 46 4096 45
6840 2 4096 50
6916 43 4096 57
6979 11 4096 41
7030 39 4096 46
7093 7 4096 52
7149 36 4096 38
7231 22 4096 50
7291 40 4096 48
7379 3 4096 60
7459 45 4096 53
7546 5 4096 44
7611 44 4096 38
7696 12 4096 44
7779 42 4096 38
7852 9 4096 42
7903 25 4096 52
7969 18 4096 60
8069 38 4096 44
8123 23 4096 47
8208 13 4096 53
8274 35 4096 42
8364 16 4096 54
8444 31 4096 43
8543 14 4096 35
8594 34 4096 50
8666 27 4096 43
8731 20 4096 48
8794 29 4096 55
8869 19 4096 47
8926 33 4096 53
9019 15 4096 43
9115 30 4096 62
9203 26 4096 50
9270 21 4096 49
9370 17 4096 66
9428 47 4096 61
9522 1 4096 38
