0 12 4096 43
100 45 4096 45
200 2 4096 47
300 43 4096 50
400 10 4096 47
500 37 4096 43
600 8 4096 42
700 39 4096 42
800 22 4096 40
900 25 4096 52
1000 6 4096 46
1100 41 4096 45
1200 4 4096 46
1300 35 4096 51
1400 14 4096 51
1500 33 4096 43
1600 36 4096 45
1699 11 4096 42
1797 38 4096 62
1894 9 4096 50
1989 40 4096 55
2081 1 4096 46
2169 46 4096 41
2251 3 4096 45
2327 44 4096 30
2394 13 4096 53
2452 34 4096 53
2501 5 4096 53
2540 42 4096 45
2571 15 4096 53
2594 20 4096 41
2612 27 4096 42
2628 18 4096 48
2644 29 4096 45
2662 16 4096 56
2685 31 4096 53
2715 24 4096 52
2752 7 4096 47
2798 26 4096 55
2852 23 4096 44
2915 28 4096 29
2985 21 4096 47
3062 30 4096 57
3144 17 4096 48
3231 32 4096 53
3321 19 4096 61
3414 36 4096 43
3509 11 4096 43
3606 38 4096 46
3704 9 4096 60
3803 40 4096 49
3902 1 4096 49
4001 46 4096 52
4101 3 4096 38
4201 44 4096 54
4301 5 4096 38
4401 42 4096 41
4501 13 4096 48
4601 10 4096 50
4701 37 4096 48
4801 8 4096 51
4901 39 4096 41
5001 6 4096 53
5101 41 4096 46
5201 22 4096 47
5301 25 4096 48
5401 20 4096 48
5501 43 4096 55
5601 2 4096 46
5701 45 4096 41
5801 12 4096 42
5901 35 4096 44
6001 4 4096 42
6101 33 4096 42
6201 14 4096 54
6301 23 4096 60
6401 24 4096 41
6501 7 4096 43
6601 34 4096 40
6701 15 4096 48
6801 32 4096 40
6901 27 4096 41
7001 18 4096 51
7101 29 4096 42
7201 16 4096 45
7301 31 4096 60
7401 26 4096 39
7501 21 4096 50
7601 28 4096 31
7701 19 4096 50
7801 30 4096 45
7901 17 4096 50
8001 46 4096 57
8101 1 4096 41
8201 44 4096 46
8301 3 4096 52
8401 42 4096 38
8501 11 4096 50
8601 36 4096 48
8701 9 4096 60
8801 38 4096 53
8901 23 4096 44
9001 2 4096 38
9101 45 4096 44
9201 4 4096 38
9301 37 4096 42
9401 10 4096 52
9501 39 4096 60
9601 8 4096 44
9701 41 4096 47
9801 22 4096 53
9901 25 4096 42
10001 6 4096 54
10101 43 4096 43
10201 12 4096 35
10301 35 4096 50
10401 14 4096 43
10501 33 4096 48
10601 16 4096 55
10701 31 4096 47
10801 20 4096 53
10901 27 4096 43
11001 18 4096 62
11101 29 4096 50
11201 34 4096 49
11301 5 4096 66
11401 24 4096 61
11501 7 4096 38
