0 14 4096 86
100 46 4096 90
200 2 4096 94
300 45 4096 100
400 1 4096 94
500 35 4096 86
600 12 4096 84
700 44 4096 84
800 4 4096 80
900 37 4096 104
1000 10 4096 92
1100 36 4096 90
1200 11 4096 92
1300 39 4096 102
1400 8 4096 102
1500 38 4096 86
1600 9 4096 90
1699 25 4096 84
1797 6 4096 124
1894 41 4096 100
1989 22 4096 110
2081 27 4096 92
2169 7 4096 82
2251 43 4096 90
2327 3 4096 60
2394 42 4096 106
2452 13 4096 106
2501 34 4096 106
2540 5 4096 90
2571 33 4096 106
2594 16 4096 82
2612 24 4096 84
2628 20 4096 96
2644 40 4096 90
2662 23 4096 112
2685 29 4096 106
2715 18 4096 104
2752 26 4096 94
2798 21 4096 110
2852 28 4096 88
2915 15 4096 58
2985 32 4096 94
3062 17 4096 114
3144 31 4096 96
3231 19 4096 106
3321 30 4096 122
3414 1 4096 86
3509 46 4096 86
3606 2 4096 92
3704 45 4096 120
3803 12 4096 98
3902 35 4096 98
4001 4 4096 104
4101 37 4096 76
4201 10 4096 108
4301 36 4096 76
4401 8 4096 82
4501 39 4096 96
4601 11 4096 100
4701 25 4096 96
4801 9 4096 102
4901 38 4096 82
5001 6 4096 106
5101 41 4096 92
5201 22 4096 94
5301 24 4096 96
5401 20 4096 96
5501 27 4096 110
5601 7 4096 92
5701 43 4096 82
5801 3 4096 84
5901 44 4096 88
6001 5 4096 84
6101 42 4096 84
6201 14 4096 108
6301 33 4096 120
6401 13 4096 82
6501 34 4096 86
6601 16 4096 80
6701 31 4096 96
6801 15 4096 80
6901 40 4096 82
7001 23 4096 102
7101 26 4096 84
7201 18 4096 90
7301 29 4096 120
7401 21 4096 78
7501 28 4096 100
7601 19 4096 62
7701 32 4096 100
7801 17 4096 90
7901 30 4096 100
8001 2 4096 114
8101 46 4096 82
8201 1 4096 92
8301 45 4096 104
8401 4 4096 76
8501 37 4096 100
8601 10 4096 96
8701 36 4096 120
8801 8 4096 106
8901 39 4096 88
9001 11 4096 76
9101 38 4096 88
9201 22 4096 76
9301 25 4096 84
9401 9 4096 104
9501 41 4096 120
9601 6 4096 88
9701 35 4096 94
9801 12 4096 106
9901 43 4096 84
10001 3 4096 108
10101 44 4096 86
10201 14 4096 70
10301 34 4096 100
10401 13 4096 86
10501 33 4096 96
10601 5 4096 110
10701 42 4096 94
10801 15 4096 106
10901 40 4096 86
11001 7 4096 124
11101 27 4096 100
11201 20 4096 98
11301 24 4096 132
11401 23 4096 122
11501 29 4096 76
