0 42 4096 43
100 4 4096 45
200 43 4096 47
300 5 4096 50
400 41 4096 47
500 6 4096 43
600 40 4096 42
700 7 4096 42
800 29 4096 40
900 37 4096 52
1000 10 4096 46
1100 36 4096 45
1200 11 4096 46
1300 39 4096 51
1400 8 4096 51
1500 25 4096 43
1600 9 4096 45
1699 38 4096 42
1797 22 4096 62
1894 27 4096 50
1989 23 4096 55
2081 24 4096 46
2169 20 4096 41
2251 46 4096 45
2327 1 4096 30
2394 45 4096 53
2452 2 4096 53
2501 44 4096 53
2540 3 4096 45
2571 35 4096 53
2594 12 4096 41
2612 34 4096 42
2628 13 4096 48
2644 33 4096 45
2662 14 4096 56
2685 32 4096 53
2715 15 4096 52
2752 18 4096 47
2798 31 4096 55
2852 16 4096 44
2915 30 4096 29
2985 26 4096 47
3062 21 4096 57
3144 17 4096 48
3231 28 4096 53
3321 19 4096 61
3414 2 4096 43
3509 45 4096 43
3606 1 4096 46
3704 46 4096 60
3803 3 4096 49
3902 44 4096 49
4001 12 4096 52
4101 35 4096 38
4201 13 4096 54
4301 6 4096 38
4401 41 4096 41
4501 4 4096 48
4601 43 4096 50
4701 5 4096 48
4801 42 4096 51
4901 16 4096 41
5001 10 4096 53
5101 37 4096 46
5201 8 4096 47
5301 39 4096 48
5401 11 4096 48
5501 36 4096 55
5601 9 4096 46
5701 25 4096 41
5801 22 4096 42
5901 38 4096 44
6001 23 4096 42
6101 24 4096 42
6201 20 4096 54
6301 27 4096 60
6401 21 4096 41
6501 26 4096 43
6601 40 4096 40
6701 7 4096 48
6801 29 4096 40
6901 18 4096 41
7001 15 4096 51
7101 33 4096 42
7201 14 4096 45
7301 34 4096 60
7401 31 4096 39
7501 17 4096 50
7601 30 4096 31
7701 32 4096 50
7801 28 4096 45
7901 19 4096 50
8001 2 4096 57
8101 45 4096 41
8201 1 4096 46
8301 46 4096 52
8401 3 4096 38
8501 35 4096 50
8601 12 4096 48
8701 44 4096 60
8801 13 4096 53
8901 33 4096 44
9001 10 4096 38
9101 37 4096 44
9201 11 4096 38
9301 36 4096 42
9401 8 4096 52
9501 39 4096 60
9601 9 4096 44
9701 38 4096 47
9801 22 4096 53
9901 25 4096 42
10001 20 4096 54
10101 24 4096 43
10201 43 4096 35
10301 4 4096 50
10401 41 4096 43
10501 6 4096 48
10601 40 4096 55
10701 7 4096 47
10801 42 4096 53
10901 5 4096 43
11001 31 4096 62
11101 16 4096 50
11201 23 4096 49
11301 27 4096 66
11401 21 4096 61
11501 26 4096 38
