0 1 4096 43
100 47 4096 45
200 14 4096 47
300 35 4096 50
400 2 4096 47
500 45 4096 43
600 13 4096 42
700 33 4096 42
800 4 4096 40
900 37 4096 52
1000 22 4096 46
1100 25 4096 45
1200 10 4096 46
1300 39 4096 51
1400 20 4096 51
1500 27 4096 43
1600 11 4096 45
1699 38 4096 42
1797 23 4096 62
1894 29 4096 50
1989 8 4096 55
2081 41 4096 46
2169 34 4096 41
2251 16 4096 45
2327 46 4096 30
2394 3 4096 53
2452 32 4096 53
2501 15 4096 53
2540 44 4096 45
2571 5 4096 53
2594 31 4096 41
2612 17 4096 42
2628 43 4096 48
2644 9 4096 45
2662 26 4096 56
2685 18 4096 53
2715 40 4096 52
2752 6 4096 47
2798 28 4096 55
2852 21 4096 44
2915 42 4096 29
2985 7 4096 47
3062 30 4096 57
3144 19 4096 48
3231 37 4096 53
3321 10 4096 61
3414 25 4096 43
3509 22 4096 43
3606 39 4096 46
3704 8 4096 60
3803 27 4096 49
3902 20 4096 49
4001 41 4096 52
4101 11 4096 38
4201 29 4096 54
4301 23 4096 38
4401 2 4096 41
4501 47 4096 48
4601 14 4096 50
4701 35 4096 48
4801 1 4096 51
4901 45 4096 41
5001 13 4096 53
5101 34 4096 46
5201 4 4096 47
5301 46 4096 48
5401 16 4096 48
5501 33 4096 55
5601 3 4096 46
5701 43 4096 41
5801 15 4096 42
5901 32 4096 44
6001 6 4096 42
6101 38 4096 42
6201 18 4096 54
6301 26 4096 60
6401 9 4096 41
6501 40 4096 43
6601 21 4096 40
6701 31 4096 48
6801 5 4096 40
6901 44 4096 41
7001 17 4096 51
7101 30 4096 42
7201 7 4096 45
7301 42 4096 60
7401 28 4096 39
7501 19 4096 50
7601 37 4096 31
7701 10 4096 50
7801 25 4096 45
7901 22 4096 50
8001 39 4096 57
8101 8 4096 41
8201 27 4096 46
8301 23 4096 52
8401 41 4096 38
8501 11 4096 50
8601 13 4096 48
8701 35 4096 60
8801 2 4096 53
8901 47 4096 44
9001 14 4096 38
9101 33 4096 44
9201 1 4096 38
9301 45 4096 42
9401 16 4096 52
9501 34 4096 60
9601 3 4096 44
9701 46 4096 47
9801 15 4096 53
9901 31 4096 42
10001 4 4096 54
10101 43 4096 43
10201 20 4096 35
10301 26 4096 50
10401 9 4096 43
10501 38 4096 48
10601 18 4096 55
10701 29 4096 47
10801 6 4096 53
10901 44 4096 43
11001 17 4096 62
11101 32 4096 50
11201 5 4096 49
11301 42 4096 66
11401 21 4096 61
11501 28 4096 38
