0 1 4096 43
99 47 4096 45
176 14 4096 47
266 35 4096 50
321 2 4096 47
403 45 4096 43
503 13 4096 42
566 33 4096 42
646 4 4096 40
706 37 4096 52
778 22 4096 46
828 25 4096 45
925 10 4096 46
1021 39 4096 51
1095 20 4096 51
1181 27 4096 43
1232 11 4096 45
1312 38 4096 42
1406 23 4096 62
1487 29 4096 50
1552 8 4096 55
1649 41 4096 46
1708 34 4096 41
1782 16 4096 45
1870 46 4096 30
1941 3 4096 53
2029 32 4096 53
2120 15 4096 53
2188 44 4096 45
2249 5 4096 53
2310 31 4096 41
2372 17 4096 42
2453 43 4096 48
2503 9 4096 45
2563 26 4096 56
2619 18 4096 53
2674 40 4096 52
2768 6 4096 47
2830 28 4096 55
2885 21 4096 44
2964 42 4096 29
3035 7 4096 47
3126 30 4096 57
3216 19 4096 48
3293 37 4096 53
3344 10 4096 61
3442 25 4096 43
3496 22 4096 43
3595 39 4096 46
3656 8 4096 60
3746 27 4096 49
3802 20 4096 49
3852 41 4096 52
3945 11 4096 38
4024 29 4096 54
4086 23 4096 38
4160 2 4096 41
4249 47 4096 48
4310 14 4096 50
4410 35 4096 48
4510 1 4096 51
4571 45 4096 41
4637 13 4096 53
4713 34 4096 46
4805 4 4096 47
4901 46 4096 48
4960 16 4096 48
5034 33 4096 55
5133 3 4096 46
5203 43 4096 41
5274 15 4096 42
5360 32 4096 44
5454 6 4096 42
5511 38 4096 42
5586 18 4096 54
5671 26 4096 60
5732 9 4096 41
5808 40 4096 43
5888 21 4096 40
5950 31 4096 48
6042 5 4096 40
6125 44 4096 41
6176 17 4096 51
6250 30 4096 42
6303 7 4096 45
6371 42 4096 60
6448 28 4096 39
6532 19 4096 50
6591 37 4096 31
6671 10 4096 50
6745 25 4096 45
6840 22 4096 50
6916 39 4096 57
6979 8 4096 41
7030 27 4096 46
7093 23 4096 52
7149 41 4096 38
7231 11 4096 50
7291 13 4096 48
7379 35 4096 60
7459 2 4096 53
7546 47 4096 44
7611 14 4096 38
7696 33 4096 44
7779 1 4096 38
7852 45 4096 42
7903 16 4096 52
7969 34 4096 60
8069 3 4096 44
8123 46 4096 47
8208 15 4096 53
8274 31 4096 42
8364 4 4096 54
8444 43 4096 43
8543 20 4096 35
8594 26 4096 50
8666 9 4096 43
8731 38 4096 48
8794 18 4096 55
8869 29 4096 47
8926 6 4096 53
9019 44 4096 43
9115 17 4096 62
9203 32 4096 50
9270 5 4096 49
9370 42 4096 66
9428 21 4096 61
9522 28 4096 38
