0 11 4096 43
100 37 4096 45
200 18 4096 47
300 41 4096 50
400 10 4096 47
500 39 4096 43
600 34 4096 42
700 13 4096 42
800 47 4096 40
900 1 4096 52
1000 43 4096 46
1100 5 4096 45
1200 46 4096 46
1300 2 4096 51
1400 42 4096 51
1500 6 4096 43
1600 45 4096 45
1699 3 4096 42
1797 36 4096 62
1894 14 4096 50
1989 44 4096 55
2081 7 4096 46
2169 40 4096 41
2251 8 4096 45
2327 38 4096 30
2394 9 4096 53
2452 29 4096 53
2501 35 4096 53
2540 24 4096 45
2571 22 4096 53
2594 31 4096 41
2612 17 4096 42
2628 25 4096 48
2644 23 4096 45
2662 15 4096 56
2685 33 4096 53
2715 26 4096 52
2752 20 4096 47
2798 28 4096 55
2852 32 4096 44
2915 27 4096 29
2985 21 4096 47
3062 30 4096 57
3144 19 4096 48
3231 37 4096 53
3321 10 4096 61
3414 41 4096 43
3509 18 4096 43
3606 39 4096 46
3704 8 4096 60
3803 40 4096 49
3902 34 4096 49
4001 1 4096 52
4101 47 4096 38
4201 5 4096 54
4301 43 4096 38
4401 2 4096 41
4501 46 4096 48
4601 6 4096 50
4701 29 4096 48
4801 11 4096 51
4901 36 4096 41
5001 35 4096 53
5101 14 4096 46
5201 45 4096 47
5301 3 4096 48
5401 42 4096 48
5501 7 4096 55
5601 44 4096 46
5701 13 4096 41
5801 22 4096 42
5901 25 4096 44
6001 9 4096 42
6101 38 4096 42
6201 32 4096 54
6301 15 4096 60
6401 33 4096 41
6501 24 4096 43
6601 20 4096 40
6701 28 4096 48
6801 23 4096 40
6901 27 4096 41
7001 19 4096 51
7101 31 4096 42
7201 17 4096 45
7301 26 4096 60
7401 21 4096 39
7501 30 4096 50
7601 1 4096 31
7701 47 4096 50
7801 6 4096 45
7901 41 4096 50
8001 10 4096 57
8101 37 4096 41
8201 18 4096 46
8301 40 4096 52
8401 8 4096 38
8501 39 4096 50
8601 34 4096 48
8701 13 4096 60
8801 45 4096 53
8901 2 4096 44
9001 43 4096 38
9101 5 4096 44
9201 46 4096 38
9301 3 4096 42
9401 42 4096 52
9501 24 4096 60
9601 11 4096 44
9701 36 4096 47
9801 19 4096 53
9901 14 4096 42
10001 44 4096 54
10101 7 4096 43
10201 29 4096 35
10301 9 4096 50
10401 38 4096 43
10501 22 4096 48
10601 31 4096 55
10701 17 4096 47
10801 25 4096 53
10901 20 4096 43
11001 28 4096 62
11101 35 4096 50
11201 15 4096 49
11301 33 4096 66
11401 26 4096 61
11501 23 4096 38
