0 4 4096 64
100 46 4096 67
200 1 4096 70
300 45 4096 75
400 2 4096 70
500 43 4096 64
600 10 4096 63
700 37 4096 63
800 11 4096 60
900 36 4096 78
1000 8 4096 69
1100 39 4096 67
1200 9 4096 69
1300 38 4096 76
1400 6 4096 76
1500 41 4096 64
1600 7 4096 67
1699 44 4096 63
1797 3 4096 93
1894 42 4096 75
1989 5 4096 82
2081 23 4096 69
2169 25 4096 61
2251 22 4096 67
2327 27 4096 45
2394 20 4096 79
2452 24 4096 79
2501 18 4096 79
2540 35 4096 67
2571 12 4096 79
2594 33 4096 61
2612 14 4096 63
2628 34 4096 72
2644 13 4096 67
2662 31 4096 84
2685 16 4096 79
2715 32 4096 78
2752 40 4096 70
2798 26 4096 82
2852 21 4096 66
2915 29 4096 43
2985 15 4096 70
3062 30 4096 85
3144 17 4096 72
3231 28 4096 79
3321 19 4096 91
3414 1 4096 64
3509 45 4096 64
3606 2 4096 69
3704 46 4096 90
3803 3 4096 73
3902 44 4096 73
4001 4 4096 78
4101 37 4096 57
4201 10 4096 81
4301 39 4096 57
4401 8 4096 61
4501 36 4096 72
4601 11 4096 75
4701 38 4096 72
4801 9 4096 76
4901 41 4096 61
5001 6 4096 79
5101 43 4096 69
5201 5 4096 70
5301 42 4096 72
5401 24 4096 72
5501 22 4096 82
5601 25 4096 69
5701 23 4096 61
5801 27 4096 63
5901 20 4096 66
6001 26 4096 63
6101 21 4096 63
6201 29 4096 81
6301 12 4096 90
6401 35 4096 61
6501 14 4096 64
6601 33 4096 60
6701 13 4096 72
6801 34 4096 60
6901 15 4096 61
7001 32 4096 76
7101 40 4096 63
7201 7 4096 67
7301 17 4096 90
7401 31 4096 58
7501 16 4096 75
7601 30 4096 46
7701 18 4096 75
7801 28 4096 67
7901 19 4096 75
8001 25 4096 85
8101 22 4096 61
8201 24 4096 69
8301 46 4096 78
8401 1 4096 57
8501 45 4096 75
8601 2 4096 72
8701 43 4096 90
8801 10 4096 79
8901 37 4096 66
9001 8 4096 57
9101 36 4096 66
9201 11 4096 57
9301 39 4096 63
9401 9 4096 78
9501 38 4096 90
9601 6 4096 66
9701 41 4096 70
9801 7 4096 79
9901 44 4096 63
10001 3 4096 81
10101 42 4096 64
10201 4 4096 52
10301 23 4096 75
10401 27 4096 64
10501 20 4096 72
10601 29 4096 82
10701 12 4096 70
10801 35 4096 79
10901 14 4096 64
11001 34 4096 93
11101 13 4096 75
11201 33 4096 73
11301 16 4096 99
11401 32 4096 91
11501 40 4096 57
