0 4 4096 43
99 47 4096 45
176 3 4096 47
266 46 4096 50
321 14 4096 47
403 35 4096 43
503 15 4096 42
566 34 4096 42
646 2 4096 40
706 45 4096 52
778 5 4096 46
828 44 4096 45
925 16 4096 46
1021 33 4096 51
1095 17 4096 51
1181 32 4096 43
1232 39 4096 45
1312 10 4096 42
1406 38 4096 62
1487 11 4096 50
1552 27 4096 55
1649 22 4096 46
1708 26 4096 41
1782 23 4096 45
1870 41 4096 30
1941 8 4096 53
2029 40 4096 53
2120 9 4096 53
2188 29 4096 45
2249 20 4096 53
2310 28 4096 41
2372 21 4096 42
2453 43 4096 48
2503 6 4096 45
2563 42 4096 56
2619 7 4096 53
2674 31 4096 52
2768 18 4096 47
2830 30 4096 55
2885 19 4096 44
2964 39 4096 29
3035 10 4096 47
3126 38 4096 57
3216 11 4096 48
3293 27 4096 53
3344 22 4096 61
3442 26 4096 43
3496 23 4096 43
3595 2 4096 46
3656 47 4096 60
3746 3 4096 49
3802 46 4096 49
3852 14 4096 52
3945 35 4096 38
4024 15 4096 54
4086 34 4096 38
4160 4 4096 41
4249 45 4096 48
4310 5 4096 50
4410 44 4096 48
4510 16 4096 51
4571 33 4096 41
4637 17 4096 53
4713 32 4096 46
4805 6 4096 47
4901 41 4096 48
4960 9 4096 48
5034 40 4096 55
5133 20 4096 46
5203 29 4096 41
5274 21 4096 42
5360 28 4096 44
5454 8 4096 42
5511 43 4096 42
5586 7 4096 54
5671 42 4096 60
5732 18 4096 41
5808 31 4096 43
5888 19 4096 40
5950 30 4096 48
6042 10 4096 40
6125 39 4096 41
6176 11 4096 51
6250 38 4096 42
6303 22 4096 45
6371 27 4096 60
6448 23 4096 39
6532 26 4096 50
6591 47 4096 31
6671 2 4096 50
6745 46 4096 45
6840 3 4096 50
6916 35 4096 57
6979 14 4096 41
7030 34 4096 46
7093 15 4096 52
7149 45 4096 38
7231 4 4096 50
7291 44 4096 48
7379 5 4096 60
7459 33 4096 53
7546 16 4096 44
7611 32 4096 38
7696 17 4096 44
7779 43 4096 38
7852 8 4096 42
7903 40 4096 52
7969 9 4096 60
8069 29 4096 44
8123 20 4096 47
8208 28 4096 53
8274 21 4096 42
8364 41 4096 54
8444 6 4096 43
8543 42 4096 35
8594 7 4096 50
8666 31 4096 43
8731 18 4096 48
8794 30 4096 55
8869 19 4096 47
8926 39 4096 53
9019 10 4096 43
9115 38 4096 62
9203 11 4096 50
9270 27 4096 49
9370 22 4096 66
9428 26 4096 61
9522 23 4096 38
