0 14 4096 172
100 46 4096 180
200 2 4096 188
300 45 4096 200
400 1 4096 188
500 35 4096 172
600 12 4096 168
700 44 4096 168
800 4 4096 160
900 37 4096 208
1000 10 4096 184
1100 36 4096 180
1200 11 4096 184
1300 39 4096 204
1400 8 4096 204
1500 38 4096 172
1600 9 4096 180
1699 25 4096 168
1797 6 4096 248
1894 41 4096 200
1989 22 4096 220
2081 27 4096 184
2169 7 4096 164
2251 43 4096 180
2327 3 4096 120
2394 42 4096 212
2452 13 4096 212
2501 34 4096 212
2540 5 4096 180
2571 33 4096 212
2594 16 4096 164
2612 24 4096 168
2628 20 4096 192
2644 40 4096 180
2662 23 4096 224
2685 29 4096 212
2715 18 4096 208
2752 26 4096 188
2798 21 4096 220
2852 28 4096 176
2915 15 4096 116
2985 32 4096 188
3062 17 4096 228
3144 31 4096 192
3231 19 4096 212
3321 30 4096 244
3414 1 4096 172
3509 46 4096 172
3606 2 4096 184
3704 45 4096 240
3803 12 4096 196
3902 35 4096 196
4001 4 4096 208
4101 37 4096 152
4201 10 4096 216
4301 36 4096 152
4401 8 4096 164
4501 39 4096 192
4601 11 4096 200
4701 25 4096 192
4801 9 4096 204
4901 38 4096 164
5001 6 4096 212
5101 41 4096 184
5201 22 4096 188
5301 24 4096 192
5401 20 4096 192
5501 27 4096 220
5601 7 4096 184
5701 43 4096 164
5801 3 4096 168
5901 44 4096 176
6001 5 4096 168
6101 42 4096 168
6201 14 4096 216
6301 33 4096 240
6401 13 4096 164
6501 34 4096 172
6601 16 4096 160
6701 31 4096 192
6801 15 4096 160
6901 40 4096 164
7001 23 4096 204
7101 26 4096 168
7201 18 4096 180
7301 29 4096 240
7401 21 4096 156
7501 28 4096 200
7601 19 4096 124
7701 32 4096 200
7801 17 4096 180
7901 30 4096 200
8001 2 4096 228
8101 46 4096 164
8201 1 4096 184
8301 45 4096 208
8401 4 4096 152
8501 37 4096 200
8601 10 4096 192
8701 36 4096 240
8801 8 4096 212
8901 39 4096 176
9001 11 4096 152
9101 38 4096 176
9201 22 4096 152
9301 25 4096 168
9401 9 4096 208
9501 41 4096 240
9601 6 4096 176
9701 35 4096 188
9801 12 4096 212
9901 43 4096 168
10001 3 4096 216
10101 44 4096 172
10201 14 4096 140
10301 34 4096 200
10401 13 4096 172
10501 33 4096 192
10601 5 4096 220
10701 42 4096 188
10801 15 4096 212
10901 40 4096 172
11001 7 4096 248
11101 27 4096 200
11201 20 4096 196
11301 24 4096 264
11401 23 4096 244
11501 29 4096 152
