0 4 4096 43
100 47 4096 45
200 3 4096 47
300 46 4096 50
400 14 4096 47
500 35 4096 43
600 15 4096 42
700 34 4096 42
800 2 4096 40
900 45 4096 52
1000 5 4096 46
1100 44 4096 45
1200 16 4096 46
1300 33 4096 51
1400 17 4096 51
1500 32 4096 43
1600 39 4096 45
1699 10 4096 42
1797 38 4096 62
1894 11 4096 50
1989 27 4096 55
2081 22 4096 46
2169 26 4096 41
2251 23 4096 45
2327 41 4096 30
2394 8 4096 53
2452 40 4096 53
2501 9 4096 53
2540 29 4096 45
2571 20 4096 53
2594 28 4096 41
2612 21 4096 42
2628 43 4096 48
2644 6 4096 45
2662 42 4096 56
2685 7 4096 53
2715 31 4096 52
2752 18 4096 47
2798 30 4096 55
2852 19 4096 44
2915 39 4096 29
2985 10 4096 47
3062 38 4096 57
3144 11 4096 48
3231 27 4096 53
3321 22 4096 61
3414 26 4096 43
3509 23 4096 43
3606 2 4096 46
3704 47 4096 60
3803 3 4096 49
3902 46 4096 49
4001 14 4096 52
4101 35 4096 38
4201 15 4096 54
4301 34 4096 38
4401 4 4096 41
4501 45 4096 48
4601 5 4096 50
4701 44 4096 48
4801 16 4096 51
4901 33 4096 41
5001 17 4096 53
5101 32 4096 46
5201 6 4096 47
5301 41 4096 48
5401 9 4096 48
5501 40 4096 55
5601 20 4096 46
5701 29 4096 41
5801 21 4096 42
5901 28 4096 44
6001 8 4096 42
6101 43 4096 42
6201 7 4096 54
6301 42 4096 60
6401 18 4096 41
6501 31 4096 43
6601 19 4096 40
6701 30 4096 48
6801 10 4096 40
6901 39 4096 41
7001 11 4096 51
7101 38 4096 42
7201 22 4096 45
7301 27 4096 60
7401 23 4096 39
7501 26 4096 50
7601 47 4096 31
7701 2 4096 50
7801 46 4096 45
7901 3 4096 50
8001 35 4096 57
8101 14 4096 41
8201 34 4096 46
8301 15 4096 52
8401 45 4096 38
8501 4 4096 50
8601 44 4096 48
8701 5 4096 60
8801 33 4096 53
8901 16 4096 44
9001 32 4096 38
9101 17 4096 44
9201 43 4096 38
9301 8 4096 42
9401 40 4096 52
9501 9 4096 60
9601 29 4096 44
9701 20 4096 47
9801 28 4096 53
9901 21 4096 42
10001 41 4096 54
10101 6 4096 43
10201 42 4096 35
10301 7 4096 50
10401 31 4096 43
10501 18 4096 48
10601 30 4096 55
10701 19 4096 47
10801 39 4096 53
10901 10 4096 43
11001 38 4096 62
11101 11 4096 50
11201 27 4096 49
11301 22 4096 66
11401 26 4096 61
11501 23 4096 38
