0 12 4096 86
100 45 4096 90
200 2 4096 94
300 43 4096 100
400 10 4096 94
500 37 4096 86
600 8 4096 84
700 39 4096 84
800 22 4096 80
900 25 4096 104
1000 6 4096 92
1100 41 4096 90
1200 4 4096 92
1300 35 4096 102
1400 14 4096 102
1500 33 4096 86
1600 36 4096 90
1699 11 4096 84
1797 38 4096 124
1894 9 4096 100
1989 40 4096 110
2081 1 4096 92
2169 46 4096 82
2251 3 4096 90
2327 44 4096 60
2394 13 4096 106
2452 34 4096 106
2501 5 4096 106
2540 42 4096 90
2571 15 4096 106
2594 20 4096 82
2612 27 4096 84
2628 18 4096 96
2644 29 4096 90
2662 16 4096 112
2685 31 4096 106
2715 24 4096 104
2752 7 4096 94
2798 26 4096 110
2852 23 4096 88
2915 28 4096 58
2985 21 4096 94
3062 30 4096 114
3144 17 4096 96
3231 32 4096 106
3321 19 4096 122
3414 36 4096 86
3509 11 4096 86
3606 38 4096 92
3704 9 4096 120
3803 40 4096 98
3902 1 4096 98
4001 46 4096 104
4101 3 4096 76
4201 44 4096 108
4301 5 4096 76
4401 42 4096 82
4501 13 4096 96
4601 10 4096 100
4701 37 4096 96
4801 8 4096 102
4901 39 4096 82
5001 6 4096 106
5101 41 4096 92
5201 22 4096 94
5301 25 4096 96
5401 20 4096 96
5501 43 4096 110
5601 2 4096 92
5701 45 4096 82
5801 12 4096 84
5901 35 4096 88
6001 4 4096 84
6101 33 4096 84
6201 14 4096 108
6301 23 4096 120
6401 24 4096 82
6501 7 4096 86
6601 34 4096 80
6701 15 4096 96
6801 32 4096 80
6901 27 4096 82
7001 18 4096 102
7101 29 4096 84
7201 16 4096 90
7301 31 4096 120
7401 26 4096 78
7501 21 4096 100
7601 28 4096 62
7701 19 4096 100
7801 30 4096 90
7901 17 4096 100
8001 46 4096 114
8101 1 4096 82
8201 44 4096 92
8301 3 4096 104
8401 42 4096 76
8501 11 4096 100
8601 36 4096 96
8701 9 4096 120
8801 38 4096 106
8901 23 4096 88
9001 2 4096 76
9101 45 4096 88
9201 4 4096 76
9301 37 4096 84
9401 10 4096 104
9501 39 4096 120
9601 8 4096 88
9701 41 4096 94
9801 22 4096 106
9901 25 4096 84
10001 6 4096 108
10101 43 4096 86
10201 12 4096 70
10301 35 4096 100
10401 14 4096 86
10501 33 4096 96
10601 16 4096 110
10701 31 4096 94
10801 20 4096 106
10901 27 4096 86
11001 18 4096 124
11101 29 4096 100
11201 34 4096 98
11301 5 4096 132
11401 24 4096 122
11501 7 4096 76
