0 14 4096 43
99 46 4096 45
176 2 4096 47
266 45 4096 50
321 1 4096 47
403 35 4096 43
503 12 4096 42
566 44 4096 42
646 4 4096 40
706 37 4096 52
778 10 4096 46
828 36 4096 45
925 11 4096 46
1021 39 4096 51
1095 8 4096 51
1181 38 4096 43
1232 9 4096 45
1312 25 4096 42
1406 6 4096 62
1487 41 4096 50
1552 22 4096 55
1649 27 4096 46
1708 7 4096 41
1782 43 4096 45
1870 3 4096 30
1941 42 4096 53
2029 13 4096 53
2120 34 4096 53
2188 5 4096 45
2249 33 4096 53
2310 16 4096 41
2372 24 4096 42
2453 20 4096 48
2503 40 4096 45
2563 23 4096 56
2619 29 4096 53
2674 18 4096 52
2768 26 4096 47
2830 21 4096 55
2885 28 4096 44
2964 15 4096 29
3035 32 4096 47
3126 17 4096 57
3216 31 4096 48
3293 19 4096 53
3344 30 4096 61
3442 1 4096 43
3496 46 4096 43
3595 2 4096 46
3656 45 4096 60
3746 12 4096 49
3802 35 4096 49
3852 4 4096 52
3945 37 4096 38
4024 10 4096 54
4086 36 4096 38
4160 8 4096 41
4249 39 4096 48
4310 11 4096 50
4410 25 4096 48
4510 9 4096 51
4571 38 4096 41
4637 6 4096 53
4713 41 4096 46
4805 22 4096 47
4901 24 4096 48
4960 20 4096 48
5034 27 4096 55
5133 7 4096 46
5203 43 4096 41
5274 3 4096 42
5360 44 4096 44
5454 5 4096 42
5511 42 4096 42
5586 14 4096 54
5671 33 4096 60
5732 13 4096 41
5808 34 4096 43
5888 16 4096 40
5950 31 4096 48
6042 15 4096 40
6125 40 4096 41
6176 23 4096 51
6250 26 4096 42
6303 18 4096 45
6371 29 4096 60
6448 21 4096 39
6532 28 4096 50
6591 19 4096 31
6671 32 4096 50
6745 17 4096 45
6840 30 4096 50
6916 2 4096 57
6979 46 4096 41
7030 1 4096 46
7093 45 4096 52
7149 4 4096 38
7231 37 4096 50
7291 10 4096 48
7379 36 4096 60
7459 8 4096 53
7546 39 4096 44
7611 11 4096 38
7696 38 4096 44
7779 22 4096 38
7852 25 4096 42
7903 9 4096 52
7969 41 4096 60
8069 6 4096 44
8123 35 4096 47
8208 12 4096 53
8274 43 4096 42
8364 3 4096 54
8444 44 4096 43
8543 14 4096 35
8594 34 4096 50
8666 13 4096 43
8731 33 4096 48
8794 5 4096 55
8869 42 4096 47
8926 15 4096 53
9019 40 4096 43
9115 7 4096 62
9203 27 4096 50
9270 20 4096 49
9370 24 4096 66
9428 23 4096 61
9522 29 4096 38
