0 9 4096 43
100 37 4096 45
200 10 4096 47
300 39 4096 50
400 22 4096 47
500 25 4096 43
600 20 4096 42
700 27 4096 42
800 8 4096 40
900 41 4096 52
1000 11 4096 46
1100 43 4096 45
1200 13 4096 46
1300 35 4096 51
1400 15 4096 51
1500 33 4096 43
1600 1 4096 45
1699 47 4096 42
1797 3 4096 62
1894 45 4096 50
1989 16 4096 55
2081 34 4096 46
2169 18 4096 41
2251 29 4096 45
2327 6 4096 30
2394 46 4096 53
2452 4 4096 53
2501 44 4096 53
2540 17 4096 45
2571 31 4096 53
2594 23 4096 41
2612 28 4096 42
2628 7 4096 48
2644 40 4096 45
2662 21 4096 56
2685 5 4096 53
2715 42 4096 52
2752 19 4096 47
2798 32 4096 55
2852 30 4096 44
2915 37 4096 29
2985 10 4096 47
3062 39 4096 57
3144 8 4096 48
3231 25 4096 53
3321 22 4096 61
3414 27 4096 43
3509 20 4096 43
3606 41 4096 46
3704 11 4096 60
3803 43 4096 49
3902 1 4096 49
4001 35 4096 52
4101 13 4096 38
4201 33 4096 54
4301 15 4096 38
4401 47 4096 41
4501 3 4096 48
4601 45 4096 50
4701 4 4096 48
4801 34 4096 51
4901 16 4096 41
5001 32 4096 53
5101 18 4096 46
5201 46 4096 47
5301 6 4096 48
5401 44 4096 48
5501 5 4096 55
5601 23 4096 46
5701 29 4096 41
5801 21 4096 42
5901 31 4096 44
6001 9 4096 42
6101 40 4096 42
6201 7 4096 54
6301 42 4096 60
6401 17 4096 41
6501 30 4096 43
6601 19 4096 40
6701 28 4096 48
6801 10 4096 40
6901 37 4096 41
7001 8 4096 51
7101 39 4096 42
7201 22 4096 45
7301 25 4096 60
7401 20 4096 39
7501 27 4096 50
7601 11 4096 31
7701 41 4096 50
7801 9 4096 45
7901 47 4096 50
8001 13 4096 57
8101 35 4096 41
8201 15 4096 46
8301 33 4096 52
8401 1 4096 38
8501 45 4096 50
8601 3 4096 48
8701 46 4096 60
8801 16 4096 53
8901 34 4096 44
9001 18 4096 38
9101 29 4096 44
9201 6 4096 38
9301 40 4096 42
9401 4 4096 52
9501 43 4096 60
9601 23 4096 44
9701 28 4096 47
9801 21 4096 53
9901 31 4096 42
10001 5 4096 54
10101 44 4096 43
10201 7 4096 35
10301 42 4096 50
10401 17 4096 43
10501 32 4096 48
10601 19 4096 55
10701 30 4096 47
10801 10 4096 53
10901 37 4096 43
11001 8 4096 62
11101 39 4096 50
11201 22 4096 49
11301 25 4096 66
11401 20 4096 61
11501 27 4096 38
