0 4 4096 129
100 46 4096 135
200 1 4096 141
300 45 4096 150
400 2 4096 141
500 43 4096 129
600 10 4096 126
700 37 4096 126
800 11 4096 120
900 36 4096 156
1000 8 4096 138
1100 39 4096 135
1200 9 4096 138
1300 38 4096 153
1400 6 4096 153
1500 41 4096 129
1600 7 4096 135
1699 44 4096 126
1797 3 4096 186
1894 42 4096 150
1989 5 4096 165
2081 23 4096 138
2169 25 4096 123
2251 22 4096 135
2327 27 4096 90
2394 20 4096 159
2452 24 4096 159
2501 18 4096 159
2540 35 4096 135
2571 12 4096 159
2594 33 4096 123
2612 14 4096 126
2628 34 4096 144
2644 13 4096 135
2662 31 4096 168
2685 16 4096 159
2715 32 4096 156
2752 40 4096 141
2798 26 4096 165
2852 21 4096 132
2915 29 4096 87
2985 15 4096 141
3062 30 4096 171
3144 17 4096 144
3231 28 4096 159
3321 19 4096 183
3414 1 4096 129
3509 45 4096 129
3606 2 4096 138
3704 46 4096 180
3803 3 4096 147
3902 44 4096 147
4001 4 4096 156
4101 37 4096 114
4201 10 4096 162
4301 39 4096 114
4401 8 4096 123
4501 36 4096 144
4601 11 4096 150
4701 38 4096 144
4801 9 4096 153
4901 41 4096 123
5001 6 4096 159
5101 43 4096 138
5201 5 4096 141
5301 42 4096 144
5401 24 4096 144
5501 22 4096 165
5601 25 4096 138
5701 23 4096 123
5801 27 4096 126
5901 20 4096 132
6001 26 4096 126
6101 21 4096 126
6201 29 4096 162
6301 12 4096 180
6401 35 4096 123
6501 14 4096 129
6601 33 4096 120
6701 13 4096 144
6801 34 4096 120
6901 15 4096 123
7001 32 4096 153
7101 40 4096 126
7201 7 4096 135
7301 17 4096 180
7401 31 4096 117
7501 16 4096 150
7601 30 4096 93
7701 18 4096 150
7801 28 4096 135
7901 19 4096 150
8001 25 4096 171
8101 22 4096 123
8201 24 4096 138
8301 46 4096 156
8401 1 4096 114
8501 45 4096 150
8601 2 4096 144
8701 43 4096 180
8801 10 4096 159
8901 37 4096 132
9001 8 4096 114
9101 36 4096 132
9201 11 4096 114
9301 39 4096 126
9401 9 4096 156
9501 38 4096 180
9601 6 4096 132
9701 41 4096 141
9801 7 4096 159
9901 44 4096 126
10001 3 4096 162
10101 42 4096 129
10201 4 4096 105
10301 23 4096 150
10401 27 4096 129
10501 20 4096 144
10601 29 4096 165
10701 12 4096 141
10801 35 4096 159
10901 14 4096 129
11001 34 4096 186
11101 13 4096 150
11201 33 4096 147
11301 16 4096 198
11401 32 4096 183
11501 40 4096 114
