0 12 4096 43
99 45 4096 45
176 2 4096 47
266 43 4096 50
321 10 4096 47
403 37 4096 43
503 8 4096 42
566 39 4096 42
646 22 4096 40
706 25 4096 52
778 6 4096 46
828 41 4096 45
925 4 4096 46
1021 35 4096 51
1095 14 4096 51
1181 33 4096 43
1232 36 4096 45
1312 11 4096 42
1406 38 4096 62
1487 9 4096 50
1552 40 4096 55
1649 1 4096 46
1708 46 4096 41
1782 3 4096 45
1870 44 4096 30
1941 13 4096 53
2029 34 4096 53
2120 5 4096 53
2188 42 4096 45
2249 15 4096 53
2310 20 4096 41
2372 27 4096 42
2453 18 4096 48
2503 29 4096 45
2563 16 4096 56
2619 31 4096 53
2674 24 4096 52
2768 7 4096 47
2830 26 4096 55
2885 23 4096 44
2964 28 4096 29
3035 21 4096 47
3126 30 4096 57
3216 17 4096 48
3293 32 4096 53
3344 19 4096 61
3442 36 4096 43
3496 11 4096 43
3595 38 4096 46
3656 9 4096 60
3746 40 4096 49
3802 1 4096 49
3852 46 4096 52
3945 3 4096 38
4024 44 4096 54
4086 5 4096 38
4160 42 4096 41
4249 13 4096 48
4310 10 4096 50
4410 37 4096 48
4510 8 4096 51
4571 39 4096 41
4637 6 4096 53
4713 41 4096 46
4805 22 4096 47
4901 25 4096 48
4960 20 4096 48
5034 43 4096 55
5133 2 4096 46
5203 45 4096 41
5274 12 4096 42
5360 35 4096 44
5454 4 4096 42
5511 33 4096 42
5586 14 4096 54
5671 23 4096 60
5732 24 4096 41
5808 7 4096 43
5888 34 4096 40
5950 15 4096 48
6042 32 4096 40
6125 27 4096 41
6176 18 4096 51
6250 29 4096 42
6303 16 4096 45
6371 31 4096 60
6448 26 4096 39
6532 21 4096 50
6591 28 4096 31
6671 19 4096 50
6745 30 4096 45
6840 17 4096 50
6916 46 4096 57
6979 1 4096 41
7030 44 4096 46
7093 3 4096 52
7149 42 4096 38
7231 11 4096 50
7291 36 4096 48
7379 9 4096 60
7459 38 4096 53
7546 23 4096 44
7611 2 4096 38
7696 45 4096 44
7779 4 4096 38
7852 37 4096 42
7903 10 4096 52
7969 39 4096 60
8069 8 4096 44
8123 41 4096 47
8208 22 4096 53
8274 25 4096 42
8364 6 4096 54
8444 43 4096 43
8543 12 4096 35
8594 35 4096 50
8666 14 4096 43
8731 33 4096 48
8794 16 4096 55
8869 31 4096 47
8926 20 4096 53
9019 27 4096 43
9115 18 4096 62
9203 29 4096 50
9270 34 4096 49
9370 5 4096 66
9428 24 4096 61
9522 7 4096 38
