0 2 4096 43
100 45 4096 45
200 14 4096 47
300 33 4096 50
400 6 4096 47
500 36 4096 43
600 11 4096 42
700 39 4096 42
800 8 4096 40
900 25 4096 52
1000 22 4096 46
1100 38 4096 45
1200 4 4096 46
1300 46 4096 51
1400 5 4096 51
1500 34 4096 43
1600 1 4096 45
1699 35 4096 42
1797 13 4096 62
1894 41 4096 50
1989 9 4096 55
2081 24 4096 46
2169 20 4096 41
2251 42 4096 45
2327 12 4096 30
2394 43 4096 53
2452 16 4096 53
2501 31 4096 53
2540 7 4096 45
2571 40 4096 53
2594 23 4096 41
2612 27 4096 42
2628 18 4096 48
2644 44 4096 45
2662 3 4096 56
2685 32 4096 53
2715 15 4096 52
2752 21 4096 47
2798 26 4096 55
2852 29 4096 44
2915 8 4096 29
2985 36 4096 47
3062 11 4096 57
3144 39 4096 48
3231 4 4096 53
3321 45 4096 61
3414 14 4096 43
3509 34 4096 43
3606 2 4096 46
3704 46 4096 60
3803 6 4096 49
3902 38 4096 49
4001 22 4096 52
4101 25 4096 38
4201 5 4096 54
4301 42 4096 38
4401 1 4096 41
4501 44 4096 48
4601 13 4096 50
4701 33 4096 48
4801 7 4096 51
4901 41 4096 41
5001 20 4096 53
5101 27 4096 46
5201 9 4096 47
5301 43 4096 48
5401 3 4096 48
5501 32 4096 55
5601 16 4096 46
5701 24 4096 41
5801 23 4096 42
5901 40 4096 44
6001 12 4096 42
6101 35 4096 42
6201 15 4096 54
6301 31 4096 60
6401 18 4096 41
6501 26 4096 43
6601 21 4096 40
6701 29 4096 48
6801 8 4096 40
6901 36 4096 41
7001 11 4096 51
7101 39 4096 42
7201 4 4096 45
7301 45 4096 60
7401 5 4096 39
7501 34 4096 50
7601 1 4096 31
7701 46 4096 50
7801 13 4096 45
7901 33 4096 50
8001 6 4096 57
8101 41 4096 41
8201 22 4096 46
8301 25 4096 52
8401 9 4096 38
8501 38 4096 50
8601 23 4096 48
8701 2 4096 60
8801 35 4096 53
8901 14 4096 44
9001 42 4096 38
9101 24 4096 44
9201 44 4096 38
9301 12 4096 42
9401 32 4096 52
9501 27 4096 60
9601 20 4096 44
9701 40 4096 47
9801 7 4096 53
9901 15 4096 42
10001 43 4096 54
10101 3 4096 43
10201 31 4096 35
10301 16 4096 50
10401 21 4096 43
10501 29 4096 48
10601 18 4096 55
10701 26 4096 47
10801 8 4096 53
10901 36 4096 43
11001 11 4096 62
11101 39 4096 50
11201 4 4096 49
11301 46 4096 66
11401 13 4096 61
11501 42 4096 38
