0 13 4096 43
99 47 4096 45
176 3 4096 47
266 45 4096 50
321 5 4096 47
403 43 4096 43
503 1 4096 42
566 46 4096 42
646 14 4096 40
706 44 4096 52
778 16 4096 46
828 42 4096 45
925 12 4096 46
1021 35 4096 51
1095 39 4096 51
1181 9 4096 43
1232 41 4096 45
1312 7 4096 42
1406 37 4096 62
1487 11 4096 50
1552 38 4096 55
1649 20 4096 46
1708 40 4096 41
1782 18 4096 45
1870 36 4096 30
1941 22 4096 53
2029 27 4096 53
2120 21 4096 53
2188 29 4096 45
2249 19 4096 53
2310 25 4096 41
2372 23 4096 42
2453 26 4096 48
2503 33 4096 45
2563 17 4096 56
2619 31 4096 53
2674 15 4096 52
2768 34 4096 47
2830 24 4096 55
2885 32 4096 44
2964 28 4096 29
3035 30 4096 47
3126 1 4096 57
3216 47 4096 48
3293 3 4096 53
3344 45 4096 61
3442 5 4096 43
3496 43 4096 43
3595 11 4096 46
3656 37 4096 60
3746 9 4096 49
3802 39 4096 49
3852 7 4096 52
3945 41 4096 38
4024 22 4096 54
4086 36 4096 38
4160 20 4096 41
4249 38 4096 48
4310 18 4096 50
4410 40 4096 48
4510 23 4096 51
4571 25 4096 41
4637 21 4096 53
4713 27 4096 46
4805 16 4096 47
4901 42 4096 48
4960 12 4096 48
5034 46 4096 55
5133 14 4096 46
5203 44 4096 41
5274 17 4096 42
5360 31 4096 44
5454 13 4096 42
5511 35 4096 42
5586 15 4096 54
5671 33 4096 60
5732 28 4096 41
5808 19 4096 43
5888 24 4096 40
5950 34 4096 48
6042 29 4096 40
6125 32 4096 41
6176 26 4096 51
6250 30 4096 42
6303 37 4096 45
6371 11 4096 60
6448 39 4096 39
6532 9 4096 50
6591 41 4096 31
6671 7 4096 50
6745 47 4096 45
6840 1 4096 50
6916 45 4096 57
6979 3 4096 41
7030 43 4096 46
7093 5 4096 52
7149 46 4096 38
7231 12 4096 50
7291 44 4096 48
7379 14 4096 60
7459 42 4096 53
7546 16 4096 44
7611 36 4096 38
7696 22 4096 44
7779 38 4096 38
7852 20 4096 42
7903 40 4096 52
7969 18 4096 60
8069 25 4096 44
8123 23 4096 47
8208 27 4096 53
8274 21 4096 42
8364 29 4096 54
8444 19 4096 43
8543 24 4096 35
8594 35 4096 50
8666 15 4096 43
8731 33 4096 48
8794 17 4096 55
8869 31 4096 47
8926 13 4096 53
9019 34 4096 43
9115 26 4096 62
9203 32 4096 50
9270 28 4096 49
9370 30 4096 66
9428 1 4096 61
9522 47 4096 38
