0 23 4096 43
100 37 4096 45
200 10 4096 47
300 41 4096 50
400 6 4096 47
500 46 4096 43
600 4 4096 42
700 47 4096 42
800 8 4096 40
900 36 4096 52
1000 34 4096 46
1100 40 4096 45
1200 11 4096 46
1300 39 4096 51
1400 7 4096 51
1500 45 4096 43
1600 24 4096 45
1699 42 4096 42
1797 22 4096 62
1894 25 4096 50
1989 18 4096 55
2081 43 4096 46
2169 28 4096 41
2251 44 4096 45
2327 14 4096 30
2394 35 4096 53
2452 5 4096 53
2501 38 4096 53
2540 9 4096 45
2571 29 4096 53
2594 20 4096 41
2612 27 4096 42
2628 19 4096 48
2644 33 4096 45
2662 16 4096 56
2685 31 4096 53
2715 15 4096 52
2752 32 4096 47
2798 26 4096 55
2852 21 4096 44
2915 17 4096 29
2985 30 4096 47
3062 37 4096 57
3144 10 4096 48
3231 39 4096 53
3321 6 4096 61
3414 46 4096 43
3509 28 4096 43
3606 11 4096 46
3704 36 4096 60
3803 4 4096 49
3902 47 4096 49
4001 29 4096 52
4101 45 4096 38
4201 5 4096 54
4301 44 4096 38
4401 14 4096 41
4501 41 4096 48
4601 8 4096 50
4701 25 4096 48
4801 9 4096 51
4901 38 4096 41
5001 7 4096 53
5101 35 4096 46
5201 15 4096 47
5301 42 4096 48
5401 22 4096 48
5501 27 4096 55
5601 23 4096 46
5701 40 4096 41
5801 18 4096 42
5901 34 4096 44
6001 16 4096 42
6101 43 4096 42
6201 20 4096 54
6301 24 4096 60
6401 33 4096 41
6501 30 4096 43
6601 17 4096 40
6701 31 4096 48
6801 21 4096 40
6901 26 4096 41
7001 19 4096 51
7101 32 4096 42
7201 37 4096 45
7301 10 4096 60
7401 39 4096 39
7501 6 4096 50
7601 45 4096 31
7701 28 4096 50
7801 8 4096 45
7901 36 4096 50
8001 7 4096 57
8101 47 4096 41
8201 29 4096 46
8301 46 4096 52
8401 4 4096 38
8501 43 4096 50
8601 11 4096 48
8701 38 4096 60
8801 34 4096 53
8901 41 4096 44
9001 22 4096 38
9101 25 4096 44
9201 23 4096 38
9301 40 4096 42
9401 18 4096 52
9501 35 4096 60
9601 5 4096 44
9701 44 4096 47
9801 14 4096 53
9901 42 4096 42
10001 9 4096 54
10101 27 4096 43
10201 20 4096 35
10301 24 4096 50
10401 33 4096 43
10501 16 4096 48
10601 31 4096 55
10701 15 4096 47
10801 32 4096 53
10901 26 4096 43
11001 21 4096 62
11101 30 4096 50
11201 17 4096 49
11301 19 4096 66
11401 37 4096 61
11501 10 4096 38
