0 4 4096 43
99 47 4096 45
176 3 4096 47
266 45 4096 50
321 1 4096 47
403 46 4096 43
503 13 4096 42
566 10 4096 42
646 37 4096 40
706 8 4096 52
778 39 4096 46
828 11 4096 45
925 36 4096 46
1021 22 4096 51
1095 25 4096 51
1181 6 4096 43
1232 41 4096 45
1312 9 4096 42
1406 38 4096 62
1487 7 4096 50
1552 40 4096 55
1649 23 4096 46
1708 24 4096 41
1782 35 4096 45
1870 5 4096 30
1941 44 4096 53
2029 15 4096 53
2120 34 4096 53
2188 43 4096 45
2249 16 4096 53
2310 33 4096 41
2372 26 4096 42
2453 20 4096 48
2503 27 4096 45
2563 18 4096 56
2619 29 4096 53
2674 21 4096 52
2768 42 4096 47
2830 32 4096 55
2885 31 4096 44
2964 17 4096 29
3035 30 4096 47
3126 28 4096 57
3216 19 4096 48
3293 37 4096 53
3344 10 4096 61
3442 39 4096 43
3496 8 4096 43
3595 36 4096 46
3656 11 4096 60
3746 38 4096 49
3802 9 4096 49
3852 41 4096 52
3945 6 4096 38
4024 47 4096 54
4086 1 4096 38
4160 46 4096 41
4249 3 4096 48
4310 45 4096 50
4410 4 4096 48
4510 43 4096 51
4571 5 4096 41
4637 35 4096 53
4713 13 4096 46
4805 34 4096 47
4901 25 4096 48
4960 22 4096 48
5034 40 4096 55
5133 7 4096 46
5203 44 4096 41
5274 24 4096 42
5360 23 4096 44
5454 27 4096 42
5511 20 4096 42
5586 42 4096 54
5671 32 4096 60
5732 16 4096 41
5808 33 4096 43
5888 15 4096 40
5950 31 4096 48
6042 18 4096 40
6125 26 4096 41
6176 21 4096 51
6250 29 4096 42
6303 19 4096 45
6371 28 4096 60
6448 17 4096 39
6532 30 4096 50
6591 1 4096 31
6671 47 4096 50
6745 3 4096 45
6840 45 4096 50
6916 4 4096 57
6979 37 4096 41
7030 10 4096 46
7093 39 4096 52
7149 8 4096 38
7231 36 4096 50
7291 11 4096 48
7379 38 4096 60
7459 9 4096 53
7546 41 4096 44
7611 22 4096 38
7696 27 4096 44
7779 23 4096 38
7852 25 4096 42
7903 6 4096 52
7969 40 4096 60
8069 7 4096 44
8123 46 4096 47
8208 13 4096 53
8274 33 4096 42
8364 15 4096 54
8444 44 4096 43
8543 5 4096 35
8594 35 4096 50
8666 16 4096 43
8731 43 4096 48
8794 24 4096 55
8869 34 4096 47
8926 17 4096 53
9019 42 4096 43
9115 26 4096 62
9203 32 4096 50
9270 18 4096 49
9370 29 4096 66
9428 20 4096 61
9522 31 4096 38
