0 9 4096 43
99 37 4096 45
176 10 4096 47
266 39 4096 50
321 22 4096 47
403 25 4096 43
503 20 4096 42
566 27 4096 42
646 8 4096 40
706 41 4096 52
778 11 4096 46
828 43 4096 45
925 13 4096 46
1021 35 4096 51
1095 15 4096 51
1181 33 4096 43
1232 1 4096 45
1312 47 4096 42
1406 3 4096 62
1487 45 4096 50
1552 16 4096 55
1649 34 4096 46
1708 18 4096 41
1782 29 4096 45
1870 6 4096 30
1941 46 4096 53
2029 4 4096 53
2120 44 4096 53
2188 17 4096 45
2249 31 4096 53
2310 23 4096 41
2372 28 4096 42
2453 7 4096 48
2503 40 4096 45
2563 21 4096 56
2619 5 4096 53
2674 42 4096 52
2768 19 4096 47
2830 32 4096 55
2885 30 4096 44
2964 37 4096 29
3035 10 4096 47
3126 39 4096 57
3216 8 4096 48
3293 25 4096 53
3344 22 4096 61
3442 27 4096 43
3496 20 4096 43
3595 41 4096 46
3656 11 4096 60
3746 43 4096 49
3802 1 4096 49
3852 35 4096 52
3945 13 4096 38
4024 33 4096 54
4086 15 4096 38
4160 47 4096 41
4249 3 4096 48
4310 45 4096 50
4410 4 4096 48
4510 34 4096 51
4571 16 4096 41
4637 32 4096 53
4713 18 4096 46
4805 46 4096 47
4901 6 4096 48
4960 44 4096 48
5034 5 4096 55
5133 23 4096 46
5203 29 4096 41
5274 21 4096 42
5360 31 4096 44
5454 9 4096 42
5511 40 4096 42
5586 7 4096 54
5671 42 4096 60
5732 17 4096 41
5808 30 4096 43
5888 19 4096 40
5950 28 4096 48
6042 10 4096 40
6125 37 4096 41
6176 8 4096 51
6250 39 4096 42
6303 22 4096 45
6371 25 4096 60
6448 20 4096 39
6532 27 4096 50
6591 11 4096 31
6671 41 4096 50
6745 9 4096 45
6840 47 4096 50
6916 13 4096 57
6979 35 4096 41
7030 15 4096 46
7093 33 4096 52
7149 1 4096 38
7231 45 4096 50
7291 3 4096 48
7379 46 4096 60
7459 16 4096 53
7546 34 4096 44
7611 18 4096 38
7696 29 4096 44
7779 6 4096 38
7852 40 4096 42
7903 4 4096 52
7969 43 4096 60
8069 23 4096 44
8123 28 4096 47
8208 21 4096 53
8274 31 4096 42
8364 5 4096 54
8444 44 4096 43
8543 7 4096 35
8594 42 4096 50
8666 17 4096 43
8731 32 4096 48
8794 19 4096 55
8869 30 4096 47
8926 10 4096 53
9019 37 4096 43
9115 8 4096 62
9203 39 4096 50
9270 22 4096 49
9370 25 4096 66
9428 20 4096 61
9522 27 4096 38
