0 42 4096 43
99 4 4096 45
176 43 4096 47
266 5 4096 50
321 41 4096 47
403 6 4096 43
503 40 4096 42
566 7 4096 42
646 29 4096 40
706 37 4096 52
778 10 4096 46
828 36 4096 45
925 11 4096 46
1021 39 4096 51
1095 8 4096 51
1181 25 4096 43
1232 9 4096 45
1312 38 4096 42
1406 22 4096 62
1487 27 4096 50
1552 23 4096 55
1649 24 4096 46
1708 20 4096 41
1782 46 4096 45
1870 1 4096 30
1941 45 4096 53
2029 2 4096 53
2120 44 4096 53
2188 3 4096 45
2249 35 4096 53
2310 12 4096 41
2372 34 4096 42
2453 13 4096 48
2503 33 4096 45
2563 14 4096 56
2619 32 4096 53
2674 15 4096 52
2768 18 4096 47
2830 31 4096 55
2885 16 4096 44
2964 30 4096 29
3035 26 4096 47
3126 21 4096 57
3216 17 4096 48
3293 28 4096 53
3344 19 4096 61
3442 2 4096 43
3496 45 4096 43
3595 1 4096 46
3656 46 4096 60
3746 3 4096 49
3802 44 4096 49
3852 12 4096 52
3945 35 4096 38
4024 13 4096 54
4086 6 4096 38
4160 41 4096 41
4249 4 4096 48
4310 43 4096 50
4410 5 4096 48
4510 42 4096 51
4571 16 4096 41
4637 10 4096 53
4713 37 4096 46
4805 8 4096 47
4901 39 4096 48
4960 11 4096 48
5034 36 4096 55
5133 9 4096 46
5203 25 4096 41
5274 22 4096 42
5360 38 4096 44
5454 23 4096 42
5511 24 4096 42
5586 20 4096 54
5671 27 4096 60
5732 21 4096 41
5808 26 4096 43
5888 40 4096 40
5950 7 4096 48
6042 29 4096 40
6125 18 4096 41
6176 15 4096 51
6250 33 4096 42
6303 14 4096 45
6371 34 4096 60
6448 31 4096 39
6532 17 4096 50
6591 30 4096 31
6671 32 4096 50
6745 28 4096 45
6840 19 4096 50
6916 2 4096 57
6979 45 4096 41
7030 1 4096 46
7093 46 4096 52
7149 3 4096 38
7231 35 4096 50
7291 12 4096 48
7379 44 4096 60
7459 13 4096 53
7546 33 4096 44
7611 10 4096 38
7696 37 4096 44
7779 11 4096 38
7852 36 4096 42
7903 8 4096 52
7969 39 4096 60
8069 9 4096 44
8123 38 4096 47
8208 22 4096 53
8274 25 4096 42
8364 20 4096 54
8444 24 4096 43
8543 43 4096 35
8594 4 4096 50
8666 41 4096 43
8731 6 4096 48
8794 40 4096 55
8869 7 4096 47
8926 42 4096 53
9019 5 4096 43
9115 31 4096 62
9203 16 4096 50
9270 23 4096 49
9370 27 4096 66
9428 21 4096 61
9522 26 4096 38
