0 13 4096 43
100 47 4096 45
200 3 4096 47
300 45 4096 50
400 5 4096 47
500 43 4096 43
600 1 4096 42
700 46 4096 42
800 14 4096 40
900 44 4096 52
1000 16 4096 46
1100 42 4096 45
1200 12 4096 46
1300 35 4096 51
1400 39 4096 51
1500 9 4096 43
1600 41 4096 45
1699 7 4096 42
1797 37 4096 62
1894 11 4096 50
1989 38 4096 55
2081 20 4096 46
2169 40 4096 41
2251 18 4096 45
2327 36 4096 30
2394 22 4096 53
2452 27 4096 53
2501 21 4096 53
2540 29 4096 45
2571 19 4096 53
2594 25 4096 41
2612 23 4096 42
2628 26 4096 48
2644 33 4096 45
2662 17 4096 56
2685 31 4096 53
2715 15 4096 52
2752 34 4096 47
2798 24 4096 55
2852 32 4096 44
2915 28 4096 29
2985 30 4096 47
3062 1 4096 57
3144 47 4096 48
3231 3 4096 53
3321 45 4096 61
3414 5 4096 43
3509 43 4096 43
3606 11 4096 46
3704 37 4096 60
3803 9 4096 49
3902 39 4096 49
4001 7 4096 52
4101 41 4096 38
4201 22 4096 54
4301 36 4096 38
4401 20 4096 41
4501 38 4096 48
4601 18 4096 50
4701 40 4096 48
4801 23 4096 51
4901 25 4096 41
5001 21 4096 53
5101 27 4096 46
5201 16 4096 47
5301 42 4096 48
5401 12 4096 48
5501 46 4096 55
5601 14 4096 46
5701 44 4096 41
5801 17 4096 42
5901 31 4096 44
6001 13 4096 42
6101 35 4096 42
6201 15 4096 54
6301 33 4096 60
6401 28 4096 41
6501 19 4096 43
6601 24 4096 40
6701 34 4096 48
6801 29 4096 40
6901 32 4096 41
7001 26 4096 51
7101 30 4096 42
7201 37 4096 45
7301 11 4096 60
7401 39 4096 39
7501 9 4096 50
7601 41 4096 31
7701 7 4096 50
7801 47 4096 45
7901 1 4096 50
8001 45 4096 57
8101 3 4096 41
8201 43 4096 46
8301 5 4096 52
8401 46 4096 38
8501 12 4096 50
8601 44 4096 48
8701 14 4096 60
8801 42 4096 53
8901 16 4096 44
9001 36 4096 38
9101 22 4096 44
9201 38 4096 38
9301 20 4096 42
9401 40 4096 52
9501 18 4096 60
9601 25 4096 44
9701 23 4096 47
9801 27 4096 53
9901 21 4096 42
10001 29 4096 54
10101 19 4096 43
10201 24 4096 35
10301 35 4096 50
10401 15 4096 43
10501 33 4096 48
10601 17 4096 55
10701 31 4096 47
10801 13 4096 53
10901 34 4096 43
11001 26 4096 62
11101 32 4096 50
11201 28 4096 49
11301 30 4096 66
11401 1 4096 61
11501 47 4096 38
