0 4 4096 86
100 46 4096 90
200 1 4096 94
300 45 4096 100
400 2 4096 94
500 43 4096 86
600 10 4096 84
700 37 4096 84
800 11 4096 80
900 36 4096 104
1000 8 4096 92
1100 39 4096 90
1200 9 4096 92
1300 38 4096 102
1400 6 4096 102
1500 41 4096 86
1600 7 4096 90
1699 44 4096 84
1797 3 4096 124
1894 42 4096 100
1989 5 4096 110
2081 23 4096 92
2169 25 4096 82
2251 22 4096 90
2327 27 4096 60
2394 20 4096 106
2452 24 4096 106
2501 18 4096 106
2540 35 4096 90
2571 12 4096 106
2594 33 4096 82
2612 14 4096 84
2628 34 4096 96
2644 13 4096 90
2662 31 4096 112
2685 16 4096 106
2715 32 4096 104
2752 40 4096 94
2798 26 4096 110
2852 21 4096 88
2915 29 4096 58
2985 15 4096 94
3062 30 4096 114
3144 17 4096 96
3231 28 4096 106
3321 19 4096 122
3414 1 4096 86
3509 45 4096 86
3606 2 4096 92
3704 46 4096 120
3803 3 4096 98
3902 44 4096 98
4001 4 4096 104
4101 37 4096 76
4201 10 4096 108
4301 39 4096 76
4401 8 4096 82
4501 36 4096 96
4601 11 4096 100
4701 38 4096 96
4801 9 4096 102
4901 41 4096 82
5001 6 4096 106
5101 43 4096 92
5201 5 4096 94
5301 42 4096 96
5401 24 4096 96
5501 22 4096 110
5601 25 4096 92
5701 23 4096 82
5801 27 4096 84
5901 20 4096 88
6001 26 4096 84
6101 21 4096 84
6201 29 4096 108
6301 12 4096 120
6401 35 4096 82
6501 14 4096 86
6601 33 4096 80
6701 13 4096 96
6801 34 4096 80
6901 15 4096 82
7001 32 4096 102
7101 40 4096 84
7201 7 4096 90
7301 17 4096 120
7401 31 4096 78
7501 16 4096 100
7601 30 4096 62
7701 18 4096 100
7801 28 4096 90
7901 19 4096 100
8001 25 4096 114
8101 22 4096 82
8201 24 4096 92
8301 46 4096 104
8401 1 4096 76
8501 45 4096 100
8601 2 4096 96
8701 43 4096 120
8801 10 4096 106
8901 37 4096 88
9001 8 4096 76
9101 36 4096 88
9201 11 4096 76
9301 39 4096 84
9401 9 4096 104
9501 38 4096 120
9601 6 4096 88
9701 41 4096 94
9801 7 4096 106
9901 44 4096 84
10001 3 4096 108
10101 42 4096 86
10201 4 4096 70
10301 23 4096 100
10401 27 4096 86
10501 20 4096 96
10601 29 4096 110
10701 12 4096 94
10801 35 4096 106
10901 14 4096 86
11001 34 4096 124
11101 13 4096 100
11201 33 4096 98
11301 16 4096 132
11401 32 4096 122
11501 40 4096 76
