0 42 4096 64
100 4 4096 67
200 43 4096 70
300 5 4096 75
400 41 4096 70
500 6 4096 64
600 40 4096 63
700 7 4096 63
800 29 4096 60
900 37 4096 78
1000 10 4096 69
1100 36 4096 67
1200 11 4096 69
1300 39 4096 76
1400 8 4096 76
1500 25 4096 64
1600 9 4096 67
1699 38 4096 63
1797 22 4096 93
1894 27 4096 75
1989 23 4096 82
2081 24 4096 69
2169 20 4096 61
2251 46 4096 67
2327 1 4096 45
2394 45 4096 79
2452 2 4096 79
2501 44 4096 79
2540 3 4096 67
2571 35 4096 79
2594 12 4096 61
2612 34 4096 63
2628 13 4096 72
2644 33 4096 67
2662 14 4096 84
2685 32 4096 79
2715 15 4096 78
2752 18 4096 70
2798 31 4096 82
2852 16 4096 66
2915 30 4096 43
2985 26 4096 70
3062 21 4096 85
3144 17 4096 72
3231 28 4096 79
3321 19 4096 91
3414 2 4096 64
3509 45 4096 64
3606 1 4096 69
3704 46 4096 90
3803 3 4096 73
3902 44 4096 73
4001 12 4096 78
4101 35 4096 57
4201 13 4096 81
4301 6 4096 57
4401 41 4096 61
4501 4 4096 72
4601 43 4096 75
4701 5 4096 72
4801 42 4096 76
4901 16 4096 61
5001 10 4096 79
5101 37 4096 69
5201 8 4096 70
5301 39 4096 72
5401 11 4096 72
5501 36 4096 82
5601 9 4096 69
5701 25 4096 61
5801 22 4096 63
5901 38 4096 66
6001 23 4096 63
6101 24 4096 63
6201 20 4096 81
6301 27 4096 90
6401 21 4096 61
6501 26 4096 64
6601 40 4096 60
6701 7 4096 72
6801 29 4096 60
6901 18 4096 61
7001 15 4096 76
7101 33 4096 63
7201 14 4096 67
7301 34 4096 90
7401 31 4096 58
7501 17 4096 75
7601 30 4096 46
7701 32 4096 75
7801 28 4096 67
7901 19 4096 75
8001 2 4096 85
8101 45 4096 61
8201 1 4096 69
8301 46 4096 78
8401 3 4096 57
8501 35 4096 75
8601 12 4096 72
8701 44 4096 90
8801 13 4096 79
8901 33 4096 66
9001 10 4096 57
9101 37 4096 66
9201 11 4096 57
9301 36 4096 63
9401 8 4096 78
9501 39 4096 90
9601 9 4096 66
9701 38 4096 70
9801 22 4096 79
9901 25 4096 63
10001 20 4096 81
10101 24 4096 64
10201 43 4096 52
10301 4 4096 75
10401 41 4096 64
10501 6 4096 72
10601 40 4096 82
10701 7 4096 70
10801 42 4096 79
10901 5 4096 64
11001 31 4096 93
11101 16 4096 75
11201 23 4096 73
11301 27 4096 99
11401 21 4096 91
11501 26 4096 57
