0 42 4096 86
100 4 4096 90
200 43 4096 94
300 5 4096 100
400 41 4096 94
500 6 4096 86
600 40 4096 84
700 7 4096 84
800 29 4096 80
900 37 4096 104
1000 10 4096 92
1100 36 4096 90
1200 11 4096 92
1300 39 4096 102
1400 8 4096 102
1500 25 4096 86
1600 9 4096 90
1699 38 4096 84
1797 22 4096 124
1894 27 4096 100
1989 23 4096 110
2081 24 4096 92
2169 20 4096 82
2251 46 4096 90
2327 1 4096 60
2394 45 4096 106
2452 2 4096 106
2501 44 4096 106
2540 3 4096 90
2571 35 4096 106
2594 12 4096 82
2612 34 4096 84
2628 13 4096 96
2644 33 4096 90
2662 14 4096 112
2685 32 4096 106
2715 15 4096 104
2752 18 4096 94
2798 31 4096 110
2852 16 4096 88
2915 30 4096 58
2985 26 4096 94
3062 21 4096 114
3144 17 4096 96
3231 28 4096 106
3321 19 4096 122
3414 2 4096 86
3509 45 4096 86
3606 1 4096 92
3704 46 4096 120
3803 3 4096 98
3902 44 4096 98
4001 12 4096 104
4101 35 4096 76
4201 13 4096 108
4301 6 4096 76
4401 41 4096 82
4501 4 4096 96
4601 43 4096 100
4701 5 4096 96
4801 42 4096 102
4901 16 4096 82
5001 10 4096 106
5101 37 4096 92
5201 8 4096 94
5301 39 4096 96
5401 11 4096 96
5501 36 4096 110
5601 9 4096 92
5701 25 4096 82
5801 22 4096 84
5901 38 4096 88
6001 23 4096 84
6101 24 4096 84
6201 20 4096 108
6301 27 4096 120
6401 21 4096 82
6501 26 4096 86
6601 40 4096 80
6701 7 4096 96
6801 29 4096 80
6901 18 4096 82
7001 15 4096 102
7101 33 4096 84
7201 14 4096 90
7301 34 4096 120
7401 31 4096 78
7501 17 4096 100
7601 30 4096 62
7701 32 4096 100
7801 28 4096 90
7901 19 4096 100
8001 2 4096 114
8101 45 4096 82
8201 1 4096 92
8301 46 4096 104
8401 3 4096 76
8501 35 4096 100
8601 12 4096 96
8701 44 4096 120
8801 13 4096 106
8901 33 4096 88
9001 10 4096 76
9101 37 4096 88
9201 11 4096 76
9301 36 4096 84
9401 8 4096 104
9501 39 4096 120
9601 9 4096 88
9701 38 4096 94
9801 22 4096 106
9901 25 4096 84
10001 20 4096 108
10101 24 4096 86
10201 43 4096 70
10301 4 4096 100
10401 41 4096 86
10501 6 4096 96
10601 40 4096 110
10701 7 4096 94
10801 42 4096 106
10901 5 4096 86
11001 31 4096 124
11101 16 4096 100
11201 23 4096 98
11301 27 4096 132
11401 21 4096 122
11501 26 4096 76
