0 2 4096 43
99 45 4096 45
176 14 4096 47
266 33 4096 50
321 6 4096 47
403 36 4096 43
503 11 4096 42
566 39 4096 42
646 8 4096 40
706 25 4096 52
778 22 4096 46
828 38 4096 45
925 4 4096 46
1021 46 4096 51
1095 5 4096 51
1181 34 4096 43
1232 1 4096 45
1312 35 4096 42
1406 13 4096 62
1487 41 4096 50
1552 9 4096 55
1649 24 4096 46
1708 20 4096 41
1782 42 4096 45
1870 12 4096 30
1941 43 4096 53
2029 16 4096 53
2120 31 4096 53
2188 7 4096 45
2249 40 4096 53
2310 23 4096 41
2372 27 4096 42
2453 18 4096 48
2503 44 4096 45
2563 3 4096 56
2619 32 4096 53
2674 15 4096 52
2768 21 4096 47
2830 26 4096 55
2885 29 4096 44
2964 8 4096 29
3035 36 4096 47
3126 11 4096 57
3216 39 4096 48
3293 4 4096 53
3344 45 4096 61
3442 14 4096 43
3496 34 4096 43
3595 2 4096 46
3656 46 4096 60
3746 6 4096 49
3802 38 4096 49
3852 22 4096 52
3945 25 4096 38
4024 5 4096 54
4086 42 4096 38
4160 1 4096 41
4249 44 4096 48
4310 13 4096 50
4410 33 4096 48
4510 7 4096 51
4571 41 4096 41
4637 20 4096 53
4713 27 4096 46
4805 9 4096 47
4901 43 4096 48
4960 3 4096 48
5034 32 4096 55
5133 16 4096 46
5203 24 4096 41
5274 23 4096 42
5360 40 4096 44
5454 12 4096 42
5511 35 4096 42
5586 15 4096 54
5671 31 4096 60
5732 18 4096 41
5808 26 4096 43
5888 21 4096 40
5950 29 4096 48
6042 8 4096 40
6125 36 4096 41
6176 11 4096 51
6250 39 4096 42
6303 4 4096 45
6371 45 4096 60
6448 5 4096 39
6532 34 4096 50
6591 1 4096 31
6671 46 4096 50
6745 13 4096 45
6840 33 4096 50
6916 6 4096 57
6979 41 4096 41
7030 22 4096 46
7093 25 4096 52
7149 9 4096 38
7231 38 4096 50
7291 23 4096 48
7379 2 4096 60
7459 35 4096 53
7546 14 4096 44
7611 42 4096 38
7696 24 4096 44
7779 44 4096 38
7852 12 4096 42
7903 32 4096 52
7969 27 4096 60
8069 20 4096 44
8123 40 4096 47
8208 7 4096 53
8274 15 4096 42
8364 43 4096 54
8444 3 4096 43
8543 31 4096 35
8594 16 4096 50
8666 21 4096 43
8731 29 4096 48
8794 18 4096 55
8869 26 4096 47
8926 8 4096 53
9019 36 4096 43
9115 11 4096 62
9203 39 4096 50
9270 4 4096 49
9370 46 4096 66
9428 13 4096 61
9522 42 4096 38
