0 42 4096 129
100 4 4096 135
200 43 4096 141
300 5 4096 150
400 41 4096 141
500 6 4096 129
600 40 4096 126
700 7 4096 126
800 29 4096 120
900 37 4096 156
1000 10 4096 138
1100 36 4096 135
1200 11 4096 138
1300 39 4096 153
1400 8 4096 153
1500 25 4096 129
1600 9 4096 135
1699 38 4096 126
1797 22 4096 186
1894 27 4096 150
1989 23 4096 165
2081 24 4096 138
2169 20 4096 123
2251 46 4096 135
2327 1 4096 90
2394 45 4096 159
2452 2 4096 159
2501 44 4096 159
2540 3 4096 135
2571 35 4096 159
2594 12 4096 123
2612 34 4096 126
2628 13 4096 144
2644 33 4096 135
2662 14 4096 168
2685 32 4096 159
2715 15 4096 156
2752 18 4096 141
2798 31 4096 165
2852 16 4096 132
2915 30 4096 87
2985 26 4096 141
3062 21 4096 171
3144 17 4096 144
3231 28 4096 159
3321 19 4096 183
3414 2 4096 129
3509 45 4096 129
3606 1 4096 138
3704 46 4096 180
3803 3 4096 147
3902 44 4096 147
4001 12 4096 156
4101 35 4096 114
4201 13 4096 162
4301 6 4096 114
4401 41 4096 123
4501 4 4096 144
4601 43 4096 150
4701 5 4096 144
4801 42 4096 153
4901 16 4096 123
5001 10 4096 159
5101 37 4096 138
5201 8 4096 141
5301 39 4096 144
5401 11 4096 144
5501 36 4096 165
5601 9 4096 138
5701 25 4096 123
5801 22 4096 126
5901 38 4096 132
6001 23 4096 126
6101 24 4096 126
6201 20 4096 162
6301 27 4096 180
6401 21 4096 123
6501 26 4096 129
6601 40 4096 120
6701 7 4096 144
6801 29 4096 120
6901 18 4096 123
7001 15 4096 153
7101 33 4096 126
7201 14 4096 135
7301 34 4096 180
7401 31 4096 117
7501 17 4096 150
7601 30 4096 93
7701 32 4096 150
7801 28 4096 135
7901 19 4096 150
8001 2 4096 171
8101 45 4096 123
8201 1 4096 138
8301 46 4096 156
8401 3 4096 114
8501 35 4096 150
8601 12 4096 144
8701 44 4096 180
8801 13 4096 159
8901 33 4096 132
9001 10 4096 114
9101 37 4096 132
9201 11 4096 114
9301 36 4096 126
9401 8 4096 156
9501 39 4096 180
9601 9 4096 132
9701 38 4096 141
9801 22 4096 159
9901 25 4096 126
10001 20 4096 162
10101 24 4096 129
10201 43 4096 105
10301 4 4096 150
10401 41 4096 129
10501 6 4096 144
10601 40 4096 165
10701 7 4096 141
10801 42 4096 159
10901 5 4096 129
11001 31 4096 186
11101 16 4096 150
11201 23 4096 147
11301 27 4096 198
11401 21 4096 183
11501 26 4096 114
