0 12 4096 129
100 45 4096 135
200 2 4096 141
300 43 4096 150
400 10 4096 141
500 37 4096 129
600 8 4096 126
700 39 4096 126
800 22 4096 120
900 25 4096 156
1000 6 4096 138
1100 41 4096 135
1200 4 4096 138
1300 35 4096 153
1400 14 4096 153
1500 33 4096 129
1600 36 4096 135
1699 11 4096 126
1797 38 4096 186
1894 9 4096 150
1989 40 4096 165
2081 1 4096 138
2169 46 4096 123
2251 3 4096 135
2327 44 4096 90
2394 13 4096 159
2452 34 4096 159
2501 5 4096 159
2540 42 4096 135
2571 15 4096 159
2594 20 4096 123
2612 27 4096 126
2628 18 4096 144
2644 29 4096 135
2662 16 4096 168
2685 31 4096 159
2715 24 4096 156
2752 7 4096 141
2798 26 4096 165
2852 23 4096 132
2915 28 4096 87
2985 21 4096 141
3062 30 4096 171
3144 17 4096 144
3231 32 4096 159
3321 19 4096 183
3414 36 4096 129
3509 11 4096 129
3606 38 4096 138
3704 9 4096 180
3803 40 4096 147
3902 1 4096 147
4001 46 4096 156
4101 3 4096 114
4201 44 4096 162
4301 5 4096 114
4401 42 4096 123
4501 13 4096 144
4601 10 4096 150
4701 37 4096 144
4801 8 4096 153
4901 39 4096 123
5001 6 4096 159
5101 41 4096 138
5201 22 4096 141
5301 25 4096 144
5401 20 4096 144
5501 43 4096 165
5601 2 4096 138
5701 45 4096 123
5801 12 4096 126
5901 35 4096 132
6001 4 4096 126
6101 33 4096 126
6201 14 4096 162
6301 23 4096 180
6401 24 4096 123
6501 7 4096 129
6601 34 4096 120
6701 15 4096 144
6801 32 4096 120
6901 27 4096 123
7001 18 4096 153
7101 29 4096 126
7201 16 4096 135
7301 31 4096 180
7401 26 4096 117
7501 21 4096 150
7601 28 4096 93
7701 19 4096 150
7801 30 4096 135
7901 17 4096 150
8001 46 4096 171
8101 1 4096 123
8201 44 4096 138
8301 3 4096 156
8401 42 4096 114
8501 11 4096 150
8601 36 4096 144
8701 9 4096 180
8801 38 4096 159
8901 23 4096 132
9001 2 4096 114
9101 45 4096 132
9201 4 4096 114
9301 37 4096 126
9401 10 4096 156
9501 39 4096 180
9601 8 4096 132
9701 41 4096 141
9801 22 4096 159
9901 25 4096 126
10001 6 4096 162
10101 43 4096 129
10201 12 4096 105
10301 35 4096 150
10401 14 4096 129
10501 33 4096 144
10601 16 4096 165
10701 31 4096 141
10801 20 4096 159
10901 27 4096 129
11001 18 4096 186
11101 29 4096 150
11201 34 4096 147
11301 5 4096 198
11401 24 4096 183
11501 7 4096 114
