0 8 4096 43
100 37 4096 45
200 10 4096 47
300 36 4096 50
400 11 4096 47
500 39 4096 43
600 22 4096 42
700 25 4096 42
800 6 4096 40
900 47 4096 52
1000 4 4096 46
1100 46 4096 45
1200 5 4096 46
1300 45 4096 51
1400 16 4096 51
1500 35 4096 43
1600 24 4096 45
1699 9 4096 42
1797 38 4096 62
1894 23 4096 50
1989 41 4096 55
2081 7 4096 46
2169 44 4096 41
2251 26 4096 45
2327 43 4096 30
2394 20 4096 53
2452 27 4096 53
2501 34 4096 53
2540 42 4096 45
2571 17 4096 53
2594 33 4096 41
2612 28 4096 42
2628 18 4096 48
2644 40 4096 45
2662 21 4096 56
2685 29 4096 53
2715 32 4096 52
2752 31 4096 47
2798 19 4096 55
2852 30 4096 44
2915 37 4096 29
2985 10 4096 47
3062 36 4096 57
3144 11 4096 48
3231 39 4096 53
3321 8 4096 61
3414 25 4096 43
3509 22 4096 43
3606 41 4096 46
3704 6 4096 60
3803 47 4096 49
3902 4 4096 49
4001 46 4096 52
4101 5 4096 38
4201 44 4096 54
4301 7 4096 38
4401 38 4096 41
4501 9 4096 48
4601 43 4096 50
4701 24 4096 48
4801 45 4096 51
4901 16 4096 41
5001 35 4096 53
5101 26 4096 46
5201 20 4096 47
5301 27 4096 48
5401 23 4096 48
5501 42 4096 55
5601 34 4096 46
5701 29 4096 41
5801 21 4096 42
5901 28 4096 44
6001 33 4096 42
6101 18 4096 42
6201 40 4096 54
6301 32 4096 60
6401 17 4096 41
6501 31 4096 43
6601 19 4096 40
6701 30 4096 48
6801 37 4096 40
6901 10 4096 41
7001 39 4096 51
7101 11 4096 42
7201 36 4096 45
7301 8 4096 60
7401 25 4096 39
7501 22 4096 50
7601 41 4096 31
7701 6 4096 50
7801 47 4096 45
7901 4 4096 50
8001 46 4096 57
8101 5 4096 41
8201 44 4096 46
8301 7 4096 52
8401 38 4096 38
8501 9 4096 50
8601 40 4096 48
8701 23 4096 60
8801 24 4096 53
8901 45 4096 44
9001 26 4096 38
9101 35 4096 44
9201 16 4096 38
9301 43 4096 42
9401 18 4096 52
9501 27 4096 60
9601 21 4096 44
9701 29 4096 47
9801 34 4096 53
9901 28 4096 42
10001 20 4096 54
10101 42 4096 43
10201 17 4096 35
10301 33 4096 50
10401 19 4096 43
10501 32 4096 48
10601 31 4096 55
10701 30 4096 47
10801 37 4096 53
10901 10 4096 43
11001 39 4096 62
11101 8 4096 50
11201 36 4096 49
11301 11 4096 66
11401 25 4096 61
11501 22 4096 38
