0 1 4096 43
100 47 4096 45
200 14 4096 47
300 35 4096 50
400 6 4096 47
500 37 4096 43
600 23 4096 42
700 25 4096 42
800 11 4096 40
900 39 4096 52
1000 4 4096 46
1100 45 4096 45
1200 13 4096 46
1300 33 4096 51
1400 18 4096 51
1500 27 4096 43
1600 8 4096 45
1699 38 4096 42
1797 20 4096 62
1894 43 4096 50
1989 2 4096 55
2081 32 4096 46
2169 16 4096 41
2251 26 4096 45
2327 9 4096 30
2394 41 4096 53
2452 3 4096 53
2501 44 4096 53
2540 15 4096 45
2571 31 4096 53
2594 21 4096 41
2612 29 4096 42
2628 7 4096 48
2644 40 4096 45
2662 5 4096 56
2685 42 4096 53
2715 17 4096 52
2752 30 4096 47
2798 19 4096 55
2852 28 4096 44
2915 8 4096 29
2985 37 4096 47
3062 20 4096 57
3144 25 4096 48
3231 47 4096 53
3321 1 4096 61
3414 35 4096 43
3509 13 4096 43
3606 45 4096 46
3704 2 4096 60
3803 41 4096 49
3902 11 4096 49
4001 27 4096 52
4101 23 4096 38
4201 14 4096 54
4301 33 4096 38
4401 4 4096 41
4501 44 4096 48
4601 6 4096 50
4701 39 4096 48
4801 21 4096 51
4901 29 4096 41
5001 15 4096 53
5101 32 4096 46
5201 3 4096 47
5301 43 4096 48
5401 9 4096 48
5501 38 4096 55
5601 18 4096 46
5701 26 4096 41
5801 31 4096 42
5901 16 4096 44
6001 42 4096 42
6101 5 4096 42
6201 40 4096 54
6301 7 4096 60
6401 28 4096 41
6501 19 4096 43
6601 30 4096 40
6701 17 4096 48
6801 47 4096 40
6901 1 4096 41
7001 35 4096 51
7101 37 4096 42
7201 8 4096 45
7301 25 4096 60
7401 23 4096 39
7501 14 4096 50
7601 45 4096 31
7701 2 4096 50
7801 33 4096 45
7901 13 4096 50
8001 11 4096 57
8101 39 4096 41
8201 20 4096 46
8301 27 4096 52
8401 9 4096 38
8501 38 4096 50
8601 4 4096 48
8701 43 4096 60
8801 15 4096 53
8901 31 4096 44
9001 18 4096 38
9101 29 4096 44
9201 6 4096 38
9301 41 4096 42
9401 3 4096 52
9501 44 4096 60
9601 16 4096 44
9701 32 4096 47
9801 26 4096 53
9901 21 4096 42
10001 40 4096 54
10101 7 4096 43
10201 42 4096 35
10301 5 4096 50
10401 30 4096 43
10501 17 4096 48
10601 28 4096 55
10701 19 4096 47
10801 37 4096 53
10901 11 4096 43
11001 25 4096 62
11101 20 4096 50
11201 43 4096 49
11301 1 4096 66
11401 35 4096 61
11501 13 4096 38
