0 42 4096 172
100 4 4096 180
200 43 4096 188
300 5 4096 200
400 41 4096 188
500 6 4096 172
600 40 4096 168
700 7 4096 168
800 29 4096 160
900 37 4096 208
1000 10 4096 184
1100 36 4096 180
1200 11 4096 184
1300 39 4096 204
1400 8 4096 204
1500 25 4096 172
1600 9 4096 180
1699 38 4096 168
1797 22 4096 248
1894 27 4096 200
1989 23 4096 220
2081 24 4096 184
2169 20 4096 164
2251 46 4096 180
2327 1 4096 120
2394 45 4096 212
2452 2 4096 212
2501 44 4096 212
2540 3 4096 180
2571 35 4096 212
2594 12 4096 164
2612 34 4096 168
2628 13 4096 192
2644 33 4096 180
2662 14 4096 224
2685 32 4096 212
2715 15 4096 208
2752 18 4096 188
2798 31 4096 220
2852 16 4096 176
2915 30 4096 116
2985 26 4096 188
3062 21 4096 228
3144 17 4096 192
3231 28 4096 212
3321 19 4096 244
3414 2 4096 172
3509 45 4096 172
3606 1 4096 184
3704 46 4096 240
3803 3 4096 196
3902 44 4096 196
4001 12 4096 208
4101 35 4096 152
4201 13 4096 216
4301 6 4096 152
4401 41 4096 164
4501 4 4096 192
4601 43 4096 200
4701 5 4096 192
4801 42 4096 204
4901 16 4096 164
5001 10 4096 212
5101 37 4096 184
5201 8 4096 188
5301 39 4096 192
5401 11 4096 192
5501 36 4096 220
5601 9 4096 184
5701 25 4096 164
5801 22 4096 168
5901 38 4096 176
6001 23 4096 168
6101 24 4096 168
6201 20 4096 216
6301 27 4096 240
6401 21 4096 164
6501 26 4096 172
6601 40 4096 160
6701 7 4096 192
6801 29 4096 160
6901 18 4096 164
7001 15 4096 204
7101 33 4096 168
7201 14 4096 180
7301 34 4096 240
7401 31 4096 156
7501 17 4096 200
7601 30 4096 124
7701 32 4096 200
7801 28 4096 180
7901 19 4096 200
8001 2 4096 228
8101 45 4096 164
8201 1 4096 184
8301 46 4096 208
8401 3 4096 152
8501 35 4096 200
8601 12 4096 192
8701 44 4096 240
8801 13 4096 212
8901 33 4096 176
9001 10 4096 152
9101 37 4096 176
9201 11 4096 152
9301 36 4096 168
9401 8 4096 208
9501 39 4096 240
9601 9 4096 176
9701 38 4096 188
9801 22 4096 212
9901 25 4096 168
10001 20 4096 216
10101 24 4096 172
10201 43 4096 140
10301 4 4096 200
10401 41 4096 172
10501 6 4096 192
10601 40 4096 220
10701 7 4096 188
10801 42 4096 212
10901 5 4096 172
11001 31 4096 248
11101 16 4096 200
11201 23 4096 196
11301 27 4096 264
11401 21 4096 244
11501 26 4096 152
