0 12 4096 172
100 45 4096 180
200 2 4096 188
300 43 4096 200
400 10 4096 188
500 37 4096 172
600 8 4096 168
700 39 4096 168
800 22 4096 160
900 25 4096 208
1000 6 4096 184
1100 41 4096 180
1200 4 4096 184
1300 35 4096 204
1400 14 4096 204
1500 33 4096 172
1600 36 4096 180
1699 11 4096 168
1797 38 4096 248
1894 9 4096 200
1989 40 4096 220
2081 1 4096 184
2169 46 4096 164
2251 3 4096 180
2327 44 4096 120
2394 13 4096 212
2452 34 4096 212
2501 5 4096 212
2540 42 4096 180
2571 15 4096 212
2594 20 4096 164
2612 27 4096 168
2628 18 4096 192
2644 29 4096 180
2662 16 4096 224
2685 31 4096 212
2715 24 4096 208
2752 7 4096 188
2798 26 4096 220
2852 23 4096 176
2915 28 4096 116
2985 21 4096 188
3062 30 4096 228
3144 17 4096 192
3231 32 4096 212
3321 19 4096 244
3414 36 4096 172
3509 11 4096 172
3606 38 4096 184
3704 9 4096 240
3803 40 4096 196
3902 1 4096 196
4001 46 4096 208
4101 3 4096 152
4201 44 4096 216
4301 5 4096 152
4401 42 4096 164
4501 13 4096 192
4601 10 4096 200
4701 37 4096 192
4801 8 4096 204
4901 39 4096 164
5001 6 4096 212
5101 41 4096 184
5201 22 4096 188
5301 25 4096 192
5401 20 4096 192
5501 43 4096 220
5601 2 4096 184
5701 45 4096 164
5801 12 4096 168
5901 35 4096 176
6001 4 4096 168
6101 33 4096 168
6201 14 4096 216
6301 23 4096 240
6401 24 4096 164
6501 7 4096 172
6601 34 4096 160
6701 15 4096 192
6801 32 4096 160
6901 27 4096 164
7001 18 4096 204
7101 29 4096 168
7201 16 4096 180
7301 31 4096 240
7401 26 4096 156
7501 21 4096 200
7601 28 4096 124
7701 19 4096 200
7801 30 4096 180
7901 17 4096 200
8001 46 4096 228
8101 1 4096 164
8201 44 4096 184
8301 3 4096 208
8401 42 4096 152
8501 11 4096 200
8601 36 4096 192
8701 9 4096 240
8801 38 4096 212
8901 23 4096 176
9001 2 4096 152
9101 45 4096 176
9201 4 4096 152
9301 37 4096 168
9401 10 4096 208
9501 39 4096 240
9601 8 4096 176
9701 41 4096 188
9801 22 4096 212
9901 25 4096 168
10001 6 4096 216
10101 43 4096 172
10201 12 4096 140
10301 35 4096 200
10401 14 4096 172
10501 33 4096 192
10601 16 4096 220
10701 31 4096 188
10801 20 4096 212
10901 27 4096 172
11001 18 4096 248
11101 29 4096 200
11201 34 4096 196
11301 5 4096 264
11401 24 4096 244
11501 7 4096 152
