0 14 4096 64
100 46 4096 67
200 2 4096 70
300 45 4096 75
400 1 4096 70
500 35 4096 64
600 12 4096 63
700 44 4096 63
800 4 4096 60
900 37 4096 78
1000 10 4096 69
1100 36 4096 67
1200 11 4096 69
1300 39 4096 76
1400 8 4096 76
1500 38 4096 64
1600 9 4096 67
1699 25 4096 63
1797 6 4096 93
1894 41 4096 75
1989 22 4096 82
2081 27 4096 69
2169 7 4096 61
2251 43 4096 67
2327 3 4096 45
2394 42 4096 79
2452 13 4096 79
2501 34 4096 79
2540 5 4096 67
2571 33 4096 79
2594 16 4096 61
2612 24 4096 63
2628 20 4096 72
2644 40 4096 67
2662 23 4096 84
2685 29 4096 79
2715 18 4096 78
2752 26 4096 70
2798 21 4096 82
2852 28 4096 66
2915 15 4096 43
2985 32 4096 70
3062 17 4096 85
3144 31 4096 72
3231 19 4096 79
3321 30 4096 91
3414 1 4096 64
3509 46 4096 64
3606 2 4096 69
3704 45 4096 90
3803 12 4096 73
3902 35 4096 73
4001 4 4096 78
4101 37 4096 57
4201 10 4096 81
4301 36 4096 57
4401 8 4096 61
4501 39 4096 72
4601 11 4096 75
4701 25 4096 72
4801 9 4096 76
4901 38 4096 61
5001 6 4096 79
5101 41 4096 69
5201 22 4096 70
5301 24 4096 72
5401 20 4096 72
5501 27 4096 82
5601 7 4096 69
5701 43 4096 61
5801 3 4096 63
5901 44 4096 66
6001 5 4096 63
6101 42 4096 63
6201 14 4096 81
6301 33 4096 90
6401 13 4096 61
6501 34 4096 64
6601 16 4096 60
6701 31 4096 72
6801 15 4096 60
6901 40 4096 61
7001 23 4096 76
7101 26 4096 63
7201 18 4096 67
7301 29 4096 90
7401 21 4096 58
7501 28 4096 75
7601 19 4096 46
7701 32 4096 75
7801 17 4096 67
7901 30 4096 75
8001 2 4096 85
8101 46 4096 61
8201 1 4096 69
8301 45 4096 78
8401 4 4096 57
8501 37 4096 75
8601 10 4096 72
8701 36 4096 90
8801 8 4096 79
8901 39 4096 66
9001 11 4096 57
9101 38 4096 66
9201 22 4096 57
9301 25 4096 63
9401 9 4096 78
9501 41 4096 90
9601 6 4096 66
9701 35 4096 70
9801 12 4096 79
9901 43 4096 63
10001 3 4096 81
10101 44 4096 64
10201 14 4096 52
10301 34 4096 75
10401 13 4096 64
10501 33 4096 72
10601 5 4096 82
10701 42 4096 70
10801 15 4096 79
10901 40 4096 64
11001 7 4096 93
11101 27 4096 75
11201 20 4096 73
11301 24 4096 99
11401 23 4096 91
11501 29 4096 57
