0 4 4096 43
99 46 4096 45
176 1 4096 47
266 45 4096 50
321 2 4096 47
403 43 4096 43
503 10 4096 42
566 37 4096 42
646 11 4096 40
706 36 4096 52
778 8 4096 46
828 39 4096 45
925 9 4096 46
1021 38 4096 51
1095 6 4096 51
1181 41 4096 43
1232 7 4096 45
1312 44 4096 42
1406 3 4096 62
1487 42 4096 50
1552 5 4096 55
1649 23 4096 46
1708 25 4096 41
1782 22 4096 45
1870 27 4096 30
1941 20 4096 53
2029 24 4096 53
2120 18 4096 53
2188 35 4096 45
2249 12 4096 53
2310 33 4096 41
2372 14 4096 42
2453 34 4096 48
2503 13 4096 45
2563 31 4096 56
2619 16 4096 53
2674 32 4096 52
2768 40 4096 47
2830 26 4096 55
2885 21 4096 44
2964 29 4096 29
3035 15 4096 47
3126 30 4096 57
3216 17 4096 48
3293 28 4096 53
3344 19 4096 61
3442 1 4096 43
3496 45 4096 43
3595 2 4096 46
3656 46 4096 60
3746 3 4096 49
3802 44 4096 49
3852 4 4096 52
3945 37 4096 38
4024 10 4096 54
4086 39 4096 38
4160 8 4096 41
4249 36 4096 48
4310 11 4096 50
4410 38 4096 48
4510 9 4096 51
4571 41 4096 41
4637 6 4096 53
4713 43 4096 46
4805 5 4096 47
4901 42 4096 48
4960 24 4096 48
5034 22 4096 55
5133 25 4096 46
5203 23 4096 41
5274 27 4096 42
5360 20 4096 44
5454 26 4096 42
5511 21 4096 42
5586 29 4096 54
5671 12 4096 60
5732 35 4096 41
5808 14 4096 43
5888 33 4096 40
5950 13 4096 48
6042 34 4096 40
6125 15 4096 41
6176 32 4096 51
6250 40 4096 42
6303 7 4096 45
6371 17 4096 60
6448 31 4096 39
6532 16 4096 50
6591 30 4096 31
6671 18 4096 50
6745 28 4096 45
6840 19 4096 50
6916 25 4096 57
6979 22 4096 41
7030 24 4096 46
7093 46 4096 52
7149 1 4096 38
7231 45 4096 50
7291 2 4096 48
7379 43 4096 60
7459 10 4096 53
7546 37 4096 44
7611 8 4096 38
7696 36 4096 44
7779 11 4096 38
7852 39 4096 42
7903 9 4096 52
7969 38 4096 60
8069 6 4096 44
8123 41 4096 47
8208 7 4096 53
8274 44 4096 42
8364 3 4096 54
8444 42 4096 43
8543 4 4096 35
8594 23 4096 50
8666 27 4096 43
8731 20 4096 48
8794 29 4096 55
8869 12 4096 47
8926 35 4096 53
9019 14 4096 43
9115 34 4096 62
9203 13 4096 50
9270 33 4096 49
9370 16 4096 66
9428 32 4096 61
9522 40 4096 38
