0 23 4096 43
99 37 4096 45
176 10 4096 47
266 41 4096 50
321 6 4096 47
403 46 4096 43
503 4 4096 42
566 47 4096 42
646 8 4096 40
706 36 4096 52
778 34 4096 46
828 40 4096 45
925 11 4096 46
1021 39 4096 51
1095 7 4096 51
1181 45 4096 43
1232 24 4096 45
1312 42 4096 42
1406 22 4096 62
1487 25 4096 50
1552 18 4096 55
1649 43 4096 46
1708 28 4096 41
1782 44 4096 45
1870 14 4096 30
1941 35 4096 53
2029 5 4096 53
2120 38 4096 53
2188 9 4096 45
2249 29 4096 53
2310 20 4096 41
2372 27 4096 42
2453 19 4096 48
2503 33 4096 45
2563 16 4096 56
2619 31 4096 53
2674 15 4096 52
2768 32 4096 47
2830 26 4096 55
2885 21 4096 44
2964 17 4096 29
3035 30 4096 47
3126 37 4096 57
3216 10 4096 48
3293 39 4096 53
3344 6 4096 61
3442 46 4096 43
3496 28 4096 43
3595 11 4096 46
3656 36 4096 60
3746 4 4096 49
3802 47 4096 49
3852 29 4096 52
3945 45 4096 38
4024 5 4096 54
4086 44 4096 38
4160 14 4096 41
4249 41 4096 48
4310 8 4096 50
4410 25 4096 48
4510 9 4096 51
4571 38 4096 41
4637 7 4096 53
4713 35 4096 46
4805 15 4096 47
4901 42 4096 48
4960 22 4096 48
5034 27 4096 55
5133 23 4096 46
5203 40 4096 41
5274 18 4096 42
5360 34 4096 44
5454 16 4096 42
5511 43 4096 42
5586 20 4096 54
5671 24 4096 60
5732 33 4096 41
5808 30 4096 43
5888 17 4096 40
5950 31 4096 48
6042 21 4096 40
6125 26 4096 41
6176 19 4096 51
6250 32 4096 42
6303 37 4096 45
6371 10 4096 60
6448 39 4096 39
6532 6 4096 50
6591 45 4096 31
6671 28 4096 50
6745 8 4096 45
6840 36 4096 50
6916 7 4096 57
6979 47 4096 41
7030 29 4096 46
7093 46 4096 52
7149 4 4096 38
7231 43 4096 50
7291 11 4096 48
7379 38 4096 60
7459 34 4096 53
7546 41 4096 44
7611 22 4096 38
7696 25 4096 44
7779 23 4096 38
7852 40 4096 42
7903 18 4096 52
7969 35 4096 60
8069 5 4096 44
8123 44 4096 47
8208 14 4096 53
8274 42 4096 42
8364 9 4096 54
8444 27 4096 43
8543 20 4096 35
8594 24 4096 50
8666 33 4096 43
8731 16 4096 48
8794 31 4096 55
8869 15 4096 47
8926 32 4096 53
9019 26 4096 43
9115 21 4096 62
9203 30 4096 50
9270 17 4096 49
9370 19 4096 66
9428 37 4096 61
9522 10 4096 38
