0 12 4096 64
100 45 4096 67
200 2 4096 70
300 43 4096 75
400 10 4096 70
500 37 4096 64
600 8 4096 63
700 39 4096 63
800 22 4096 60
900 25 4096 78
1000 6 4096 69
1100 41 4096 67
1200 4 4096 69
1300 35 4096 76
1400 14 4096 76
1500 33 4096 64
1600 36 4096 67
1699 11 4096 63
1797 38 4096 93
1894 9 4096 75
1989 40 4096 82
2081 1 4096 69
2169 46 4096 61
2251 3 4096 67
2327 44 4096 45
2394 13 4096 79
2452 34 4096 79
2501 5 4096 79
2540 42 4096 67
2571 15 4096 79
2594 20 4096 61
2612 27 4096 63
2628 18 4096 72
2644 29 4096 67
2662 16 4096 84
2685 31 4096 79
2715 24 4096 78
2752 7 4096 70
2798 26 4096 82
2852 23 4096 66
2915 28 4096 43
2985 21 4096 70
3062 30 4096 85
3144 17 4096 72
3231 32 4096 79
3321 19 4096 91
3414 36 4096 64
3509 11 4096 64
3606 38 4096 69
3704 9 4096 90
3803 40 4096 73
3902 1 4096 73
4001 46 4096 78
4101 3 4096 57
4201 44 4096 81
4301 5 4096 57
4401 42 4096 61
4501 13 4096 72
4601 10 4096 75
4701 37 4096 72
4801 8 4096 76
4901 39 4096 61
5001 6 4096 79
5101 41 4096 69
5201 22 4096 70
5301 25 4096 72
5401 20 4096 72
5501 43 4096 82
5601 2 4096 69
5701 45 4096 61
5801 12 4096 63
5901 35 4096 66
6001 4 4096 63
6101 33 4096 63
6201 14 4096 81
6301 23 4096 90
6401 24 4096 61
6501 7 4096 64
6601 34 4096 60
6701 15 4096 72
6801 32 4096 60
6901 27 4096 61
7001 18 4096 76
7101 29 4096 63
7201 16 4096 67
7301 31 4096 90
7401 26 4096 58
7501 21 4096 75
7601 28 4096 46
7701 19 4096 75
7801 30 4096 67
7901 17 4096 75
8001 46 4096 85
8101 1 4096 61
8201 44 4096 69
8301 3 4096 78
8401 42 4096 57
8501 11 4096 75
8601 36 4096 72
8701 9 4096 90
8801 38 4096 79
8901 23 4096 66
9001 2 4096 57
9101 45 4096 66
9201 4 4096 57
9301 37 4096 63
9401 10 4096 78
9501 39 4096 90
9601 8 4096 66
9701 41 4096 70
9801 22 4096 79
9901 25 4096 63
10001 6 4096 81
10101 43 4096 64
10201 12 4096 52
10301 35 4096 75
10401 14 4096 64
10501 33 4096 72
10601 16 4096 82
10701 31 4096 70
10801 20 4096 79
10901 27 4096 64
11001 18 4096 93
11101 29 4096 75
11201 34 4096 73
11301 5 4096 99
11401 24 4096 91
11501 7 4096 57
