0 14 4096 129
100 46 4096 135
200 2 4096 141
300 45 4096 150
400 1 4096 141
500 35 4096 129
600 12 4096 126
700 44 4096 126
800 4 4096 120
900 37 4096 156
1000 10 4096 138
1100 36 4096 135
1200 11 4096 138
1300 39 4096 153
1400 8 4096 153
1500 38 4096 129
1600 9 4096 135
1699 25 4096 126
1797 6 4096 186
1894 41 4096 150
1989 22 4096 165
2081 27 4096 138
2169 7 4096 123
2251 43 4096 135
2327 3 4096 90
2394 42 4096 159
2452 13 4096 159
2501 34 4096 159
2540 5 4096 135
2571 33 4096 159
2594 16 4096 123
2612 24 4096 126
2628 20 4096 144
2644 40 4096 135
2662 23 4096 168
2685 29 4096 159
2715 18 4096 156
2752 26 4096 141
2798 21 4096 165
2852 28 4096 132
2915 15 4096 87
2985 32 4096 141
3062 17 4096 171
3144 31 4096 144
3231 19 4096 159
3321 30 4096 183
3414 1 4096 129
3509 46 4096 129
3606 2 4096 138
3704 45 4096 180
3803 12 4096 147
3902 35 4096 147
4001 4 4096 156
4101 37 4096 114
4201 10 4096 162
4301 36 4096 114
4401 8 4096 123
4501 39 4096 144
4601 11 4096 150
4701 25 4096 144
4801 9 4096 153
4901 38 4096 123
5001 6 4096 159
5101 41 4096 138
5201 22 4096 141
5301 24 4096 144
5401 20 4096 144
5501 27 4096 165
5601 7 4096 138
5701 43 4096 123
5801 3 4096 126
5901 44 4096 132
6001 5 4096 126
6101 42 4096 126
6201 14 4096 162
6301 33 4096 180
6401 13 4096 123
6501 34 4096 129
6601 16 4096 120
6701 31 4096 144
6801 15 4096 120
6901 40 4096 123
7001 23 4096 153
7101 26 4096 126
7201 18 4096 135
7301 29 4096 180
7401 21 4096 117
7501 28 4096 150
7601 19 4096 93
7701 32 4096 150
7801 17 4096 135
7901 30 4096 150
8001 2 4096 171
8101 46 4096 123
8201 1 4096 138
8301 45 4096 156
8401 4 4096 114
8501 37 4096 150
8601 10 4096 144
8701 36 4096 180
8801 8 4096 159
8901 39 4096 132
9001 11 4096 114
9101 38 4096 132
9201 22 4096 114
9301 25 4096 126
9401 9 4096 156
9501 41 4096 180
9601 6 4096 132
9701 35 4096 141
9801 12 4096 159
9901 43 4096 126
10001 3 4096 162
10101 44 4096 129
10201 14 4096 105
10301 34 4096 150
10401 13 4096 129
10501 33 4096 144
10601 5 4096 165
10701 42 4096 141
10801 15 4096 159
10901 40 4096 129
11001 7 4096 186
11101 27 4096 150
11201 20 4096 147
11301 24 4096 198
11401 23 4096 183
11501 29 4096 114
