0 5 4096 43
99 46 4096 45
176 6 4096 47
266 39 4096 50
321 11 4096 47
403 36 4096 43
503 4 4096 42
566 45 4096 42
646 1 4096 40
706 44 4096 52
778 24 4096 46
828 8 4096 45
925 41 4096 46
1021 9 4096 51
1095 43 4096 51
1181 2 4096 43
1232 35 4096 45
1312 12 4096 42
1406 40 4096 62
1487 22 4096 50
1552 25 4096 55
1649 7 4096 46
1708 42 4096 41
1782 3 4096 45
1870 34 4096 30
1941 14 4096 53
2029 23 4096 53
2120 38 4096 53
2188 20 4096 45
2249 27 4096 53
2310 32 4096 41
2372 13 4096 42
2453 33 4096 48
2503 16 4096 45
2563 29 4096 56
2619 18 4096 53
2674 26 4096 52
2768 21 4096 47
2830 31 4096 55
2885 15 4096 44
2964 30 4096 29
3035 17 4096 47
3126 19 4096 57
3216 28 4096 48
3293 11 4096 53
3344 39 4096 61
3442 4 4096 43
3496 45 4096 43
3595 1 4096 46
3656 46 4096 60
3746 6 4096 49
3802 36 4096 49
3852 8 4096 52
3945 41 4096 38
4024 2 4096 54
4086 35 4096 38
4160 3 4096 41
4249 44 4096 48
4310 7 4096 50
4410 38 4096 48
4510 22 4096 51
4571 25 4096 41
4637 5 4096 53
4713 43 4096 46
4805 12 4096 47
4901 33 4096 48
4960 24 4096 48
5034 9 4096 55
5133 40 4096 46
5203 20 4096 41
5274 42 4096 42
5360 14 4096 44
5454 34 4096 42
5511 13 4096 42
5586 23 4096 54
5671 27 4096 60
5732 21 4096 41
5808 26 4096 43
5888 31 4096 40
5950 15 4096 48
6042 32 4096 40
6125 16 4096 41
6176 29 4096 51
6250 18 4096 42
6303 28 4096 45
6371 19 4096 60
6448 17 4096 39
6532 30 4096 50
6591 2 4096 31
6671 45 4096 50
6745 6 4096 45
6840 39 4096 50
6916 11 4096 57
6979 36 4096 41
7030 4 4096 46
7093 46 4096 52
7149 1 4096 38
7231 35 4096 50
7291 7 4096 48
7379 25 4096 60
7459 8 4096 53
7546 38 4096 44
7611 5 4096 38
7696 44 4096 44
7779 12 4096 38
7852 43 4096 42
7903 9 4096 52
7969 41 4096 60
8069 22 4096 44
8123 27 4096 47
8208 34 4096 53
8274 3 4096 42
8364 33 4096 54
8444 14 4096 43
8543 23 4096 35
8594 40 4096 50
8666 20 4096 43
8731 24 4096 48
8794 42 4096 55
8869 13 4096 47
8926 32 4096 53
9019 16 4096 43
9115 26 4096 62
9203 21 4096 50
9270 29 4096 49
9370 18 4096 66
9428 31 4096 61
9522 15 4096 38
