0 4 4096 172
100 46 4096 180
200 1 4096 188
300 45 4096 200
400 2 4096 188
500 43 4096 172
600 10 4096 168
700 37 4096 168
800 11 4096 160
900 36 4096 208
1000 8 4096 184
1100 39 4096 180
1200 9 4096 184
1300 38 4096 204
1400 6 4096 204
1500 41 4096 172
1600 7 4096 180
1699 44 4096 168
1797 3 4096 248
1894 42 4096 200
1989 5 4096 220
2081 23 4096 184
2169 25 4096 164
2251 22 4096 180
2327 27 4096 120
2394 20 4096 212
2452 24 4096 212
2501 18 4096 212
2540 35 4096 180
2571 12 4096 212
2594 33 4096 164
2612 14 4096 168
2628 34 4096 192
2644 13 4096 180
2662 31 4096 224
2685 16 4096 212
2715 32 4096 208
2752 40 4096 188
2798 26 4096 220
2852 21 4096 176
2915 29 4096 116
2985 15 4096 188
3062 30 4096 228
3144 17 4096 192
3231 28 4096 212
3321 19 4096 244
3414 1 4096 172
3509 45 4096 172
3606 2 4096 184
3704 46 4096 240
3803 3 4096 196
3902 44 4096 196
4001 4 4096 208
4101 37 4096 152
4201 10 4096 216
4301 39 4096 152
4401 8 4096 164
4501 36 4096 192
4601 11 4096 200
4701 38 4096 192
4801 9 4096 204
4901 41 4096 164
5001 6 4096 212
5101 43 4096 184
5201 5 4096 188
5301 42 4096 192
5401 24 4096 192
5501 22 4096 220
5601 25 4096 184
5701 23 4096 164
5801 27 4096 168
5901 20 4096 176
6001 26 4096 168
6101 21 4096 168
6201 29 4096 216
6301 12 4096 240
6401 35 4096 164
6501 14 4096 172
6601 33 4096 160
6701 13 4096 192
6801 34 4096 160
6901 15 4096 164
7001 32 4096 204
7101 40 4096 168
7201 7 4096 180
7301 17 4096 240
7401 31 4096 156
7501 16 4096 200
7601 30 4096 124
7701 18 4096 200
7801 28 4096 180
7901 19 4096 200
8001 25 4096 228
8101 22 4096 164
8201 24 4096 184
8301 46 4096 208
8401 1 4096 152
8501 45 4096 200
8601 2 4096 192
8701 43 4096 240
8801 10 4096 212
8901 37 4096 176
9001 8 4096 152
9101 36 4096 176
9201 11 4096 152
9301 39 4096 168
9401 9 4096 208
9501 38 4096 240
9601 6 4096 176
9701 41 4096 188
9801 7 4096 212
9901 44 4096 168
10001 3 4096 216
10101 42 4096 172
10201 4 4096 140
10301 23 4096 200
10401 27 4096 172
10501 20 4096 192
10601 29 4096 220
10701 12 4096 188
10801 35 4096 212
10901 14 4096 172
11001 34 4096 248
11101 13 4096 200
11201 33 4096 196
11301 16 4096 264
11401 32 4096 244
11501 40 4096 152
