0 11 4096 43
99 37 4096 45
176 18 4096 47
266 41 4096 50
321 10 4096 47
403 39 4096 43
503 34 4096 42
566 13 4096 42
646 47 4096 40
706 1 4096 52
778 43 4096 46
828 5 4096 45
925 46 4096 46
1021 2 4096 51
1095 42 4096 51
1181 6 4096 43
1232 45 4096 45
1312 3 4096 42
1406 36 4096 62
1487 14 4096 50
1552 44 4096 55
1649 7 4096 46
1708 40 4096 41
1782 8 4096 45
1870 38 4096 30
1941 9 4096 53
2029 29 4096 53
2120 35 4096 53
2188 24 4096 45
2249 22 4096 53
2310 31 4096 41
2372 17 4096 42
2453 25 4096 48
2503 23 4096 45
2563 15 4096 56
2619 33 4096 53
2674 26 4096 52
2768 20 4096 47
2830 28 4096 55
2885 32 4096 44
2964 27 4096 29
3035 21 4096 47
3126 30 4096 57
3216 19 4096 48
3293 37 4096 53
3344 10 4096 61
3442 41 4096 43
3496 18 4096 43
3595 39 4096 46
3656 8 4096 60
3746 40 4096 49
3802 34 4096 49
3852 1 4096 52
3945 47 4096 38
4024 5 4096 54
4086 43 4096 38
4160 2 4096 41
4249 46 4096 48
4310 6 4096 50
4410 29 4096 48
4510 11 4096 51
4571 36 4096 41
4637 35 4096 53
4713 14 4096 46
4805 45 4096 47
4901 3 4096 48
4960 42 4096 48
5034 7 4096 55
5133 44 4096 46
5203 13 4096 41
5274 22 4096 42
5360 25 4096 44
5454 9 4096 42
5511 38 4096 42
5586 32 4096 54
5671 15 4096 60
5732 33 4096 41
5808 24 4096 43
5888 20 4096 40
5950 28 4096 48
6042 23 4096 40
6125 27 4096 41
6176 19 4096 51
6250 31 4096 42
6303 17 4096 45
6371 26 4096 60
6448 21 4096 39
6532 30 4096 50
6591 1 4096 31
6671 47 4096 50
6745 6 4096 45
6840 41 4096 50
6916 10 4096 57
6979 37 4096 41
7030 18 4096 46
7093 40 4096 52
7149 8 4096 38
7231 39 4096 50
7291 34 4096 48
7379 13 4096 60
7459 45 4096 53
7546 2 4096 44
7611 43 4096 38
7696 5 4096 44
7779 46 4096 38
7852 3 4096 42
7903 42 4096 52
7969 24 4096 60
8069 11 4096 44
8123 36 4096 47
8208 19 4096 53
8274 14 4096 42
8364 44 4096 54
8444 7 4096 43
8543 29 4096 35
8594 9 4096 50
8666 38 4096 43
8731 22 4096 48
8794 31 4096 55
8869 17 4096 47
8926 25 4096 53
9019 20 4096 43
9115 28 4096 62
9203 35 4096 50
9270 15 4096 49
9370 33 4096 66
9428 26 4096 61
9522 23 4096 38
