0 27 4096 43
100 10 4096 45
200 37 4096 47
300 6 4096 50
400 47 4096 47
500 17 4096 43
600 45 4096 42
700 1 4096 42
800 35 4096 40
900 14 4096 52
1000 43 4096 46
1100 5 4096 45
1200 46 4096 46
1300 2 4096 51
1400 42 4096 51
1500 11 4096 43
1600 39 4096 45
1699 7 4096 42
1797 36 4096 62
1894 22 4096 50
1989 41 4096 55
2081 9 4096 46
2169 25 4096 41
2251 30 4096 45
2327 3 4096 30
2394 44 4096 53
2452 13 4096 53
2501 34 4096 53
2540 40 4096 45
2571 28 4096 53
2594 23 4096 41
2612 38 4096 42
2628 18 4096 48
2644 24 4096 45
2662 33 4096 56
2685 29 4096 53
2715 21 4096 52
2752 26 4096 47
2798 31 4096 55
2852 15 4096 44
2915 32 4096 29
2985 19 4096 47
3062 37 4096 57
3144 10 4096 48
3231 25 4096 53
3321 22 4096 61
3414 41 4096 43
3509 6 4096 43
3606 47 4096 46
3704 2 4096 60
3803 35 4096 49
3902 5 4096 49
4001 36 4096 52
4101 18 4096 38
4201 39 4096 54
4301 11 4096 38
4401 24 4096 41
4501 45 4096 48
4601 7 4096 50
4701 43 4096 48
4801 1 4096 51
4901 46 4096 41
5001 13 4096 53
5101 42 4096 46
5201 9 4096 47
5301 29 4096 48
5401 23 4096 48
5501 38 4096 55
5601 34 4096 46
5701 3 4096 41
5801 31 4096 42
5901 17 4096 44
6001 44 4096 42
6101 14 4096 42
6201 33 4096 54
6301 26 4096 60
6401 40 4096 41
6501 30 4096 43
6601 27 4096 40
6701 21 4096 48
6801 15 4096 40
6901 32 4096 41
7001 28 4096 51
7101 19 4096 42
7201 37 4096 45
7301 10 4096 60
7401 41 4096 39
7501 6 4096 50
7601 47 4096 31
7701 1 4096 50
7801 46 4096 45
7901 2 4096 50
8001 35 4096 57
8101 13 4096 41
8201 43 4096 46
8301 5 4096 52
8401 45 4096 38
8501 3 4096 50
8601 33 4096 48
8701 14 4096 60
8801 42 4096 53
8901 7 4096 44
9001 39 4096 38
9101 11 4096 44
9201 25 4096 38
9301 22 4096 42
9401 40 4096 52
9501 30 4096 60
9601 36 4096 44
9701 9 4096 47
9801 27 4096 53
9901 23 4096 42
10001 29 4096 54
10101 18 4096 43
10201 38 4096 35
10301 21 4096 50
10401 24 4096 43
10501 34 4096 48
10601 17 4096 55
10701 31 4096 47
10801 15 4096 53
10901 44 4096 43
11001 26 4096 62
11101 19 4096 50
11201 28 4096 49
11301 32 4096 66
11401 2 4096 61
11501 47 4096 38
