0 25 4096 43
99 26 4096 45
176 41 4096 47
266 31 4096 50
321 21 4096 47
403 46 4096 43
503 12 4096 42
566 15 4096 42
646 28 4096 40
706 43 4096 52
778 9 4096 46
828 47 4096 45
925 1 4096 46
1021 39 4096 51
1095 29 4096 51
1181 30 4096 43
1232 44 4096 45
1312 22 4096 42
1406 36 4096 62
1487 27 4096 50
1552 17 4096 55
1649 7 4096 46
1708 33 4096 41
1782 34 4096 45
1870 13 4096 30
1941 14 4096 53
2029 40 4096 53
2120 18 4096 53
2188 20 4096 45
2249 11 4096 53
2310 24 4096 41
2372 38 4096 42
2453 16 4096 48
2503 19 4096 45
2563 32 4096 56
2619 35 4096 53
2674 37 4096 52
2768 3 4096 47
2830 5 4096 55
2885 42 4096 44
2964 45 4096 29
3035 23 4096 47
3126 36 4096 57
3216 26 4096 48
3293 28 4096 53
3344 19 4096 61
3442 20 4096 43
3496 34 4096 43
3595 12 4096 46
3656 3 4096 60
3746 16 4096 49
3802 43 4096 49
3852 21 4096 52
3945 46 4096 38
4024 13 4096 54
4086 14 4096 38
4160 29 4096 41
4249 18 4096 48
4310 32 4096 50
4410 22 4096 48
4510 37 4096 51
4571 27 4096 41
4637 41 4096 53
4713 31 4096 46
4805 9 4096 47
4901 47 4096 48
4960 1 4096 48
5034 38 4096 55
5133 40 4096 46
5203 42 4096 41
5274 44 4096 42
5360 23 4096 44
5454 24 4096 42
5511 15 4096 42
5586 17 4096 54
5671 7 4096 60
5732 33 4096 41
5808 35 4096 43
5888 25 4096 40
5950 39 4096 48
6042 5 4096 40
6125 30 4096 41
6176 45 4096 51
6250 11 4096 42
6303 13 4096 45
6371 27 4096 60
6448 41 4096 39
6532 18 4096 50
6591 44 4096 31
6671 35 4096 50
6745 12 4096 45
6840 38 4096 50
6916 17 4096 57
6979 43 4096 41
7030 45 4096 46
7093 47 4096 52
7149 1 4096 38
7231 39 4096 50
7291 28 4096 48
7379 30 4096 60
7459 20 4096 53
7546 11 4096 44
7611 36 4096 38
7696 3 4096 44
7779 40 4096 38
7852 19 4096 42
7903 32 4096 52
7969 23 4096 60
8069 25 4096 44
8123 26 4096 47
8208 29 4096 53
8274 31 4096 42
8364 9 4096 54
8444 46 4096 43
8543 37 4096 35
8594 14 4096 50
8666 5 4096 43
8731 7 4096 48
8794 33 4096 55
8869 34 4096 47
8926 24 4096 53
9019 15 4096 43
9115 16 4096 62
9203 42 4096 50
9270 21 4096 49
9370 22 4096 66
9428 37 4096 61
9522 14 4096 38
