0 14 1.2 5 90
99 3 1.68 7 40
176 16 0.69 8 70
266 9 0.46 4 30
321 22 0.57 3 100
403 7 0.31 6 50
503 44 0.5 6 10
566 11 1.68 2 20
646 26 1.54 2 50
706 13 1.08 4 70
778 4 1.2 3 90
828 21 0.91 6 60
925 36 1.37 4 20
1021 25 0.99 4 10
1095 42 1.92 7 100
1181 27 1.83 2 10
1232 12 2.0 8 40
1312 19 0.97 3 20
1406 32 1.92 7 30
1487 17 0.87 4 90
1552 24 0.64 2 90
1649 37 0.39 6 10
1708 6 1.69 8 50
1782 41 1.02 2 50
1870 10 1.2 6 20
1941 35 0.75 5 10
2029 18 0.73 5 50
2120 29 1.85 5 60
2188 2 1.47 3 90
2249 1 1.66 2 50
2310 40 0.39 2 80
2372 23 0.36 4 100
2453 30 0.94 5 10
2503 39 0.33 4 40
2563 20 0.15 4 40
2619 43 1.41 7 70
2674 34 1.74 6 10
2768 33 1.76 7 60
2830 46 0.78 2 50
2885 45 1.14 2 10
2964 38 0.69 3 60
3035 15 0.17 8 60
3126 28 1.6 4 40
3216 31 1.42 5 50
3293 8 1.37 4 30
3344 5 2.0 2 40
3442 2 1.36 2 10
3496 43 1.21 2 80
3595 6 1.67 6 70
3656 9 1.06 8 50
3746 28 0.5 6 80
3802 3 1.3 6 30
3852 40 1.4 5 100
3945 35 0.7 4 30
4024 22 1.78 4 60
4086 13 0.79 6 60
4160 24 1.35 4 60
4249 11 0.17 5 40
4310 20 1.72 3 30
4410 25 1.34 5 50
4510 12 1.43 4 10
4571 21 1.05 6 60
4637 42 0.64 5 90
4713 31 1.75 8 20
