0 31 1.2 5 90
99 16 1.68 7 40
176 23 0.69 8 70
266 47 0.46 4 30
321 2 0.57 3 100
403 17 0.31 6 50
503 34 0.5 6 10
566 44 1.68 2 20
646 10 1.54 2 50
706 43 1.08 4 70
778 30 1.2 3 90
828 36 0.91 6 60
925 21 1.37 4 20
1021 27 0.99 4 10
1095 18 1.92 7 100
1181 37 1.83 2 10
1232 32 2.0 8 40
1312 28 0.97 3 20
1406 19 1.92 7 30
1487 25 0.87 4 90
1552 20 0.64 2 90
1649 45 0.39 6 10
1708 9 1.69 8 50
1782 29 1.02 2 50
1870 8 1.2 6 20
1941 13 0.75 5 10
2029 6 0.73 5 50
2120 38 1.85 5 60
2188 22 1.47 3 90
2249 41 1.66 2 50
2310 4 0.39 2 80
2372 40 0.36 4 100
2453 33 0.94 5 10
2503 15 0.33 4 40
2563 5 0.15 4 40
2619 46 1.41 7 70
2674 7 1.74 6 10
2768 39 1.76 7 60
2830 35 0.78 2 50
2885 26 1.14 2 10
2964 11 0.69 3 60
3035 42 0.17 8 60
3126 3 1.6 4 40
3216 14 1.42 5 50
3293 1 1.37 4 30
3344 24 2.0 2 40
3442 6 1.36 2 10
3496 45 1.21 2 80
3595 35 1.67 6 70
3656 40 1.06 8 50
3746 18 0.5 6 80
3802 13 1.3 6 30
3852 9 1.4 5 100
3945 29 0.7 4 30
4024 11 1.78 4 60
4086 37 0.79 6 60
4160 32 1.35 4 60
4249 16 0.17 5 40
4310 1 1.72 3 30
4410 17 1.34 5 50
4510 4 1.43 4 10
4571 47 1.05 6 60
4637 19 0.64 5 90
4713 27 1.75 8 20
