0 36 1.2 5 90
99 47 1.68 7 40
176 30 0.69 8 70
266 3 0.46 4 30
321 20 0.57 3 100
403 5 0.31 6 50
503 40 0.5 6 10
566 17 1.68 2 20
646 28 1.54 2 50
706 35 1.08 4 70
778 8 1.2 3 90
828 43 0.91 6 60
925 32 1.37 4 20
1021 11 0.99 4 10
1095 14 1.92 7 100
1181 33 1.83 2 10
1232 12 2.0 8 40
1312 21 0.97 3 20
1406 26 1.92 7 30
1487 31 0.87 4 90
1552 1 0.64 2 90
1649 19 0.39 6 10
1708 46 1.69 8 50
1782 45 1.02 2 50
1870 22 1.2 6 20
1941 13 0.75 5 10
2029 18 0.73 5 50
2120 29 1.85 5 60
2188 44 1.47 3 90
2249 27 1.66 2 50
2310 10 0.39 2 80
2372 39 0.36 4 100
2453 24 0.94 5 10
2503 9 0.33 4 40
2563 4 0.15 4 40
2619 37 1.41 7 70
2674 42 1.74 6 10
2768 41 1.76 7 60
2830 16 0.78 2 50
2885 25 1.14 2 10
2964 38 0.69 3 60
3035 15 0.17 8 60
3126 34 1.6 4 40
3216 23 1.42 5 50
3293 6 1.37 4 30
3344 7 2.0 2 40
3442 34 1.36 2 10
3496 21 1.21 2 80
3595 8 1.67 6 70
3656 3 1.06 8 50
3746 18 0.5 6 80
3802 15 1.3 6 30
3852 16 1.4 5 100
3945 33 0.7 4 30
4024 38 1.78 4 60
4086 41 0.79 6 60
4160 6 1.35 4 60
4249 43 0.17 5 40
4310 22 1.72 3 30
4410 23 1.34 5 50
4510 46 1.43 4 10
4571 13 1.05 6 60
4637 20 0.64 5 90
4713 31 1.75 8 20
4805 24 0.04 2 50
4901 29 0.03 3 100
4960 44 1.39 8 50
5034 19 1.18 2 100
5133 26 0.01 6 30
5203 17 0.76 4 50
5274 10 0.21 7 50
5360 11 1.6 2 50
5454 36 0.77 8 10
5511 45 1.04 8 10
5586 28 1.71 6 100
5671 5 1.68 2 40
5732 1 1.96 8 60
5808 39 0.33 2 10
5888 30 1.68 3 100
5950 27 0.11 8 70
6042 12 1.04 2 100
6125 47 0.92 3 40
6176 42 0.08 8 40
6250 9 1.61 4 80
6303 32 0.37 8 40
6371 35 1.55 4 100
6448 4 1.07 4 60
6532 25 0.2 2 20
6591 40 1.76 7 20
6671 37 1.87 6 80
6745 14 0.93 2 60
6840 7 0.61 8 50
6916 4 1.13 7 70
6979 29 1.34 4 60
7030 42 1.48 3 70
7093 17 1.4 8 60
7149 28 1.43 8 80
7231 31 1.75 3 90
7291 46 0.5 8 70
7379 21 1.17 5 50
7459 24 1.53 7 90
7546 41 1.0 4 100
7611 36 1.39 2 60
7696 37 1.0 7 80
7779 6 0.02 8 60
7852 15 0.35 2 70
7903 20 1.71 3 50
7969 35 0.7 7 10
8069 14 1.3 8 80
8123 23 1.88 7 60
8208 22 0.16 4 20
8274 27 0.12 3 10
8364 32 1.47 3 50
8444 5 0.97 6 60
8543 30 1.18 5 60
8594 13 1.13 4 40
8666 26 0.21 7 70
8731 33 0.47 6 90
8794 8 1.68 3 50
8869 9 1.36 7 100
8926 10 1.87 5 80
9019 19 0.72 7 10
9115 38 1.44 7 60
9203 3 1.38 6 10
9270 1 1.37 8 40
9370 39 1.04 8 20
9428 40 0.07 7 20
9522 45 0.31 2 20
