0 35 1.2 5 90
99 37 1.68 7 40
176 11 0.69 8 70
266 18 0.46 4 30
321 27 0.57 3 100
403 14 0.31 6 50
503 1 0.5 6 10
566 15 1.68 2 20
646 13 1.54 2 50
706 16 1.08 4 70
778 34 1.2 3 90
828 20 0.91 6 60
925 32 1.37 4 20
1021 39 0.99 4 10
1095 8 1.92 7 100
1181 22 1.83 2 10
1232 9 2.0 8 40
1312 44 0.97 3 20
1406 6 1.92 7 30
1487 45 0.87 4 90
1552 24 0.64 2 90
1649 36 0.39 6 10
1708 25 1.69 8 50
1782 47 1.02 2 50
1870 10 1.2 6 20
1941 3 0.75 5 10
2029 4 0.73 5 50
2120 43 1.85 5 60
2188 12 1.47 3 90
2249 21 1.66 2 50
2310 28 0.39 2 80
2372 46 0.36 4 100
2453 30 0.94 5 10
2503 42 0.33 4 40
2563 7 0.15 4 40
2619 41 1.41 7 70
2674 29 1.74 6 10
2768 19 1.76 7 60
2830 31 0.78 2 50
2885 38 1.14 2 10
2964 33 0.69 3 60
3035 17 0.17 8 60
3126 26 1.6 4 40
3216 23 1.42 5 50
3293 5 1.37 4 30
3344 40 2.0 2 40
3442 12 1.36 2 10
3496 47 1.21 2 80
3595 24 1.67 6 70
3656 22 1.06 8 50
3746 31 0.5 6 80
3802 41 1.3 6 30
3852 30 1.4 5 100
3945 3 0.7 4 30
4024 13 1.78 4 60
4086 44 0.79 6 60
4160 10 1.35 4 60
4249 20 0.17 5 40
4310 25 1.72 3 30
4410 16 1.34 5 50
4510 4 1.43 4 10
4571 14 1.05 6 60
4637 33 0.64 5 90
4713 39 1.75 8 20
4805 7 0.04 2 50
4901 15 0.03 3 100
4960 32 1.39 8 50
5034 43 1.18 2 100
5133 1 0.01 6 30
5203 42 0.76 4 50
5274 28 0.21 7 50
5360 36 1.6 2 50
5454 26 0.77 8 10
5511 38 1.04 8 10
5586 5 1.71 6 100
5671 45 1.68 2 40
5732 9 1.96 8 60
5808 17 0.33 2 10
5888 27 1.68 3 100
5950 19 0.11 8 70
6042 11 1.04 2 100
6125 23 0.92 3 40
6176 35 0.08 8 40
6250 21 1.61 4 80
6303 6 0.37 8 40
6371 37 1.55 4 100
6448 34 1.07 4 60
6532 18 0.2 2 20
6591 29 1.76 7 20
6671 40 1.87 6 80
6745 8 0.93 2 60
6840 46 0.61 8 50
6916 25 1.13 7 70
6979 37 1.34 4 60
7030 9 1.48 3 70
7093 16 1.4 8 60
7149 35 1.43 8 80
7231 18 1.75 3 90
7291 4 0.5 8 70
7379 19 1.17 5 50
7459 11 1.53 7 90
7546 23 1.0 4 100
7611 27 1.39 2 60
7696 40 1.0 7 80
7779 10 0.02 8 60
7852 3 0.35 2 70
7903 34 1.71 3 50
7969 44 0.7 7 10
8069 7 1.3 8 80
8123 38 1.88 7 60
8208 30 0.16 4 20
8274 36 0.12 3 10
8364 12 1.47 3 50
8444 15 0.97 6 60
8543 1 1.18 5 60
8594 20 1.13 4 40
8666 33 0.21 7 70
8731 21 0.47 6 90
8794 28 1.68 3 50
8869 47 1.36 7 100
8926 24 1.87 5 80
9019 45 0.72 7 10
9115 31 1.44 7 60
9203 42 1.38 6 10
9270 13 1.37 8 40
9370 39 1.04 8 20
9428 6 0.07 7 20
9522 46 0.31 2 20
