0 7 4096 90
99 15 4096 40
176 4 4096 70
266 29 4096 30
321 19 4096 100
403 42 4096 50
503 16 4096 10
566 3 4096 20
646 13 4096 50
706 47 4096 70
778 25 4096 90
828 14 4096 60
925 17 4096 20
1021 45 4096 10
1095 11 4096 100
1181 32 4096 10
1232 24 4096 40
1312 36 4096 20
1406 18 4096 30
1487 28 4096 90
1552 6 4096 90
1649 31 4096 10
1708 12 4096 50
1782 38 4096 50
1870 23 4096 20
1941 41 4096 10
2029 22 4096 50
2120 44 4096 60
2188 20 4096 90
2249 37 4096 50
2310 27 4096 80
2372 33 4096 100
2453 5 4096 10
2503 43 4096 40
2563 10 4096 40
2619 34 4096 70
2674 1 4096 10
2768 40 4096 60
2830 21 4096 50
2885 39 4096 10
2964 9 4096 60
3035 30 4096 60
3126 8 4096 40
3216 35 4096 50
3293 26 4096 30
3344 46 4096 40
3442 18 4096 10
3496 37 4096 80
3595 5 4096 70
3656 34 4096 50
3746 20 4096 80
3802 39 4096 30
3852 23 4096 100
3945 30 4096 30
4024 17 4096 60
4086 36 4096 60
4160 11 4096 60
4249 35 4096 40
4310 4 4096 30
4410 45 4096 50
4510 10 4096 10
4571 40 4096 60
4637 19 4096 90
4713 42 4096 20
4805 13 4096 50
4901 29 4096 100
4960 12 4096 50
5034 38 4096 100
5133 22 4096 30
5203 41 4096 50
5274 7 4096 50
5360 44 4096 50
5454 9 4096 10
5511 28 4096 10
5586 6 4096 100
5671 43 4096 40
5732 25 4096 60
5808 31 4096 10
5888 26 4096 100
5950 32 4096 70
6042 16 4096 100
6125 3 4096 40
6176 21 4096 40
6250 33 4096 80
6303 8 4096 40
6371 47 4096 100
6448 24 4096 60
6532 46 4096 20
6591 27 4096 20
6671 15 4096 80
6745 1 4096 60
6840 14 4096 50
6916 5 4096 70
6979 36 4096 60
7030 19 4096 70
7093 40 4096 60
7149 25 4096 80
7231 41 4096 90
7291 7 4096 70
7379 38 4096 50
7459 22 4096 90
7546 43 4096 100
7611 21 4096 60
7696 29 4096 80
7779 10 4096 60
7852 37 4096 70
7903 26 4096 50
7969 46 4096 10
8069 24 4096 80
8123 45 4096 60
8208 8 4096 20
8274 33 4096 10
8364 1 4096 50
8444 39 4096 60
8543 17 4096 60
8594 32 4096 40
8666 6 4096 70
8731 14 4096 90
8794 13 4096 50
8869 15 4096 100
8926 18 4096 80
9019 3 4096 10
9115 27 4096 60
9203 30 4096 10
9270 4 4096 40
9370 31 4096 20
9428 16 4096 20
9522 47 4096 20
