0 4 4096 43
99 6 4096 45
176 36 4096 47
266 46 4096 50
321 15 4096 47
403 11 4096 43
503 24 4096 42
566 31 4096 42
646 1 4096 40
706 23 4096 52
778 38 4096 46
828 42 4096 45
925 3 4096 46
1021 8 4096 51
1095 37 4096 51
1181 34 4096 43
1232 5 4096 45
1312 9 4096 42
1406 40 4096 62
1487 47 4096 50
1552 13 4096 55
1649 22 4096 46
1708 26 4096 41
1782 32 4096 45
1870 2 4096 30
1941 20 4096 53
2029 27 4096 53
2120 45 4096 53
2188 12 4096 45
2249 7 4096 53
2310 29 4096 41
2372 35 4096 42
2453 16 4096 48
2503 18 4096 45
2563 39 4096 56
2619 33 4096 53
2674 0 4096 52
2768 21 4096 47
2830 41 4096 55
2885 44 4096 44
2964 14 4096 29
3035 10 4096 47
3126 25 4096 57
3216 43 4096 48
3293 12 4096 53
3344 11 4096 61
3442 29 4096 43
3496 33 4096 43
3595 15 4096 46
3656 18 4096 60
3746 40 4096 49
3802 45 4096 49
3852 2 4096 52
3945 22 4096 38
4024 25 4096 54
4086 47 4096 38
4160 5 4096 41
4249 21 4096 48
4310 41 4096 50
4410 35 4096 48
4510 3 4096 51
4571 6 4096 41
4637 27 4096 53
4713 43 4096 46
4805 1 4096 47
4901 7 4096 48
4960 24 4096 48
5034 42 4096 55
5133 16 4096 46
5203 20 4096 41
5274 39 4096 42
5360 46 4096 44
5454 13 4096 42
5511 8 4096 42
5586 36 4096 54
5671 31 4096 60
5732 4 4096 41
5808 10 4096 43
5888 37 4096 40
5950 34 4096 48
6042 14 4096 40
6125 9 4096 41
6176 26 4096 51
6250 44 4096 42
6303 0 4096 45
6371 23 4096 60
6448 38 4096 39
6532 32 4096 50
6591 3 4096 31
6671 18 4096 50
6745 27 4096 45
6840 47 4096 50
6916 12 4096 57
6979 22 4096 41
7030 36 4096 46
7093 46 4096 52
7149 4 4096 38
7231 6 4096 50
7291 41 4096 48
7379 34 4096 60
7459 1 4096 53
7546 21 4096 44
7611 37 4096 38
7696 32 4096 44
7779 5 4096 38
7852 8 4096 42
7903 24 4096 52
7969 42 4096 60
8069 0 4096 44
8123 11 4096 47
8208 40 4096 53
8274 31 4096 42
8364 13 4096 54
8444 23 4096 43
8543 25 4096 35
8594 35 4096 50
8666 14 4096 43
8731 10 4096 48
8794 39 4096 55
8869 44 4096 47
8926 15 4096 53
9019 7 4096 43
9115 26 4096 62
9203 43 4096 50
9270 16 4096 49
9370 20 4096 66
9428 29 4096 61
9522 45 4096 38
