0 14 5.0 5 69
99 3 0.01 15 76
176 16 0.1 9 59
266 9 0.5 11 67
321 22 100.0 7 58
403 7 1.11 8 53
503 44 5.0 11 57
566 11 0.01 15 66
646 26 5.0 3 59
706 13 0.1 4 64
778 4 100.0 14 60
828 21 0.5 7 72
925 36 0.01 3 61
1021 25 100.0 15 63
1095 42 0.9 6 61
1181 27 10.0 6 67
1232 47 1.11 13 62
1312 19 10.0 13 69
1406 32 0.9 10 67
1487 17 5.0 14 61
1552 24 100.0 3 75
1649 37 0.01 9 73
1708 6 1.11 15 71
1782 41 1.11 11 73
1870 10 1.11 3 62
1941 35 5.0 16 69
2029 18 0.01 15 81
2120 29 0.1 13 56
2188 2 0.5 10 62
2249 1 1.11 6 64
2310 40 0.01 15 55
2372 23 0.5 15 50
