0 14 5.0 5 34
99 3 0.01 15 27
176 16 0.1 9 31
266 9 0.5 11 40
321 22 100.0 7 39
403 7 1.11 8 29
503 44 5.0 11 35
566 11 0.01 15 45
646 26 5.0 3 20
706 13 0.1 4 32
778 4 100.0 14 35
828 21 0.5 7 32
925 36 0.01 3 40
1021 25 100.0 15 33
1095 42 0.9 6 28
1181 27 10.0 6 31
1232 47 1.11 13 24
1312 19 10.0 13 35
1406 32 0.9 10 28
1487 17 5.0 14 39
1552 24 100.0 3 29
1649 37 0.01 9 26
1708 6 1.11 15 34
1782 41 1.11 11 18
1870 10 1.11 3 36
1941 35 5.0 16 26
2029 18 0.01 15 27
2120 29 0.1 13 30
2188 2 0.5 10 23
2249 1 1.11 6 32
2310 40 0.01 15 25
2372 23 0.5 15 41
2453 30 100.0 14 37
2503 39 0.5 11 32
2563 20 100.0 13 37
2619 43 5.0 15 28
2674 34 1.11 12 36
2768 33 0.5 13 26
2830 46 1.11 3 33
2885 45 100.0 11 34
2964 38 5.0 7 30
3035 15 10.0 14 37
3126 28 0.9 10 20
3216 31 0.1 16 30
3293 8 100.0 15 32
3344 5 10.0 7 33
3442 2 1.11 8 37
3496 43 5.0 3 37
3595 6 0.01 16 29
3656 9 100.0 3 30
3746 28 0.1 4 24
3802 3 1.11 7 36
3852 40 0.01 10 23
3945 35 0.01 12 31
4024 22 0.1 15 40
4086 13 10.0 5 28
4160 24 1.11 13 36
4249 11 0.9 13 32
4310 20 100.0 5 24
4410 25 0.9 8 28
4510 47 0.9 16 22
4571 21 0.1 5 38
4637 42 0.1 9 27
4713 31 1.11 8 27
