0 15 4096 43
99 17 4096 45
176 8 4096 47
266 36 4096 50
321 40 4096 47
403 33 4096 43
503 47 4096 42
566 4 4096 42
646 22 4096 40
706 38 4096 52
778 29 4096 46
828 45 4096 45
925 23 4096 46
1021 16 4096 51
1095 11 4096 51
1181 37 4096 43
1232 31 4096 45
1312 44 4096 42
1406 14 4096 62
1487 5 4096 50
1552 10 4096 55
1649 25 4096 46
1708 28 4096 41
1782 34 4096 45
1870 19 4096 30
1941 18 4096 53
2029 20 4096 53
2120 26 4096 53
2188 30 4096 45
2249 32 4096 53
2310 39 4096 41
2372 7 4096 42
2453 9 4096 48
2503 24 4096 45
2563 41 4096 56
2619 46 4096 53
2674 43 4096 52
2768 6 4096 47
2830 21 4096 55
2885 27 4096 44
2964 42 4096 29
3035 35 4096 47
3126 19 4096 57
3216 17 4096 48
3293 10 4096 53
3344 24 4096 61
3442 40 4096 43
3496 46 4096 43
3595 23 4096 46
3656 16 4096 60
3746 9 4096 49
3802 38 4096 49
3852 41 4096 52
3945 34 4096 38
4024 47 4096 54
4086 4 4096 38
4160 11 4096 41
4249 37 4096 48
4310 29 4096 50
4410 33 4096 48
4510 15 4096 51
4571 7 4096 41
4637 21 4096 53
4713 36 4096 46
4805 42 4096 47
4901 32 4096 48
4960 39 4096 48
5034 18 4096 55
5133 8 4096 46
5203 25 4096 41
5274 31 4096 42
5360 44 4096 44
5454 14 4096 42
5511 6 4096 42
5586 22 4096 54
5671 27 4096 60
5732 30 4096 41
5808 45 4096 43
5888 43 4096 40
5950 5 4096 48
6042 20 4096 40
6125 26 4096 41
6176 28 4096 51
6250 35 4096 42
6303 19 4096 45
6371 7 4096 60
6448 8 4096 39
6532 24 4096 50
6591 28 4096 31
6671 32 4096 50
6745 47 4096 45
6840 4 4096 50
6916 10 4096 57
6979 37 4096 41
7030 42 4096 46
7093 44 4096 52
7149 14 4096 38
7231 6 4096 50
7291 9 4096 48
7379 27 4096 60
7459 29 4096 53
7546 45 4096 44
7611 43 4096 38
7696 5 4096 44
7779 22 4096 38
7852 36 4096 42
7903 40 4096 52
7969 33 4096 60
8069 15 4096 44
8123 16 4096 47
8208 20 4096 53
8274 26 4096 42
8364 31 4096 54
8444 46 4096 43
8543 23 4096 35
8594 17 4096 50
8666 21 4096 43
8731 38 4096 48
8794 30 4096 55
8869 35 4096 47
8926 39 4096 53
9019 18 4096 43
9115 11 4096 62
9203 25 4096 50
9270 41 4096 49
9370 34 4096 66
9428 14 4096 61
9522 17 4096 38
