0 9 4096 43
99 21 4096 45
176 33 4096 47
266 44 4096 50
321 11 4096 47
403 15 4096 43
503 30 4096 42
566 42 4096 42
646 1 4096 40
706 17 4096 52
778 28 4096 46
828 40 4096 45
925 6 4096 46
1021 22 4096 51
1095 34 4096 51
1181 39 4096 43
1232 5 4096 45
1312 16 4096 42
1406 32 4096 62
1487 41 4096 50
1552 3 4096 55
1649 18 4096 46
1708 35 4096 41
1782 46 4096 45
1870 4 4096 30
1941 13 4096 53
2029 25 4096 53
2120 45 4096 53
2188 7 4096 45
2249 23 4096 53
2310 27 4096 41
2372 47 4096 42
2453 8 4096 48
2503 20 4096 45
2563 29 4096 56
2619 37 4096 53
2674 10 4096 52
2768 19 4096 47
2830 31 4096 55
2885 43 4096 44
2964 9 4096 29
3035 16 4096 47
3126 28 4096 57
3216 37 4096 48
3293 3 4096 53
3344 18 4096 61
3442 30 4096 43
3496 42 4096 43
3595 5 4096 46
3656 21 4096 60
3746 29 4096 49
3802 41 4096 49
3852 7 4096 52
3945 23 4096 38
4024 31 4096 54
4086 39 4096 38
4160 4 4096 41
4249 20 4096 48
4310 33 4096 50
4410 45 4096 48
4510 11 4096 51
4571 19 4096 41
4637 27 4096 53
4713 46 4096 46
4805 8 4096 47
4901 13 4096 48
4960 32 4096 48
5034 44 4096 55
5133 6 4096 46
5203 22 4096 41
5274 34 4096 42
5360 43 4096 44
5454 1 4096 42
5511 17 4096 42
5586 25 4096 54
5671 40 4096 60
5732 10 4096 41
5808 15 4096 43
5888 35 4096 40
5950 47 4096 48
6042 1 4096 40
6125 16 4096 41
6176 28 4096 51
6250 40 4096 42
6303 3 4096 45
6371 23 4096 60
6448 31 4096 39
6532 42 4096 50
6591 5 4096 31
6671 17 4096 50
6745 29 4096 45
6840 44 4096 50
6916 7 4096 57
6979 18 4096 41
7030 30 4096 46
7093 47 4096 52
7149 4 4096 38
7231 13 4096 50
7291 25 4096 48
7379 45 4096 60
7459 10 4096 53
7546 19 4096 44
7611 34 4096 38
7696 46 4096 44
7779 8 4096 38
7852 21 4096 42
7903 33 4096 52
7969 41 4096 60
8069 11 4096 44
8123 15 4096 47
8208 35 4096 53
8274 39 4096 42
8364 9 4096 54
8444 20 4096 43
8543 32 4096 35
8594 37 4096 50
8666 6 4096 43
8731 22 4096 48
8794 27 4096 55
8869 43 4096 47
8926 4 4096 53
9019 20 4096 43
9115 32 4096 62
9203 41 4096 50
9270 11 4096 49
9370 23 4096 66
9428 35 4096 61
9522 46 4096 38
