0 36 1.2 5 90
99 47 1.68 7 40
176 30 0.69 8 70
266 3 0.46 4 30
321 20 0.57 3 100
403 5 0.31 6 50
503 40 0.5 6 10
566 17 1.68 2 20
646 28 1.54 2 50
706 35 1.08 4 70
778 8 1.2 3 90
828 43 0.91 6 60
925 32 1.37 4 20
1021 11 0.99 4 10
1095 14 1.92 7 100
1181 33 1.83 2 10
1232 12 2.0 8 40
1312 21 0.97 3 20
1406 26 1.92 7 30
1487 31 0.87 4 90
1552 1 0.64 2 90
1649 19 0.39 6 10
1708 46 1.69 8 50
1782 45 1.02 2 50
1870 22 1.2 6 20
1941 13 0.75 5 10
2029 18 0.73 5 50
2120 29 1.85 5 60
2188 44 1.47 3 90
2249 27 1.66 2 50
2310 10 0.39 2 80
2372 39 0.36 4 100
2453 24 0.94 5 10
2503 9 0.33 4 40
2563 4 0.15 4 40
2619 37 1.41 7 70
2674 42 1.74 6 10
2768 41 1.76 7 60
2830 16 0.78 2 50
2885 25 1.14 2 10
2964 38 0.69 3 60
3035 15 0.17 8 60
3126 34 1.6 4 40
3216 23 1.42 5 50
3293 6 1.37 4 30
3344 7 2.0 2 40
3442 34 1.36 2 10
3496 21 1.21 2 80
3595 8 1.67 6 70
3656 3 1.06 8 50
3746 18 0.5 6 80
3802 15 1.3 6 30
3852 16 1.4 5 100
3945 33 0.7 4 30
4024 38 1.78 4 60
4086 41 0.79 6 60
4160 6 1.35 4 60
4249 43 0.17 5 40
4310 22 1.72 3 30
4410 23 1.34 5 50
4510 46 1.43 4 10
4571 13 1.05 6 60
4637 20 0.64 5 90
4713 31 1.75 8 20
