0 14 1.2 5 90
99 3 1.68 7 40
176 16 0.69 8 70
266 9 0.46 4 30
321 22 0.57 3 100
403 7 0.31 6 50
503 44 0.5 6 10
566 11 1.68 2 20
646 26 1.54 2 50
706 13 1.08 4 70
778 4 1.2 3 90
828 21 0.91 6 60
925 36 1.37 4 20
1021 25 0.99 4 10
1095 42 1.92 7 100
1181 27 1.83 2 10
1232 12 2.0 8 40
1312 19 0.97 3 20
1406 32 1.92 7 30
1487 17 0.87 4 90
1552 24 0.64 2 90
1649 37 0.39 6 10
1708 6 1.69 8 50
1782 41 1.02 2 50
1870 10 1.2 6 20
1941 35 0.75 5 10
2029 18 0.73 5 50
2120 29 1.85 5 60
2188 2 1.47 3 90
2249 1 1.66 2 50
2310 40 0.39 2 80
2372 23 0.36 4 100
2453 30 0.94 5 10
2503 39 0.33 4 40
2563 20 0.15 4 40
2619 43 1.41 7 70
2674 34 1.74 6 10
2768 33 1.76 7 60
2830 46 0.78 2 50
2885 45 1.14 2 10
2964 38 0.69 3 60
3035 15 0.17 8 60
3126 28 1.6 4 40
3216 31 1.42 5 50
3293 8 1.37 4 30
3344 5 2.0 2 40
3442 2 1.36 2 10
3496 43 1.21 2 80
3595 6 1.67 6 70
3656 9 1.06 8 50
3746 28 0.5 6 80
3802 3 1.3 6 30
3852 40 1.4 5 100
3945 35 0.7 4 30
4024 22 1.78 4 60
4086 13 0.79 6 60
4160 24 1.35 4 60
4249 11 0.17 5 40
4310 20 1.72 3 30
4410 25 1.34 5 50
4510 12 1.43 4 10
4571 21 1.05 6 60
4637 42 0.64 5 90
4713 31 1.75 8 20
4805 36 0.04 2 50
4901 39 0.03 3 100
4960 4 1.39 8 50
5034 45 1.18 2 100
5133 16 0.01 6 30
5203 23 0.76 4 50
5274 14 0.21 7 50
5360 19 1.6 2 50
5454 26 0.77 8 10
5511 29 1.04 8 10
5586 30 1.71 6 100
5671 27 1.68 2 40
5732 34 1.96 8 60
5808 7 0.33 2 10
5888 18 1.68 3 100
5950 41 0.11 8 70
6042 44 1.04 2 100
6125 1 0.92 3 40
6176 10 0.08 8 40
6250 5 1.61 4 80
6303 38 0.37 8 40
6371 33 1.55 4 100
6448 46 1.07 4 60
6532 17 0.2 2 20
6591 32 1.76 7 20
6671 15 1.87 6 80
6745 8 0.93 2 60
6840 37 0.61 8 50
6916 44 1.13 7 70
6979 45 1.34 4 60
7030 26 1.48 3 70
7093 17 1.4 8 60
7149 18 1.43 8 80
7231 1 1.75 3 90
7291 16 0.5 8 70
7379 29 1.17 5 50
7459 34 1.53 7 90
7546 33 1.0 4 100
7611 38 1.39 2 60
7696 5 1.0 7 80
7779 4 0.02 8 60
7852 3 0.35 2 70
7903 6 1.71 3 50
7969 31 0.7 7 10
8069 28 1.3 8 80
8123 19 1.88 7 60
8208 14 0.16 4 20
8274 21 0.12 3 10
8364 20 1.47 3 50
8444 9 0.97 6 60
8543 2 1.18 5 60
8594 35 1.13 4 40
8666 36 0.21 7 70
8731 37 0.47 6 90
8794 22 1.68 3 50
8869 41 1.36 7 100
8926 8 1.87 5 80
9019 43 0.72 7 10
9115 40 1.44 7 60
9203 39 1.38 6 10
9270 24 1.37 8 40
9370 23 1.04 8 20
9428 32 0.07 7 20
9522 27 0.31 2 20
