0 14 4096  34
99 3 4096  27
176 16 4096  31
266 9 4096  40
321 22 4096  39
403 7 4096  29
503 44 4096  35
566 11 4096  45
646 26 4096  20
706 13 4096  32
778 4 4096  35
828 21 4096  32
925 36 4096  40
1021 25 4096  33
1095 42 4096  28
1181 27 4096  31
1232 47 4096  24
1312 19 4096  35
1406 32 4096  28
1487 17 4096  39
1552 24 4096  29
1649 37 4096  26
1708 6 4096  34
1782 41 4096  18
1870 10 4096  36
1941 35 4096  26
2029 18 4096  27
2120 29 4096  30
2188 2 4096  23
2249 1 4096  32
2310 40 4096  25
2372 23 4096  41
2453 30 4096  37
2503 39 4096  32
2563 20 4096  37
2619 43 4096  28
2674 34 4096  36
2768 33 4096  26
2830 46 4096  33
2885 45 4096  34
2964 38 4096  30
3035 15 4096  37
3126 28 4096  20
3216 31 4096  30
3293 8 4096  32
3344 5 4096  33
3442 2 4096  37
3496 43 4096  37
3595 6 4096  29
3656 9 4096  30
3746 28 4096  24
3802 3 4096  36
3852 40 4096  23
3945 35 4096  31
4024 22 4096  40
4086 13 4096  28
4160 24 4096  36
4249 11 4096  32
4310 20 4096  24
4410 25 4096  28
4510 47 4096  22
4571 21 4096  38
4637 42 4096  27
4713 31 4096  27
4805 36 4096  25
4901 39 4096  22
4960 4 4096  32
5034 45 4096  32
5133 16 4096  24
5203 23 4096  39
5274 14 4096  28
5360 19 4096  31
5454 26 4096  32
5511 29 4096  36
5586 30 4096  47
5671 27 4096  41
5732 34 4096  32
5808 7 4096  33
5888 18 4096  45
5950 41 4096  32
6042 44 4096  31
6125 1 4096  26
6176 10 4096  28
6250 5 4096  25
6303 38 4096  33
6371 33 4096  29
6448 46 4096  33
6532 17 4096  26
6591 32 4096  32
6671 15 4096  40
6745 8 4096  37
6840 37 4096  46
6916 44 4096  28
6979 45 4096  38
7030 26 4096  30
7093 17 4096  35
