0 14 4096  69
99 3 4096  76
176 16 4096  59
266 9 4096  67
321 22 4096  58
403 7 4096  53
503 44 4096  57
566 11 4096  66
646 26 4096  59
706 13 4096  64
778 4 4096  60
828 21 4096  72
925 36 4096  61
1021 25 4096  63
1095 42 4096  61
1181 27 4096  67
1232 47 4096  62
1312 19 4096  69
1406 32 4096  67
1487 17 4096  61
1552 24 4096  75
1649 37 4096  73
1708 6 4096  71
1782 41 4096  73
1870 10 4096  62
1941 35 4096  69
2029 18 4096  81
2120 29 4096  56
2188 2 4096  62
2249 1 4096  64
2310 40 4096  55
2372 23 4096  50
2453 30 4096  65
2503 39 4096  51
2563 20 4096  78
2619 43 4096  49
2674 34 4096  54
2768 33 4096  62
2830 46 4096  66
2885 45 4096  59
2964 38 4096  51
3035 15 4096  66
3126 28 4096  63
3216 31 4096  92
3293 8 4096  80
3344 5 4096  59
3442 2 4096  57
3496 43 4096  59
3595 6 4096  61
3656 9 4096  55
3746 28 4096  76
3802 3 4096  77
3852 40 4096  61
3945 35 4096  66
4024 22 4096  81
4086 13 4096  78
4160 24 4096  67
4249 11 4096  68
4310 20 4096  63
4410 25 4096  56
4510 47 4096  51
4571 21 4096  58
4637 42 4096  84
4713 31 4096  75
4805 36 4096  53
4901 39 4096  45
4960 4 4096  57
5034 45 4096  67
5133 16 4096  61
5203 23 4096  67
5274 14 4096  60
5360 19 4096  48
5454 26 4096  63
5511 29 4096  76
5586 30 4096  61
5671 27 4096  59
5732 34 4096  66
5808 7 4096  64
5888 18 4096  76
5950 41 4096  67
6042 44 4096  68
6125 1 4096  76
6176 10 4096  62
6250 5 4096  68
6303 38 4096  52
6371 33 4096  67
6448 46 4096  62
6532 17 4096  60
6591 32 4096  60
6671 15 4096  73
6745 8 4096  66
6840 37 4096  70
6916 44 4096  58
6979 45 4096  57
7030 26 4096  63
7093 17 4096  71
7149 18 4096  70
7231 1 4096  67
7291 16 4096  76
7379 29 4096  61
7459 34 4096  55
7546 33 4096  51
7611 38 4096  94
7696 5 4096  63
7779 4 4096  61
7852 3 4096  66
7903 6 4096  61
7969 31 4096  74
8069 28 4096  67
8123 19 4096  52
8208 14 4096  54
8274 21 4096  70
8364 20 4096  47
8444 9 4096  58
8543 2 4096  58
8594 35 4096  59
8666 36 4096  65
8731 37 4096  71
8794 22 4096  60
8869 41 4096  66
8926 8 4096  53
9019 43 4096  78
9115 40 4096  75
9203 39 4096  51
9270 24 4096  73
9370 23 4096  78
9428 32 4096  76
9522 27 4096  65
