0 14 4096 90
99 3 4096 40
176 16 4096 70
266 9 4096 30
321 22 4096 100
403 7 4096 50
503 44 4096 10
566 11 4096 20
646 26 4096 50
706 13 4096 70
778 4 4096 90
828 21 4096 60
925 36 4096 20
1021 25 4096 10
1095 42 4096 100
1181 27 4096 10
1232 12 4096 40
1312 19 4096 20
1406 32 4096 30
1487 17 4096 90
1552 24 4096 90
1649 37 4096 10
1708 6 4096 50
1782 41 4096 50
1870 10 4096 20
1941 35 4096 10
2029 18 4096 50
2120 29 4096 60
2188 2 4096 90
2249 1 4096 50
2310 40 4096 80
2372 23 4096 100
2453 30 4096 10
2503 39 4096 40
2563 20 4096 40
2619 43 4096 70
2674 34 4096 10
2768 33 4096 60
2830 46 4096 50
2885 45 4096 10
2964 38 4096 60
3035 15 4096 60
3126 28 4096 40
3216 31 4096 50
3293 8 4096 30
3344 5 4096 40
3442 2 4096 10
3496 43 4096 80
3595 6 4096 70
3656 9 4096 50
3746 28 4096 80
3802 3 4096 30
3852 40 4096 100
3945 35 4096 30
4024 22 4096 60
4086 13 4096 60
4160 24 4096 60
4249 11 4096 40
4310 20 4096 30
4410 25 4096 50
4510 12 4096 10
4571 21 4096 60
4637 42 4096 90
4713 31 4096 20
4805 36 4096 50
4901 39 4096 100
4960 4 4096 50
5034 45 4096 100
5133 16 4096 30
5203 23 4096 50
5274 14 4096 50
5360 19 4096 50
5454 26 4096 10
5511 29 4096 10
5586 30 4096 100
5671 27 4096 40
5732 34 4096 60
5808 7 4096 10
5888 18 4096 100
5950 41 4096 70
6042 44 4096 100
6125 1 4096 40
6176 10 4096 40
6250 5 4096 80
6303 38 4096 40
6371 33 4096 100
6448 46 4096 60
6532 17 4096 20
6591 32 4096 20
6671 15 4096 80
6745 8 4096 60
6840 37 4096 50
6916 44 4096 70
6979 45 4096 60
7030 26 4096 70
7093 17 4096 60
7149 18 4096 80
7231 1 4096 90
7291 16 4096 70
7379 29 4096 50
7459 34 4096 90
7546 33 4096 100
7611 38 4096 60
7696 5 4096 80
7779 4 4096 60
7852 3 4096 70
7903 6 4096 50
7969 31 4096 10
8069 28 4096 80
8123 19 4096 60
8208 14 4096 20
8274 21 4096 10
8364 20 4096 50
8444 9 4096 60
8543 2 4096 60
8594 35 4096 40
8666 36 4096 70
8731 37 4096 90
8794 22 4096 50
8869 41 4096 100
8926 8 4096 80
9019 43 4096 10
9115 40 4096 60
9203 39 4096 10
9270 24 4096 40
9370 23 4096 20
9428 32 4096 20
9522 27 4096 20
