0 14 5.0 5 43
99 3 0.01 15 45
176 16 0.1 9 47
266 9 0.5 11 50
321 22 100.0 7 47
403 7 1.11 8 43
503 44 5.0 11 42
566 11 0.01 15 42
646 26 5.0 3 40
706 13 0.1 4 52
778 4 100.0 14 46
828 21 0.5 7 45
925 36 0.01 3 46
1021 25 100.0 15 51
1095 42 0.9 6 51
1181 27 10.0 6 43
1232 47 1.11 13 45
1312 19 10.0 13 42
1406 32 0.9 10 62
1487 17 5.0 14 50
1552 24 100.0 3 55
1649 37 0.01 9 46
1708 6 1.11 15 41
1782 41 1.11 11 45
1870 10 1.11 3 30
1941 35 5.0 16 53
2029 18 0.01 15 53
2120 29 0.1 13 53
2188 2 0.5 10 45
2249 1 1.11 6 53
2310 40 0.01 15 41
2372 23 0.5 15 42
