0 20 4096 43
99 38 4096 45
176 14 4096 47
266 34 4096 50
321 3 4096 47
403 37 4096 43
503 15 4096 42
566 45 4096 42
646 23 4096 40
706 27 4096 52
778 29 4096 46
828 35 4096 45
925 21 4096 46
1021 26 4096 51
1095 40 4096 51
1181 33 4096 43
1232 10 4096 45
1312 39 4096 42
1406 30 4096 62
1487 46 4096 50
1552 11 4096 55
1649 5 4096 46
1708 41 4096 41
1782 47 4096 45
1870 2 4096 30
1941 7 4096 53
2029 43 4096 53
2120 44 4096 53
2188 9 4096 45
2249 6 4096 53
2310 31 4096 41
2372 32 4096 42
2453 8 4096 48
2503 36 4096 45
2563 42 4096 56
2619 19 4096 53
2674 1 4096 52
2768 25 4096 47
2830 28 4096 55
2885 18 4096 44
2964 22 4096 29
3035 24 4096 47
3126 13 4096 57
3216 17 4096 48
3293 20 4096 53
3344 24 4096 61
3442 30 4096 43
3496 35 4096 43
3595 3 4096 46
3656 5 4096 60
3746 14 4096 49
3802 19 4096 49
3852 22 4096 52
3945 38 4096 38
4024 28 4096 54
4086 17 4096 38
4160 21 4096 41
4249 6 4096 48
4310 41 4096 50
4410 44 4096 48
4510 8 4096 51
4571 7 4096 41
4637 15 4096 53
4713 47 4096 46
4805 2 4096 47
4901 37 4096 48
4960 13 4096 48
5034 34 4096 55
5133 23 4096 46
5203 27 4096 41
5274 42 4096 42
5360 33 4096 44
5454 9 4096 42
5511 39 4096 42
5586 31 4096 54
5671 32 4096 60
5732 1 4096 41
5808 26 4096 43
5888 29 4096 40
5950 18 4096 48
6042 10 4096 40
6125 25 4096 41
6176 40 4096 51
6250 46 4096 42
6303 11 4096 45
6371 36 4096 60
6448 43 4096 39
6532 45 4096 50
6591 3 4096 31
6671 6 4096 50
6745 43 4096 45
6840 44 4096 50
6916 20 4096 57
6979 39 4096 41
7030 15 4096 46
7093 18 4096 52
7149 9 4096 38
7231 5 4096 50
7291 28 4096 48
7379 46 4096 60
7459 8 4096 53
7546 27 4096 44
7611 41 4096 38
7696 33 4096 44
7779 21 4096 38
7852 38 4096 42
7903 31 4096 52
7969 34 4096 60
8069 23 4096 44
8123 26 4096 47
8208 13 4096 53
8274 17 4096 42
8364 11 4096 54
8444 7 4096 43
8543 14 4096 35
8594 45 4096 50
8666 10 4096 43
8731 37 4096 48
8794 30 4096 55
8869 47 4096 47
8926 22 4096 53
9019 25 4096 43
9115 42 4096 62
9203 32 4096 50
9270 1 4096 49
9370 36 4096 66
9428 40 4096 61
9522 35 4096 38
