0 14 4096  43
99 3 4096  45
176 16 4096  47
266 9 4096  50
321 22 4096  47
403 7 4096  43
503 44 4096  42
566 11 4096  42
646 26 4096  40
706 13 4096  52
778 4 4096  46
828 21 4096  45
925 36 4096  46
1021 25 4096  51
1095 42 4096  51
1181 27 4096  43
1232 47 4096  45
1312 19 4096  42
1406 32 4096  62
1487 17 4096  50
1552 24 4096  55
1649 37 4096  46
1708 6 4096  41
1782 41 4096  45
1870 10 4096  30
1941 35 4096  53
2029 18 4096  53
2120 29 4096  53
2188 2 4096  45
2249 1 4096  53
2310 40 4096  41
2372 23 4096  42
2453 30 4096  48
2503 39 4096  45
2563 20 4096  56
2619 43 4096  53
2674 34 4096  52
2768 33 4096  47
2830 46 4096  55
2885 45 4096  44
2964 38 4096  29
3035 15 4096  47
3126 28 4096  57
3216 31 4096  48
3293 8 4096  53
3344 5 4096  61
3442 2 4096  43
3496 43 4096  43
3595 6 4096  46
3656 9 4096  60
3746 28 4096  49
3802 3 4096  49
3852 40 4096  52
3945 35 4096  38
4024 22 4096  54
4086 13 4096  38
4160 24 4096  41
4249 11 4096  48
4310 20 4096  50
4410 25 4096  48
4510 47 4096  51
4571 21 4096  41
4637 42 4096  53
4713 31 4096  46
4805 36 4096  47
4901 39 4096  48
4960 4 4096  48
5034 45 4096  55
5133 16 4096  46
5203 23 4096  41
5274 14 4096  42
5360 19 4096  44
5454 26 4096  42
5511 29 4096  42
5586 30 4096  54
5671 27 4096  60
5732 34 4096  41
5808 7 4096  43
5888 18 4096  40
5950 41 4096  48
6042 44 4096  40
6125 1 4096  41
6176 10 4096  51
6250 5 4096  42
6303 38 4096  45
6371 33 4096  60
6448 46 4096  39
6532 17 4096  50
6591 32 4096  31
6671 15 4096  50
6745 8 4096  45
6840 37 4096  50
6916 44 4096  57
6979 45 4096  41
7030 26 4096  46
7093 17 4096  52
7149 18 4096  38
7231 1 4096  50
7291 16 4096  48
7379 29 4096  60
7459 34 4096  53
7546 33 4096  44
7611 38 4096  38
7696 5 4096  44
7779 4 4096  38
7852 3 4096  42
7903 6 4096  52
7969 31 4096  60
8069 28 4096  44
8123 19 4096  47
8208 14 4096  53
8274 21 4096  42
8364 20 4096  54
8444 9 4096  43
8543 2 4096  35
8594 35 4096  50
8666 36 4096  43
8731 37 4096  48
8794 22 4096  55
8869 41 4096  47
8926 8 4096  53
9019 43 4096  43
9115 40 4096  62
9203 39 4096  50
9270 24 4096  49
9370 23 4096  66
9428 32 4096  61
9522 27 4096  38
