0 14 5.0 5 16
99 3 0.01 15 10
176 16 0.1 9 15
266 9 0.5 11 16
321 22 100.0 7 16
403 7 1.11 8 18
503 44 5.0 11 20
566 11 0.01 15 21
646 26 5.0 3 15
706 13 0.1 4 19
778 4 100.0 14 15
828 21 0.5 7 8
925 36 0.01 3 16
1021 25 100.0 15 11
1095 42 0.9 6 14
1181 27 10.0 6 8
1232 47 1.11 13 21
1312 19 10.0 13 15
1406 32 0.9 10 17
1487 17 5.0 14 18
1552 24 100.0 3 22
1649 37 0.01 9 16
1708 6 1.11 15 12
1782 41 1.11 11 12
1870 10 1.11 3 12
1941 35 5.0 16 15
2029 18 0.01 15 18
2120 29 0.1 13 15
2188 2 0.5 10 13
2249 1 1.11 6 10
2310 40 0.01 15 12
2372 23 0.5 15 15
2453 30 100.0 14 16
2503 39 0.5 11 8
2563 20 100.0 13 20
2619 43 5.0 15 16
2674 34 1.11 12 11
2768 33 0.5 13 12
2830 46 1.11 3 15
2885 45 100.0 11 17
2964 38 5.0 7 24
3035 15 10.0 14 12
3126 28 0.9 10 14
3216 31 0.1 16 15
3293 8 100.0 15 17
3344 5 10.0 7 15
3442 2 1.11 8 19
3496 43 5.0 3 19
3595 6 0.01 16 13
3656 9 100.0 3 14
3746 28 0.1 4 14
3802 3 1.11 7 13
3852 40 0.01 10 14
3945 35 0.01 12 17
4024 22 0.1 15 10
4086 13 10.0 5 17
4160 24 1.11 13 15
4249 11 0.9 13 11
4310 20 100.0 5 16
4410 25 0.9 8 20
4510 47 0.9 16 13
4571 21 0.1 5 13
4637 42 0.1 9 12
4713 31 1.11 8 13
