0 14 4096  16
99 3 4096  10
176 16 4096  15
266 9 4096  16
321 22 4096  16
403 7 4096  18
503 44 4096  20
566 11 4096  21
646 26 4096  15
706 13 4096  19
778 4 4096  15
828 21 4096  8
925 36 4096  16
1021 25 4096  11
1095 42 4096  14
1181 27 4096  8
1232 47 4096  21
1312 19 4096  15
1406 32 4096  17
1487 17 4096  18
1552 24 4096  22
1649 37 4096  16
1708 6 4096  12
1782 41 4096  12
1870 10 4096  12
1941 35 4096  15
2029 18 4096  18
2120 29 4096  15
2188 2 4096  13
2249 1 4096  10
2310 40 4096  12
2372 23 4096  15
2453 30 4096  16
2503 39 4096  8
2563 20 4096  20
2619 43 4096  16
2674 34 4096  11
2768 33 4096  12
2830 46 4096  15
2885 45 4096  17
2964 38 4096  24
3035 15 4096  12
3126 28 4096  14
3216 31 4096  15
3293 8 4096  17
3344 5 4096  15
3442 2 4096  19
3496 43 4096  19
3595 6 4096  13
3656 9 4096  14
3746 28 4096  14
3802 3 4096  13
3852 40 4096  14
3945 35 4096  17
4024 22 4096  10
4086 13 4096  17
4160 24 4096  15
4249 11 4096  11
4310 20 4096  16
4410 25 4096  20
4510 47 4096  13
4571 21 4096  13
4637 42 4096  12
4713 31 4096  13
4805 36 4096  22
4901 39 4096  12
4960 4 4096  14
5034 45 4096  17
5133 16 4096  19
5203 23 4096  18
5274 14 4096  15
5360 19 4096  26
5454 26 4096  20
5511 29 4096  27
5586 30 4096  21
5671 27 4096  13
5732 34 4096  16
5808 7 4096  25
5888 18 4096  13
5950 41 4096  17
6042 44 4096  15
6125 1 4096  16
6176 10 4096  8
6250 5 4096  18
6303 38 4096  16
6371 33 4096  17
6448 46 4096  13
6532 17 4096  12
6591 32 4096  12
6671 15 4096  9
6745 8 4096  12
6840 37 4096  19
6916 44 4096  18
6979 45 4096  14
7030 26 4096  17
7093 17 4096  18
7149 18 4096  19
7231 1 4096  16
7291 16 4096  15
7379 29 4096  20
7459 34 4096  16
7546 33 4096  14
7611 38 4096  11
7696 5 4096  11
7779 4 4096  18
7852 3 4096  16
7903 6 4096  14
7969 31 4096  20
8069 28 4096  20
8123 19 4096  19
8208 14 4096  20
8274 21 4096  14
8364 20 4096  11
8444 9 4096  14
8543 2 4096  15
8594 35 4096  14
8666 36 4096  25
8731 37 4096  13
8794 22 4096  18
8869 41 4096  17
8926 8 4096  9
9019 43 4096  28
9115 40 4096  18
9203 39 4096  9
9270 24 4096  19
9370 23 4096  19
9428 32 4096  15
9522 27 4096  15
