0 14 0.95 6 90
99 3 1.41 4 40
176 16 0.41 8 70
266 9 0.21 7 30
321 22 1.37 5 100
403 7 0.85 3 50
503 44 1.42 8 10
566 11 0.15 6 20
646 26 0.06 6 50
706 13 0.04 4 70
778 4 1.88 3 90
828 21 1.31 3 60
925 36 1.0 6 20
1021 25 0.19 8 10
1095 42 0.14 4 100
1181 27 1.01 7 10
1232 12 0.12 4 40
1312 19 2.0 5 20
1406 32 1.8 3 30
1487 17 0.47 3 90
1552 24 0.22 4 90
1649 37 0.83 5 10
1708 6 0.21 5 50
1782 41 1.3 3 50
1870 10 1.57 3 20
1941 35 0.82 5 10
2029 18 1.94 8 50
2120 29 0.98 8 60
2188 2 0.45 4 90
2249 1 1.94 4 50
2310 40 0.14 3 80
2372 23 0.6 6 100
