0 14 1.2 5 90
99 3 1.68 7 40
176 16 0.69 8 70
266 9 0.46 4 30
321 22 0.57 3 100
403 7 0.31 6 50
503 44 0.5 6 10
566 11 1.68 2 20
646 26 1.54 2 50
706 13 1.08 4 70
778 4 1.2 3 90
828 21 0.91 6 60
925 36 1.37 4 20
1021 25 0.99 4 10
1095 42 1.92 7 100
1181 27 1.83 2 10
1232 12 2.0 8 40
1312 19 0.97 3 20
1406 32 1.92 7 30
1487 17 0.87 4 90
1552 24 0.64 2 90
1649 37 0.39 6 10
1708 6 1.69 8 50
1782 41 1.02 2 50
1870 10 1.2 6 20
1941 35 0.75 5 10
2029 18 0.73 5 50
2120 29 1.85 5 60
2188 2 1.47 3 90
2249 1 1.66 2 50
2310 40 0.39 2 80
2372 23 0.36 4 100
