0 21 4096 43
99 34 4096 45
176 43 4096 47
266 32 4096 50
321 20 4096 47
403 4 4096 43
503 10 4096 42
566 44 4096 42
646 40 4096 40
706 37 4096 52
778 30 4096 46
828 45 4096 45
925 22 4096 46
1021 16 4096 51
1095 1 4096 51
1181 27 4096 43
1232 12 4096 45
1312 17 4096 42
1406 2 4096 62
1487 18 4096 50
1552 31 4096 55
1649 39 4096 46
1708 13 4096 41
1782 19 4096 45
1870 23 4096 30
1941 36 4096 53
2029 3 4096 53
2120 25 4096 53
2188 14 4096 45
2249 38 4096 53
2310 29 4096 41
2372 6 4096 42
2453 41 4096 48
2503 7 4096 45
2563 15 4096 56
2619 46 4096 53
2674 42 4096 52
2768 33 4096 47
2830 11 4096 55
2885 24 4096 44
2964 9 4096 29
3035 26 4096 47
3126 8 4096 57
3216 35 4096 48
3293 28 4096 53
3344 5 4096 61
3442 12 4096 43
3496 32 4096 43
3595 43 4096 46
3656 27 4096 60
3746 13 4096 49
3802 45 4096 49
3852 1 4096 52
3945 37 4096 38
4024 10 4096 54
4086 7 4096 38
4160 40 4096 41
4249 25 4096 48
4310 3 4096 50
4410 46 4096 48
4510 31 4096 51
4571 33 4096 41
4637 41 4096 53
4713 36 4096 46
4805 11 4096 47
4901 5 4096 48
4960 15 4096 48
5034 18 4096 55
5133 8 4096 46
5203 19 4096 41
5274 21 4096 42
5360 39 4096 44
5454 22 4096 42
5511 34 4096 42
5586 2 4096 54
5671 26 4096 60
5732 28 4096 41
5808 38 4096 43
5888 42 4096 40
5950 35 4096 48
6042 30 4096 40
6125 16 4096 41
6176 20 4096 51
6250 4 4096 42
6303 29 4096 45
6371 44 4096 60
6448 23 4096 39
6532 17 4096 50
6591 14 4096 31
6671 6 4096 50
6745 9 4096 45
6840 24 4096 50
6916 31 4096 57
6979 33 4096 41
7030 2 4096 46
7093 7 4096 52
7149 9 4096 38
7231 4 4096 50
7291 15 4096 48
7379 18 4096 60
7459 40 4096 53
7546 6 4096 44
7611 30 4096 38
7696 5 4096 44
7779 20 4096 38
7852 38 4096 42
7903 10 4096 52
7969 17 4096 60
8069 1 4096 44
8123 27 4096 47
8208 43 4096 53
8274 35 4096 42
8364 11 4096 54
8444 44 4096 43
8543 12 4096 35
8594 26 4096 50
8666 3 4096 43
8731 25 4096 48
8794 29 4096 55
8869 16 4096 47
8926 21 4096 53
9019 36 4096 43
9115 42 4096 62
9203 37 4096 50
9270 22 4096 49
9370 46 4096 66
9428 28 4096 61
9522 32 4096 38
