0 14 5.0 5 34
99 3 0.01 15 27
176 16 0.1 9 31
266 9 0.5 11 40
321 22 100.0 7 39
403 7 1.11 8 29
503 44 5.0 11 35
566 11 0.01 15 45
646 26 5.0 3 20
706 13 0.1 4 32
778 4 100.0 14 35
828 21 0.5 7 32
925 36 0.01 3 40
1021 25 100.0 15 33
1095 42 0.9 6 28
1181 27 10.0 6 31
1232 47 1.11 13 24
1312 19 10.0 13 35
1406 32 0.9 10 28
1487 17 5.0 14 39
1552 24 100.0 3 29
1649 37 0.01 9 26
1708 6 1.11 15 34
1782 41 1.11 11 18
1870 10 1.11 3 36
1941 35 5.0 16 26
2029 18 0.01 15 27
2120 29 0.1 13 30
2188 2 0.5 10 23
2249 1 1.11 6 32
2310 40 0.01 15 25
2372 23 0.5 15 41
