0 35 1.2 5 90
99 37 1.68 7 40
176 11 0.69 8 70
266 18 0.46 4 30
321 27 0.57 3 100
403 14 0.31 6 50
503 1 0.5 6 10
566 15 1.68 2 20
646 13 1.54 2 50
706 16 1.08 4 70
778 34 1.2 3 90
828 20 0.91 6 60
925 32 1.37 4 20
1021 39 0.99 4 10
1095 8 1.92 7 100
1181 22 1.83 2 10
1232 9 2.0 8 40
1312 44 0.97 3 20
1406 6 1.92 7 30
1487 45 0.87 4 90
1552 24 0.64 2 90
1649 36 0.39 6 10
1708 25 1.69 8 50
1782 47 1.02 2 50
1870 10 1.2 6 20
1941 3 0.75 5 10
2029 4 0.73 5 50
2120 43 1.85 5 60
2188 12 1.47 3 90
2249 21 1.66 2 50
2310 28 0.39 2 80
2372 46 0.36 4 100
2453 30 0.94 5 10
2503 42 0.33 4 40
2563 7 0.15 4 40
2619 41 1.41 7 70
2674 29 1.74 6 10
2768 19 1.76 7 60
2830 31 0.78 2 50
2885 38 1.14 2 10
2964 33 0.69 3 60
3035 17 0.17 8 60
3126 26 1.6 4 40
3216 23 1.42 5 50
3293 5 1.37 4 30
3344 40 2.0 2 40
3442 12 1.36 2 10
3496 47 1.21 2 80
3595 24 1.67 6 70
3656 22 1.06 8 50
3746 31 0.5 6 80
3802 41 1.3 6 30
3852 30 1.4 5 100
3945 3 0.7 4 30
4024 13 1.78 4 60
4086 44 0.79 6 60
4160 10 1.35 4 60
4249 20 0.17 5 40
4310 25 1.72 3 30
4410 16 1.34 5 50
4510 4 1.43 4 10
4571 14 1.05 6 60
4637 33 0.64 5 90
4713 39 1.75 8 20
