69
76
59
67
58
53
57
66
59
64
60
72
61
63
61
67
62
69
67
61
75
73
71
73
62
69
81
56
62
64
55
50
65
51
78
49
54
62
66
59
51
66
63
92
80
59
57
59
61
55
76
77
61
66
81
78
67
68
63
56
51
58
84
75
53
45
57
67
61
67
60
48
63
76
61
59
66
64
76
67
68
76
62
68
52
67
62
60
60
73
66
70
58
57
63
71
70
67
76
61
55
51
94
63
61
66
61
74
67
52
54
70
47
58
58
59
65
71
60
66
53
78
75
51
73
78
76
65