43
45
47
50
47
43
42
42
40
52
46
45
46
51
51
43
45
42
62
50
55
46
41
45
30
53
53
53
45
53
41
42
48
45
56
53
52
47
55
44
29
47
57
48
53
61
43
43
46
60
49
49
52
38
54
38
41
48
50
48
51
41
53
46
47
48
48
55
46
41
42
44
42
42
54
60
41
43
40
48
40
41
51
42
45
60
39
50
31
50
45
50
57
41
46
52
38
50
48
60
53
44
38
44
38
42
52
60
44
47
53
42
54
43
35
50
43
48
55
47
53
43
62
50
49
66
61
38