34
27
31
40
39
29
35
45
20
32
35
32
40
33
28
31
24
35
28
39
29
26
34
18
36
26
27
30
23
32
25
41
37
32
37
28
36
26
33
34
30
37
20
30
32
33
37
37
29
30
24
36
23
31
40
28
36
32
24
28
22
38
27
27
25
22
32
32
24
39
28
31
32
36
47
41
32
33
45
32
31
26
28
25
33
29
33
26
32
40
37
46
28
38
30
35
35
41
39
33
24
32
34
26
36
27
33
30
36
28
33
42
43
43
27
34
32
39
28
28
39
29
28
40
35
42
30
23