16
10
15
16
16
18
20
21
15
19
15
8
16
11
14
8
21
15
17
18
22
16
12
12
12
15
18
15
13
10
12
15
16
8
20
16
11
12
15
17
24
12
14
15
17
15
19
19
13
14
14
13
14
17
10
17
15
11
16
20
13
13
12
13
22
12
14
17
19
18
15
26
20
27
21
13
16
25
13
17
15
16
8
18
16
17
13
12
12
9
12
19
18
14
17
18
19
16
15
20
16
14
11
11
18
16
14
20
20
19
20
14
11
14
15
14
25
13
18
17
9
28
18
9
19
19
15
15